datetime,city,lat,lon,aqi_hour,dominantpol_aqi,pm25,pm10,no2,so2,co,o3,temperature,humidity,pressure,wind_speed,wind_gust,dew_point
2025-08-07T11:00:00+07:00,Hanoi,21.0491,105.8831,100,pm25,100,67,27,14,12,12,27,88,1008,2.3,12,25
2025-08-07T10:00:00+07:00,Bangkok,13.7563309,100.5017651,64,pm25,64,28,0.6,0.6,0.1,4.8,31.1,77,1007.3,1.5,,
2025-08-07T09:00:00+05:30,Delhi,28.6341,77.2005,65,pm10,61,65,2.8,4.6,1,23.9,29.599999999999998,67.60000000000001,986.6999999999999,0.4666666666666666,8.2,23
2025-08-07T09:00:00+05:30,Mumbai,19.0863,72.8888,75,pm25,75,40,1.3,14.8,0.7,11.5,26,99.92,1007.415,43.8,11.3,25
2025-08-07T13:00:00+09:00,Seoul,37.566535,126.9779692,56,o3,50,27,9.3,5.5,5.4,56.3,30.3,56.9,991.8,3,,
2025-08-07T12:00:00+08:00,Beijing,39.954592,116.468117,49,o3,30,11,5.5,1.1,3.7,49.2,33,52,1007,2.5,,
2025-08-07T11:00:00+08:00,Shanghai,31.2047372,121.4489017,65,pm25,65,23,5.1,4.1,6.4,39.4,34,57.5,1005,4.6,,
2025-08-07T12:00:00+09:00,Shinjuku (Tokyo),35.713889,139.705556,42,pm25,42,14,12.1,1.5,2.3,27.2,28.4,78,996.4,1.5,,24.2
2025-08-07T12:00:00+09:00,Osaka,34.6937378,135.5021651,46,pm25,46,30,18.6,1.5,2.3,29.6,30,76,1001,4.6,,
2025-08-07T03:00:00+02:00,Paris,48.856614,2.3522219,27,pm25,27,15,21.8,0.6,0.1,22.5,16,83,1019,1,,
2025-08-07T03:00:00+01:00,London,51.5073509,-0.1277583,42,pm25,42,19,2.7,0.5,0.8,21,15.5,76.7,1018.2,4.5,,
2025-08-07T06:00:00+02:00,Frankfurt,50.075464,8.576305,25,pm25,25,13,,0.5,0.1,2.2,14,76,1019.5,2.8,10.2,10
2025-08-07T05:00:00+02:00,Hamburg,53.564486,9.96834,34,pm25,34,14,17.9,1.6,0.1,6.1,13,96.5,1019,2,10.8,12.5
2025-08-07T07:00:00+03:00,Moscow,55.791842,37.578405,74,pm25,74,41,32.5,0.4,10.6,2.9,21.3,69.5,1015.7,1,2,
2025-08-07T11:00:00+08:00,Wuhan,30.593099,114.305393,38,pm25,38,12,9.6,4.1,8.2,,31,84,1005,2.5,,
2025-08-07T06:00:00+02:00,Warsaw (Poland),52.225171,21.014783,30,pm25,30,13,21.9,2,0.1,12,10,93,1023,1.5,,9
2025-08-07T12:00:00+09:30,Winnellie (Australia),-12.424323299931126,130.89335024356842,56,pm25,56,17,1.3,1,4.7,12.8,30.9,29,1009.4,6.54,,9.7
2025-08-07T09:00:00+05:30,Bangalore (India),13.0270199,77.494094,52,pm10,45,52,8,3.6,10.2,10.6,23,93.8,951.7266666666668,0.94,,21
2025-08-07T09:00:00+05:30,Chennai (India),13.1278,80.2642,62,pm25,62,54,3.3,1.6,16.4,,29.576666666666668,67.82333333333334,82983.23333333334,0.9366666666666665,9.2,26
2025-08-06T21:00:00-04:00,Boston,42.325184,-71.05608,85,pm25,85,24,3.8,0.3,3.4,12.8,18.8,89,1031,,,
2025-08-06T22:00:00-04:00,Georgia,33.68797,-84.29048,31,pm25,31,18,2.1,0.2,2.3,2.4,22.7,59.6,1024.6,0.3,0.2,
2025-08-06T21:00:00-07:00,Phoenix,33.403055555556,-112.07527777778,30,pm10,25,30,4.7,,1.2,25.6,42,13,1010.1,4.1,9.2,9
2025-08-07T09:00:00+05:30,Hyderabad (India),17.417094,78.457437,157,pm25,157,75,6.9,15.6,6.9,7.3,29,72.73666666666666,1011,0.4266666666666666,10.2,24
2025-08-06T21:00:00-06:00,Denver,39.732146,-105.015317,30,pm25,30,21,11,0.6,5.2,14.7,28.3333,27,1022.4,4,4,
2025-08-07T13:00:00+09:00,Daegu,35.8714354,128.601445,44,o3,25,13,8.3,2.9,4.3,44.2,7.1,71,1016,3.9,,
2025-08-07T13:00:00+09:00,Gyeonggi,37.4112,127.2579,71,o3,55,20,9.7,2.8,4.6,70.6,32,46,1002.7,3,,19
2025-08-07T12:00:00+09:00,Nagoya,35.1814464,136.906398,53,pm25,53,20,13.9,1.5,4.5,27.2,33.3,62,999.9,2,,
2025-08-07T13:00:00+09:00,Fukuoka,33.5903547,130.4017155,63,pm25,63,59,19.5,1.5,5.6,44.8,30.7,79,1003,4.3,,
2025-08-07T13:00:00+09:00,Kawasaki,35.5309058,139.7030511,31,o3,1,22,24.1,1.5,3.4,31.2,30,70,997,2,,
2025-08-07T11:00:00+08:00,Shenzhen,22.543099,114.057868,68,pm25,68,38,9.6,4.1,9.1,19.1,32.1,84,1010.4,5.6,,
2025-08-07T12:00:00+08:00,Zhongshan (Taiwan),25.062361,121.526528,72,pm25,72,38,13.5,1.9,4,60.6,35,61,1010,2.3,11.8,26.5
2025-08-07T11:00:00+08:00,Chongqing,29.56301,106.551557,72,pm25,72,30,13.3,1.6,5.5,41.5,32,74,1005,1.5,,
2025-08-07T06:00:00+03:00,Istanbul (Turkey),41.015278,29.025,53,pm25,53,27,3.1,1.1,14.3,44.9,24.4,72.3,1006.8,6.1,,19.1
2025-08-07T12:00:00+07:00,Hanoi,21.0491,105.8831,104,pm25,104,69,32,14,11,19,27.5,85.5,1007,2.5,12,25
2025-08-07T10:00:00+05:30,Delhi,28.6341,77.2005,74,pm25,74,73,3.8,4.5,1,30.6,31,63.4,986.7,1.3,8.2,23.5
2025-08-07T10:00:00+05:30,Mumbai,19.0863,72.8888,76,pm25,76,40,1.3,14.9,0.7,11.6,26,99.92,1007.505,43.65,11.3,24.5
2025-08-07T12:00:00+08:00,Shanghai,31.2047372,121.4489017,59,pm25,59,26,4.6,4.1,6.4,43.5,33.5,59,1005,4.1,,
2025-08-07T13:00:00+09:00,Osaka,34.6937378,135.5021651,50,pm25,50,19,16.7,4.3,0.1,39.2,29,74,1001,4.6,,
2025-08-07T04:00:00+01:00,London,51.5073509,-0.1277583,30,pm25,30,21,2.8,0.3,1,20.8,15,78.1,1017.5,4.7,,
2025-08-07T12:00:00+08:00,Wuhan,30.593099,114.305393,38,pm25,38,13,6.9,2.6,2.8,,30,84,1005,5.6,,
2025-08-07T13:00:00+09:30,Winnellie (Australia),-12.424323299931126,130.89335024356842,55,pm25,55,16,1,1.1,4.3,13.3,32.2,27.2,1008.2,9.05,,9.7
2025-08-07T10:00:00+05:30,Bangalore (India),13.0270199,77.494094,73,pm25,73,53,7.6,1,9.2,10.3,23,93.8,951.66,0.88,,21
2025-08-07T10:00:00+05:30,Chennai (India),13.1278,80.2642,75,pm25,75,61,3.2,2.1,7.1,,29.62,66.46,82983.6,1.5,9.2,26
2025-08-07T10:00:00+05:30,Hyderabad (India),17.417094,78.457437,148,pm25,148,73,11.4,15.7,9.9,7.9,29,71.6825,1011,0.39249999999999996,10.2,24
2025-08-07T12:00:00+08:00,Shenzhen,22.543099,114.057868,70,pm25,70,34,9.2,4.1,9.1,22.4,32.2,79.2,1010.3,6.6,,
2025-08-07T12:00:00+08:00,Chongqing,29.56301,106.551557,62,o3,61,23,8.7,2.1,5.5,61.7,34,63,1005,1.5,,
2025-08-07T07:00:00+03:00,Istanbul (Turkey),41.015278,29.025,52,pm25,52,26,9.1,1.1,14.2,46.8,23.9,69.1,1007.5,2,,17.9
2025-08-07T12:00:00+07:00,Bangkok,13.7563309,100.5017651,43,pm25,43,16,0.6,0.6,0.1,4.8,34.3,8.1,1009.4,2,,
2025-08-07T11:00:00+05:30,Delhi,28.6341,77.2005,87,pm25,87,76,4.3,4.2,1,29,32.1,62.5,986.6,0.3,8.2,24
2025-08-07T11:00:00+05:30,Mumbai,19.0863,72.8888,86,pm25,86,50,1.6,14.9,1.2,11.6,25.5,99.92,1007.7866666666665,43.46333333333333,11.3,25
2025-08-07T14:00:00+09:00,Seoul,37.566535,126.9779692,62,o3,42,27,9.3,4.5,4.9,61.8,31.3,53.7,991.2,2.5,,
2025-08-07T13:00:00+08:00,Beijing,39.954592,116.468117,48,o3,17,7,6,1.1,2.8,48,33,46,1006,1.5,,
2025-08-07T13:00:00+08:00,Shanghai,31.2047372,121.4489017,63,pm25,63,22,4.2,4.1,6.4,43.5,35,53,1005,3.6,,
2025-08-07T13:00:00+09:00,Shinjuku (Tokyo),35.713889,139.705556,25,pm25,25,13,21.3,1.5,2.3,21.6,29.7,71.1,994.8,1,,23.9
2025-08-07T14:00:00+09:00,Osaka,34.6937378,135.5021651,42,o3,38,14,22.3,5.8,0.1,41.6,30,70,1001,3,,
2025-08-07T04:00:00+02:00,Paris,48.856614,2.3522219,33,pm25,33,15,31,0.6,0.1,19.1,16,85.5,1019,1,,
2025-08-07T05:00:00+01:00,London,51.5073509,-0.1277583,42,pm25,42,21,3.2,0.3,1,24.8,15.4,78.5,1017.6,5.3,,
2025-08-07T07:00:00+02:00,Frankfurt,50.075464,8.576305,25,pm25,25,12,,0.5,0.1,2.8,14,79,1019,2.3,10.2,10.5
2025-08-07T07:00:00+02:00,Hamburg,53.564486,9.96834,38,pm25,38,15,15.1,1.6,0.1,6.1,14,87,1019,2,10.8,12
2025-08-07T08:00:00+03:00,Moscow,55.791842,37.578405,78,pm25,78,29,27,0.7,10.6,4.3,21.1,71,1016.1,6,8.5,
2025-08-07T13:00:00+08:00,Wuhan,30.593099,114.305393,42,pm25,42,13,7.4,2.6,1.9,,30,84,1004,4.6,,
2025-08-07T07:00:00+02:00,Warsaw (Poland),52.225171,21.014783,33,pm25,33,17,26,2,0.1,12,13,82,1023,1.2,,10
2025-08-07T14:00:00+09:30,Winnellie (Australia),-12.424323299931126,130.89335024356842,65,pm25,65,56,1,1.1,4.3,13.3,30.9,29.700000000000003,1007.4,8.235,,16.1
2025-08-07T11:00:00+05:30,Bangalore (India),13.0270199,77.494094,58,pm25,58,53,7.9,5.5,14.6,10.5,24,93.775,951.66,0.8975,,22
2025-08-07T11:00:00+05:30,Chennai (India),13.1278,80.2642,86,pm25,86,60,3.9,1.7,7.7,,29.66,65.595,82946.975,2.0375,9.2,26
2025-08-07T00:00:00-04:00,Boston,42.325184,-71.05608,88,pm25,88,30,6.5,0.3,4.5,16.8,18.8,86.5,1030.5,,,
2025-08-06T23:00:00-04:00,Georgia,33.68797,-84.29048,35,pm25,35,23,3.4,0.2,3.4,2.4,22,57.8,1024.2,0.3,1.2,
2025-08-06T22:00:00-07:00,Phoenix,33.403055555556,-112.07527777778,39,pm25,39,26,4.7,,3.4,16.8,40,15,1010.4,1.5,9.2,9
2025-08-07T11:00:00+05:30,Hyderabad (India),17.417094,78.457437,170,pm25,170,75,12.9,15.7,9.8,9.5,31,67.63000000000001,1011,0.4833333333333334,10.2,24
2025-08-06T22:00:00-06:00,Denver,39.732146,-105.015317,25,pm25,25,16,11,0.6,3.7,13.5,26.6667,29.5,1022.2,1,5,
2025-08-07T14:00:00+09:00,Daegu,35.8714354,128.601445,44,o3,30,8,7.9,3,4.3,44,7.1,71,1016,3.9,,
2025-08-07T14:00:00+09:00,Gyeonggi,37.4112,127.2579,76,o3,46,20,12.1,3.3,4.5,75.7,32,46,1002,3,,19
2025-08-07T13:00:00+09:00,Nagoya,35.1814464,136.906398,55,pm25,55,14,9.3,1.5,3.4,40.8,34.2,51,999.4,4,,
2025-08-07T14:00:00+09:00,Fukuoka,33.5903547,130.4017155,68,pm25,68,64,18.6,1.5,5.6,47.2,31,76.5,1002,5.6,,
2025-08-07T14:00:00+09:00,Kawasaki,35.5309058,139.7030511,46,o3,1,41,26,2.9,4.5,45.6,31,70,996,2.5,,
2025-08-07T13:00:00+08:00,Shenzhen,22.543099,114.057868,70,pm25,70,35,9.2,4.1,8.2,27.7,33,79,1009.6,6.6,,
2025-08-07T13:00:00+08:00,Zhongshan (Taiwan),25.062361,121.526528,68,pm25,68,31,11.1,1.9,3.2,57.7,34.5,64.5,1009.5,2.3,11.8,27
2025-08-07T13:00:00+08:00,Chongqing,29.56301,106.551557,94,o3,63,25,8.7,2.6,5.5,93.6,35,59,1004,1.5,,
2025-08-07T08:00:00+03:00,Istanbul (Turkey),41.015278,29.025,51,pm25,51,25,14.5,1.1,14.3,46.2,23.9,69.1,1007.5,2,,17.9
2025-08-07T13:00:00+07:00,Hanoi,21.0491,105.8831,104,pm25,104,68,36,13,9,21,29,83,1007,2,12,26
2025-08-07T13:00:00+07:00,Bangkok,13.7563309,100.5017651,56,pm25,56,24,0.6,0.6,0.1,4.8,34.4,62.7,1007.4,1.5,,
2025-08-07T12:00:00+05:30,Delhi,28.6341,77.2005,97,pm25,97,85,3.8,4.4,1,37.5,32.65,61.825,986.775,0.325,8.2,24
2025-08-07T12:00:00+05:30,Mumbai,19.0863,72.8888,90,pm25,90,53,1.4,14.7,0.8,11.8,26,99.92,1007.7533333333332,44.413333333333334,11.3,24.5
2025-08-07T15:00:00+09:00,Seoul,37.566535,126.9779692,59,o3,30,17,9.1,4.8,4.6,58.9,31.8,51.9,991,3.6,,
2025-08-07T14:00:00+08:00,Beijing,39.954592,116.468117,48,o3,13,6,6.9,1.1,2.8,47.6,34,41,1006,0.5,,
2025-08-07T14:00:00+08:00,Shanghai,31.2047372,121.4489017,61,pm25,61,26,4.6,1.6,6.4,51.9,34,55.5,1004,3.6,,
2025-08-07T14:00:00+09:00,Shinjuku (Tokyo),35.713889,139.705556,34,pm25,34,13,21.3,1.5,2.3,21.6,29.7,71.1,994.8,1,,23.9
2025-08-07T15:00:00+09:00,Osaka,34.6937378,135.5021651,49,o3,46,19,27.8,2.9,0.1,48.8,31,66,1000,3.6,,
2025-08-07T05:00:00+02:00,Paris,48.856614,2.3522219,36,pm25,36,22,34.8,0.6,0.1,14.9,20,72,1019,1,,
2025-08-07T06:00:00+01:00,London,51.5073509,-0.1277583,30,pm25,30,16,13.3,1.1,1,19.5,16.2,76.7,1017.3,5.8,,
2025-08-07T08:00:00+02:00,Frankfurt,50.075464,8.576305,26,pm25,26,14,,0.5,0.1,3.7,14.5,79,1019,2.3,10.2,11
2025-08-07T08:00:00+02:00,Hamburg,53.564486,9.96834,38,pm25,38,15,17.4,1.6,0.1,4.5,15,84.5,1019,2.5,10.8,12.5
2025-08-07T09:00:00+03:00,Moscow,55.791842,37.578405,46,pm25,46,29,20.6,0.7,7.9,13,18,76,1017,7,13,
2025-08-07T14:00:00+08:00,Wuhan,30.593099,114.305393,42,pm25,42,11,6.4,2.6,1.9,,32,74,1003,2.5,,
2025-08-07T08:00:00+02:00,Warsaw (Poland),52.225171,21.014783,36,pm25,36,20,29.2,2,0.1,12,16,67,1023,1.5,,10
2025-08-07T15:00:00+09:30,Winnellie (Australia),-12.424323299931126,130.89335024356842,73,pm25,73,53,2.3,0.8,5.6,13.6,32.4,48.599999999999994,1007,13.245000000000001,,13.6
2025-08-07T12:00:00+05:30,Bangalore (India),13.0270199,77.494094,68,pm25,68,52,7.8,1.8,14,10.5,24.5,93.5,951.59,0.92,,22
2025-08-07T12:00:00+05:30,Chennai (India),13.1278,80.2642,121,pm25,121,77,3.7,1.6,5.1,,29.7675,66.01750000000001,82915.6,2.6425,9.2,25
2025-08-07T01:00:00-04:00,Boston,42.325184,-71.05608,85,pm25,85,30,9.3,0.3,5.6,16.8,18.8,84,1030.2,,,
2025-08-07T00:00:00-04:00,Georgia,33.68797,-84.29048,36,pm25,36,27,3.8,0.2,3.4,2.4,21.6,57.8,1023.5,0.3,0.4,
2025-08-06T23:00:00-07:00,Phoenix,33.403055555556,-112.07527777778,42,pm25,42,29,4.7,,3.4,15.2,39,16,1010.4,1.5,9.2,9
2025-08-07T12:00:00+05:30,Hyderabad (India),17.417094,78.457437,112,pm25,112,71,9.6,15.6,7.9,14.5,31,61.14,1009.5,0.32,10.2,23
2025-08-07T15:00:00+09:00,Daegu,35.8714354,128.601445,43,o3,38,8,8.1,3.5,6.3,42.5,7.1,71,1016,3.9,,
2025-08-07T15:00:00+09:00,Gyeonggi,37.4112,127.2579,83,o3,53,20,10.7,3.5,4.5,83.3,32,49,1002,3,,20
2025-08-07T14:00:00+09:00,Nagoya,35.1814464,136.906398,55,pm25,55,18,9.3,1.5,3.4,42.4,34.7,48.5,998.8,4.1,,
2025-08-07T15:00:00+09:00,Fukuoka,33.5903547,130.4017155,72,pm25,72,66,30.6,1.5,5.6,47.2,31.1,77,1001.4,3.6,,
2025-08-07T14:00:00+08:00,Shenzhen,22.543099,114.057868,72,pm25,72,34,8.3,4.1,8.2,32.1,33.5,79,1009.4,6.6,,
2025-08-07T14:00:00+08:00,Zhongshan (Taiwan),25.062361,121.526528,70,pm25,70,31,9.5,1.5,3,44.8,35,63,1009,3.3,11.8,27
2025-08-07T14:00:00+08:00,Chongqing,29.56301,106.551557,83,o3,63,17,5.5,4.1,4.6,82.5,36,56,1003,1.5,,
2025-08-07T09:00:00+03:00,Istanbul (Turkey),41.015278,29.025,49,pm25,49,25,20.8,1.2,14.2,46.2,22.3,90.7,1007.4,3,,20.7
2025-08-07T14:00:00+07:00,Hanoi,21.0491,105.8831,89,pm25,89,62,25,11,7,21,29,83,1006.5,2,12,26
2025-08-07T14:00:00+07:00,Bangkok,13.7563309,100.5017651,62,pm25,62,24,0.6,0.6,0.1,4.8,34.4,62.7,1007.4,1.5,,
2025-08-07T13:00:00+05:30,Mumbai,19.0863,72.8888,80,pm25,80,45,1.5,14.8,1,11.6,27.5,99.92,1007.3125,41.6225,11.3,25
2025-08-07T16:00:00+09:00,Seoul,37.566535,126.9779692,49,o3,46,17,9.5,4.5,4.8,49.3,32,51.9,990.7,3,,
2025-08-07T15:00:00+08:00,Beijing,39.954592,116.468117,50,o3,17,7,7.8,1.1,2.8,50,35,39,1005,0.5,,
2025-08-07T15:00:00+08:00,Shanghai,31.2047372,121.4489017,63,pm25,63,22,4.2,1.6,6.4,49.2,34.5,59,1004,4.6,,
2025-08-07T15:00:00+09:00,Shinjuku (Tokyo),35.713889,139.705556,55,pm25,55,22,20.4,1.5,3.4,21.6,32.5,64,993.7,2.5,,24.8
2025-08-07T16:00:00+09:00,Osaka,34.6937378,135.5021651,53,pm25,53,20,24.1,2.9,0.1,49.6,30.8,62.8,991.9,5.1,,
2025-08-07T06:00:00+02:00,Paris,48.856614,2.3522219,49,pm25,49,19,30.8,0.6,0.1,16,23.1,57.5,1019,2,,
2025-08-07T07:00:00+01:00,London,51.5073509,-0.1277583,30,pm25,30,17,20.2,1.1,1,19.9,16.9,75.3,1017.6,7.1,,
2025-08-07T09:00:00+02:00,Frankfurt,50.075464,8.576305,30,pm25,30,18,,0.5,0.1,9,15.5,74,1019,2,10.2,11
2025-08-07T09:00:00+02:00,Hamburg,53.564486,9.96834,38,pm25,38,16,18.8,1.6,0.1,5.7,16.5,79.5,1018.5,2.3,10.8,13
2025-08-07T10:00:00+03:00,Moscow,55.791842,37.578405,30,pm25,30,8,30.7,1.1,10.6,12.4,16.6,79,1017.5,9,12.5,
2025-08-07T15:00:00+08:00,Wuhan,30.593099,114.305393,34,pm25,34,15,7.8,2.6,1.9,,32,74,1003,2.5,,
2025-08-07T09:00:00+02:00,Warsaw (Poland),52.225171,21.014783,39,pm25,39,29,25.4,2,0.1,12,19,59,1023,2.5,,11
2025-08-07T16:00:00+09:30,Winnellie (Australia),-12.424323299931126,130.89335024356842,71,pm25,71,50,2.5,0.8,5.2,13.1,30.5,45.8,1007.1,6.95,,17.6
2025-08-07T13:00:00+05:30,Bangalore (India),13.0270199,77.494094,53,pm10,45,53,8,2.5,8.7,10.4,26,90.03333333333335,951.5233333333334,0.92,,22
2025-08-07T13:00:00+05:30,Chennai (India),13.1278,80.2642,126,pm25,126,72,2.9,1.8,3.6,,29.99,64.91666666666667,82890,3.3266666666666667,9.2,24
2025-08-07T02:00:00-04:00,Boston,42.325184,-71.05608,82,pm25,82,30,12.1,0.3,5.6,13.6,19.4,81.5,1030.1,,,
2025-08-07T01:00:00-04:00,Georgia,33.68797,-84.29048,32,pm25,32,23,2.8,0.2,3.4,2.4,21.1,58,1022.9,0.3,2.2,
2025-08-07T00:00:00-07:00,Phoenix,33.403055555556,-112.07527777778,37,pm25,37,23,4.7,,2.3,18.4,39,16,1010.4,3,9.2,9
2025-08-07T13:00:00+05:30,Hyderabad (India),17.417094,78.457437,185,pm25,185,81,6.2,14.1,7,16.7,32,57.75666666666667,1009,0.5166666666666667,10.2,24
2025-08-06T23:00:00-06:00,Denver,39.732146,-105.015317,30,pm25,30,14,7.4,0.6,2.9,11.4,25.5556,32,1021.8,2,4.3,
2025-08-07T16:00:00+09:00,Daegu,35.8714354,128.601445,42,o3,30,10,8.1,3.5,6.3,41.7,7.1,71,1016,3.9,,
2025-08-07T16:00:00+09:00,Gyeonggi,37.4112,127.2579,81,o3,50,27,13.8,3.5,4.5,81.2,32,46,1001.6,3.6,,19
2025-08-07T15:00:00+09:00,Nagoya,35.1814464,136.906398,46,pm25,46,18,9.3,1.5,1.2,42.4,35,47,999,4,,
2025-08-07T16:00:00+09:00,Fukuoka,33.5903547,130.4017155,72,pm25,72,53,22.3,1.5,3.4,53.3,31,77,1003,6.1,,
2025-08-07T15:00:00+09:00,Kawasaki,35.5309058,139.7030511,85,pm25,85,35,19.5,2.9,4.5,62.2,34,67,996,4.4,,
2025-08-07T15:00:00+08:00,Shenzhen,22.543099,114.057868,72,pm25,72,35,12.4,3.6,8.2,32.9,33.5,79,1009.2,5.6,,
2025-08-07T15:00:00+08:00,Zhongshan (Taiwan),25.062361,121.526528,50,pm25,50,31,8.9,1.8,3.3,44.7,35,65.6,1008,3.4,11.8,27.6
2025-08-07T15:00:00+08:00,Chongqing,29.56301,106.551557,74,pm25,74,17,3.7,4.1,3.7,73.4,36,56,1002,2.5,,
2025-08-07T10:00:00+03:00,Istanbul (Turkey),41.015278,29.025,48,pm25,48,24,21.7,1.1,14.1,39.2,22.3,90.7,1007.4,3,,20.7
2025-08-07T15:00:00+07:00,Hanoi,21.0491,105.8831,75,pm25,75,56,25,11,7,18,30,84,1005,2,12,27
2025-08-07T15:00:00+07:00,Bangkok,13.7563309,100.5017651,60,pm25,60,21,0.6,0.6,0.1,4.8,34,7.9,1007,2.5,,
2025-08-07T14:00:00+05:30,Delhi,28.6341,77.2005,99,pm10,95,99,1.6,5.6,1,41.2,33.2,59.2,986.8,0.7,8.2,24
2025-08-07T14:00:00+05:30,Mumbai,19.0863,72.8888,83,pm25,83,48,1.5,14.9,1,11.6,29.5,99.92,1006.3575,29.2225,11.3,25
2025-08-07T17:00:00+09:00,Seoul,37.566535,126.9779692,45,o3,25,17,9.9,4.5,5.2,45.2,31.8,51.9,990.8,3,,
2025-08-07T16:00:00+08:00,Beijing,39.954592,116.468117,52,o3,17,7,9.2,1.1,2.8,51.9,35,36,1005,0.5,,
2025-08-07T16:00:00+08:00,Shanghai,31.2047372,121.4489017,65,pm25,65,26,5.1,1.6,6.4,59.7,35,51,1004,3.6,,
2025-08-07T16:00:00+09:00,Shinjuku (Tokyo),35.713889,139.705556,59,pm25,59,29,20.4,1.5,3.4,21.6,31.6,68.1,993.5,2.5,,25
2025-08-07T17:00:00+09:00,Osaka,34.6937378,135.5021651,55,pm25,55,24,26,5.8,0.1,50.7,30,70,1000,3,,
2025-08-07T07:00:00+02:00,Paris,48.856614,2.3522219,36,pm25,36,19,34.8,0.6,0.1,14.9,24.8,56,1019,2.5,,
2025-08-07T08:00:00+01:00,London,51.5073509,-0.1277583,34,pm25,34,17,20.2,0.6,1.3,14.4,17.7,73.5,1017.5,7.6,,
2025-08-07T10:00:00+02:00,Frankfurt,50.075464,8.576305,33,pm25,33,20,,0.5,0.1,12.8,18.5,63,1020,1.2,10.2,11.5
2025-08-07T11:00:00+03:00,Moscow,55.791842,37.578405,55,pm25,55,6,29.3,0.5,9.4,14.3,16.6,81,1017.5,6.5,10.5,
2025-08-07T16:00:00+08:00,Wuhan,30.593099,114.305393,30,pm25,30,11,4.2,3.1,7.3,,33,70,1002,3.6,,
2025-08-07T10:00:00+02:00,Warsaw (Poland),52.225171,21.014783,30,pm25,30,18,20.5,2,0.1,12,20,52,1023,3,,10
2025-08-07T18:00:00+09:30,Winnellie (Australia),-12.424323299931126,130.89335024356842,54,pm25,54,29,1.3,0.9,4.8,12.9,28.8,43.4,1007.8,6.19,,16.4
2025-08-07T14:00:00+05:30,Bangalore (India),13.0270199,77.494094,53,pm10,45,53,7.8,5,5.5,10.5,27.5,61.8,951.18,0.88,,22
2025-08-07T14:00:00+05:30,Chennai (India),13.1278,80.2642,118,pm25,118,64,2.4,1.8,2.1,,30.097499999999997,64.9275,82809.9,3.1374999999999997,9.2,24
2025-08-07T03:00:00-04:00,Boston,42.325184,-71.05608,73,pm25,73,28,13,0.3,4.5,12.1,19.4,78.5,1029.6,,,
2025-08-07T02:00:00-04:00,Georgia,33.68797,-84.29048,31,pm25,31,20,2.2,0.2,2.3,2.4,21.1,57.2,1022.9,0.3,1.8,
2025-08-07T01:00:00-07:00,Phoenix,33.403055555556,-112.07527777778,32,pm25,32,28,4.7,,1.2,20,38,16,1010.8,2,9.2,8
2025-08-07T14:00:00+05:30,Hyderabad (India),17.417094,78.457437,167,pm25,167,76,8.7,13.9,7.2,15.2,33,51.84,1008,0.45,10.2,24
2025-08-07T17:00:00+09:00,Daegu,35.8714354,128.601445,42,o3,21,13,9.2,3.2,6.5,42.4,7.1,71,1016,3.9,,
2025-08-07T17:00:00+09:00,Gyeonggi,37.4112,127.2579,75,o3,38,21,15,3,4.7,75.2,33,46,1001.6,2,,20
2025-08-07T16:00:00+09:00,Nagoya,35.1814464,136.906398,42,o3,38,15,8.4,1.5,1.2,41.6,34.4,48,998.9,5.7,,
2025-08-07T17:00:00+09:00,Fukuoka,33.5903547,130.4017155,65,pm25,65,50,16.7,1.5,3.4,53.3,31,70,1002,3,,
2025-08-07T16:00:00+09:00,Kawasaki,35.5309058,139.7030511,65,pm25,65,28,22.3,2.9,3.4,44.8,32,64,995.5,6.4,,
2025-08-07T16:00:00+08:00,Shenzhen,22.543099,114.057868,80,pm25,80,37,17.9,4.6,5.5,35,33.9,84,1009,3.6,,
2025-08-07T16:00:00+08:00,Zhongshan (Taiwan),25.062361,121.526528,57,pm25,57,29,9.7,2.3,2.6,30.9,34,60.5,1008,2.8,11.8,25.5
2025-08-07T16:00:00+08:00,Chongqing,29.56301,106.551557,110,o3,78,24,6,4.6,4.6,110.1,35,56,1001,2.5,,
2025-08-07T11:00:00+03:00,Istanbul (Turkey),41.015278,29.025,48,pm25,48,24,22.8,1.1,14.3,35.4,24.7,77.5,1008.7,1,,20.5
2025-08-07T16:00:00+07:00,Hanoi,21.0491,105.8831,59,pm25,59,52,28,11,7,19,30.5,81.5,1005,2,12,27
2025-08-07T16:00:00+07:00,Bangkok,13.7563309,100.5017651,52,pm25,52,21,0.6,0.6,0.1,4.8,34,7.9,1008,2.5,,
2025-08-07T15:00:00+05:30,Delhi,28.6341,77.2005,110,pm10,107,110,2.1,4.3,1,36.3,32.625,60.349999999999994,986.8,0.625,8.2,24
2025-08-07T18:00:00+09:00,Seoul,37.566535,126.9779692,43,o3,25,15,10.2,4.2,4.9,43,31.2,53.7,991,3,,
2025-08-07T17:00:00+08:00,Beijing,39.954592,116.468117,46,o3,13,6,9.2,1.1,2.8,46.3,33,55,1005,0.5,,
2025-08-07T17:00:00+08:00,Shanghai,31.2047372,121.4489017,61,pm25,61,23,4.6,1.6,6.4,50.6,34,52,1004,4.6,,
2025-08-07T17:00:00+09:00,Shinjuku (Tokyo),35.713889,139.705556,55,pm25,55,12,11.2,1.5,2.3,21.6,31.6,68.1,993.5,2.5,,25
2025-08-07T18:00:00+09:00,Osaka,34.6937378,135.5021651,53,pm25,53,23,23.2,5.8,0.1,45.6,30.1,66,1000,3.6,,
2025-08-07T08:00:00+02:00,Paris,48.856614,2.3522219,53,pm25,53,31,25,0.6,0.1,25.9,26.5,44.5,1019,2.5,,
2025-08-07T09:00:00+01:00,London,51.5073509,-0.1277583,34,pm25,34,18,21.5,1.3,1.4,14.3,19,67.2,1016.8,5.1,,
2025-08-07T11:00:00+02:00,Frankfurt,50.075464,8.576305,28,pm25,28,16,,0.5,0.1,21.4,20.5,50.5,1019,1,10.2,10
2025-08-07T11:00:00+02:00,Hamburg,53.564486,9.96834,42,pm25,42,17,10.1,1.6,0.1,19.1,19.5,66,1017.5,3.3,10.8,13
2025-08-07T12:00:00+03:00,Moscow,55.791842,37.578405,38,pm25,38,14,29.8,0.4,10,12.1,16.6,81,1018.3,8,10,
2025-08-07T17:00:00+08:00,Wuhan,30.593099,114.305393,38,pm25,38,15,4.6,2.6,7.3,,33,70,1002,2.5,,
2025-08-07T11:00:00+02:00,Warsaw (Poland),52.225171,21.014783,24,pm25,24,13,16.8,2,0.1,12,21,49,1023,3.6,,10
2025-08-07T19:00:00+09:30,Winnellie (Australia),-12.424323299931126,130.89335024356842,55,pm25,55,16,1.2,1,4.9,11.6,27.8,56.4,1008.2,4.79,,16.4
2025-08-07T15:00:00+05:30,Bangalore (India),13.0270199,77.494094,52,pm10,45,52,7.9,3.2,6.5,10.7,28,60.025000000000006,951.1225,0.89,,22
2025-08-07T15:00:00+05:30,Chennai (India),13.1278,80.2642,97,pm25,97,59,2.2,1.3,1.9,,30.169999999999998,64.82666666666667,82736.06666666667,3.4899999999999998,9.2,27
2025-08-07T04:00:00-04:00,Boston,42.325184,-71.05608,68,pm25,68,24,12.1,0.5,4.5,10.4,19.4,80,1029.4,,,
2025-08-07T03:00:00-04:00,Georgia,33.68797,-84.29048,31,pm25,31,18,1.9,0.2,2.3,5.6,21.1,56.8,1022.9,0.3,1.2,
2025-08-07T02:00:00-07:00,Phoenix,33.403055555556,-112.07527777778,30,pm25,30,20,4.7,,1.2,21.6,37,15,1010.8,3,9.2,7
2025-08-07T15:00:00+05:30,Hyderabad (India),17.417094,78.457437,196,pm25,196,84,6.3,13.5,6.1,16.6,33,51.7175,1007,0.45749999999999996,10.2,23
2025-08-07T17:00:00+09:00,Nagoya,35.1814464,136.906398,50,pm25,50,16,6.5,1.5,2.3,41.6,32.7,52,999.4,7.9,,
2025-08-07T18:00:00+09:00,Fukuoka,33.5903547,130.4017155,65,pm25,65,54,12.1,1.5,6.7,48.8,31,74,1003,5.1,,
2025-08-07T17:00:00+09:00,Kawasaki,35.5309058,139.7030511,65,pm25,65,28,22.3,1.5,3.4,34.4,32,59,996,5.1,,
2025-08-07T17:00:00+08:00,Shenzhen,22.543099,114.057868,82,pm25,82,40,14.7,4.1,5.5,36.6,31.9,83,1009,2,,
2025-08-07T17:00:00+08:00,Zhongshan (Taiwan),25.062361,121.526528,61,pm25,61,30,12.3,2.5,3,18.9,33.5,64.5,1008,2.8,11.8,26
2025-08-07T17:00:00+08:00,Chongqing,29.56301,106.551557,109,o3,70,25,6.4,4.6,4.6,108.6,36,53,1001,2.5,,
2025-08-07T12:00:00+03:00,Istanbul (Turkey),41.015278,29.025,49,pm25,49,24,22.8,1.1,14.6,35.3,24.9,78.5,1007.7,4.6,,20.9
2025-08-07T17:00:00+07:00,Hanoi,21.0491,105.8831,54,pm25,54,50,28,11,8,17,30,84,1005,2,12,27
2025-08-07T17:00:00+07:00,Bangkok,13.7563309,100.5017651,40,pm25,40,23,0.6,0.6,0.1,4.8,33,7.9,1007,2,,
2025-08-07T16:00:00+05:30,Delhi,28.6341,77.2005,112,pm25,112,77,2.5,5.7,0.7,36.4,32.56666666666667,60.63333333333333,986.8333333333334,0.5666666666666667,8.2,25
2025-08-07T16:00:00+05:30,Mumbai,19.0863,72.8888,105,pm25,105,62,1.3,14.9,0.7,11.7,29,93.43999999999998,1004.8824999999999,28.360000000000003,11.3,25
2025-08-07T19:00:00+09:00,Seoul,37.566535,126.9779692,38,o3,34,20,10.8,4.6,5.3,38,29.8,65.7,991.3,3.6,,
2025-08-07T18:00:00+08:00,Beijing,39.954592,116.468117,49,o3,13,7,10.6,1.6,2.8,49.2,31,66,1005,0.5,,
2025-08-07T18:00:00+08:00,Shanghai,31.2047372,121.4489017,55,pm25,55,22,5.5,1.6,6.4,51.3,33,55,1004,2.5,,
2025-08-07T18:00:00+09:00,Shinjuku (Tokyo),35.713889,139.705556,46,pm25,46,13,10.2,1.5,2.3,21.6,31.6,64.9,993.5,2,,24.2
2025-08-07T19:00:00+09:00,Osaka,34.6937378,135.5021651,50,pm25,50,25,18.6,5.8,0.1,40,30.4,78,1001,5.1,,
2025-08-07T09:00:00+02:00,Paris,48.856614,2.3522219,36,pm25,36,34,24.8,0.6,0.1,18.3,27.2,41,1019,2.5,,
2025-08-07T10:00:00+01:00,London,51.5073509,-0.1277583,34,pm25,34,18,27,1.6,1,17.1,20,64.5,1016.9,8,,
2025-08-07T12:00:00+02:00,Frankfurt,50.075464,8.576305,27,o3,23,11,,1.1,0.1,26.7,22.5,47.5,1019,2.3,10.2,11
2025-08-07T12:00:00+02:00,Hamburg,53.564486,9.96834,42,pm25,42,17,6.9,1.6,0.1,30.5,20.5,60,1017,3.8,10.8,12.5
2025-08-07T18:00:00+08:00,Wuhan,30.593099,114.305393,38,pm25,38,11,8.3,3.1,3.7,,33,66,1002,3.6,,
2025-08-07T12:00:00+02:00,Warsaw (Poland),52.225171,21.014783,26,pm25,26,13,20.2,2,0.1,12,23,43,1023,2.5,,10
2025-08-07T20:00:00+09:30,Winnellie (Australia),-12.424323299931126,130.89335024356842,53,pm25,53,15,2.2,1.1,5.4,11.2,26,66.2,1009.1,3.58,,17.9
2025-08-07T16:00:00+05:30,Bangalore (India),13.0270199,77.494094,50,pm10,45,50,7.4,0.7,7.9,10.7,29,56.525000000000006,950.9375,0.895,,21
2025-08-07T16:00:00+05:30,Chennai (India),13.1278,80.2642,86,pm25,86,60,2.1,1,2.5,,30.2175,62.92,82681.7,3.5075,9.2,27
2025-08-07T05:00:00-04:00,Boston,42.325184,-71.05608,70,pm25,70,22,13.9,0.3,4.5,4.8,19.4,83,1029.6,,,
2025-08-07T04:00:00-04:00,Georgia,33.68797,-84.29048,28,pm25,28,17,2.9,0.2,2.3,7.3,20.5,56,1023.2,0.3,1.2,
2025-08-07T03:00:00-07:00,Phoenix,33.403055555556,-112.07527777778,24,pm25,24,16,4.7,,1.2,17.6,36,18,1011.1,2.5,9.2,8
2025-08-07T16:00:00+05:30,Hyderabad (India),17.417094,78.457437,155,pm25,155,76,13,13.8,9.1,10,26.5,66.85249999999999,1007,0.5725,10.2,23
2025-08-07T03:00:00-06:00,Denver,39.732146,-105.015317,30,pm25,30,16,9.2,0.6,2.6,13.9,22.2222,35,1021.8,1,4,
2025-08-07T19:00:00+09:00,Daegu,35.8714354,128.601445,38,o3,38,11,10.2,3,4.3,38.4,7.1,71,1016,3.9,,
2025-08-07T19:00:00+09:00,Gyeonggi,37.4112,127.2579,55,o3,50,23,13.8,3.2,5.2,54.8,29,65,1002.3,3.6,,22
2025-08-07T18:00:00+09:00,Nagoya,35.1814464,136.906398,53,pm25,53,17,7.5,1.5,2.3,41.6,31.8,54.6,1000,7.3,,
2025-08-07T19:00:00+09:00,Fukuoka,33.5903547,130.4017155,65,pm25,65,50,13,1.5,6.7,47.2,30.2,79,1003,4.1,,
2025-08-07T18:00:00+09:00,Kawasaki,35.5309058,139.7030511,63,pm25,63,24,19.5,1.5,3.4,34.4,33,66,996,5.6,,
2025-08-07T18:00:00+08:00,Shenzhen,22.543099,114.057868,82,pm25,82,40,10.6,4.1,5.5,34.2,30.5,83,1008.8,2.1,,
2025-08-07T18:00:00+08:00,Zhongshan (Taiwan),25.062361,121.526528,55,pm25,55,32,13.3,2.5,3.6,11.7,32.5,64,1008,1.8,11.8,25
2025-08-07T18:00:00+08:00,Chongqing,29.56301,106.551557,96,o3,70,32,5.5,4.1,4.6,95.5,35,59,1000,2.5,,
2025-08-07T13:00:00+03:00,Istanbul (Turkey),41.015278,29.025,47,pm25,47,24,14,1.1,14.6,34.2,28,73.9,1007.7,4.6,,22.9
2025-08-07T17:00:00+05:30,Delhi,28.6341,77.2005,82,pm25,82,78,2.9,3.8,1,37.9,30.975,63.675,986.8,0.7500000000000001,8.2,25
2025-08-07T17:00:00+05:30,Mumbai,19.0863,72.8888,115,pm25,115,67,1.4,14.7,0.8,11.7,29,94.38499999999999,1004.485,27.685,11.3,24.5
2025-08-07T20:00:00+09:00,Seoul,37.566535,126.9779692,42,pm25,42,22,11.4,4.6,5.4,40.5,28,68.7,992.1,4.1,,
2025-08-07T19:00:00+08:00,Beijing,39.954592,116.468117,64,o3,25,11,11.9,1.6,3.7,64.3,31,66,1005,1.5,,
2025-08-07T19:00:00+08:00,Shanghai,31.2047372,121.4489017,55,pm25,55,23,6.4,1.6,6.4,51.3,33,55,1005,1.5,,
2025-08-07T19:00:00+09:00,Shinjuku (Tokyo),35.713889,139.705556,57,pm25,57,37,12.1,1.5,2.3,21.6,30.4,69.9,994.1,2,,24.3
2025-08-07T20:00:00+09:00,Osaka,34.6937378,135.5021651,50,pm25,50,18,17.6,4.3,0.1,40.8,29.3,78,1002,2.5,,
2025-08-07T10:00:00+02:00,Paris,48.856614,2.3522219,53,pm25,53,34,25,0.6,0.1,25.9,28,44,1019,2.5,,
2025-08-07T13:00:00+02:00,Frankfurt,50.075464,8.576305,34,o3,21,9,,0.5,0.1,33.5,24,45.5,1018,3,10.2,11.5
2025-08-07T13:00:00+02:00,Hamburg,53.564486,9.96834,42,pm25,42,17,5.1,1.6,0.1,30.5,22,51,1016.5,4.3,10.8,11.5
2025-08-07T19:00:00+08:00,Wuhan,30.593099,114.305393,50,pm25,50,16,6.9,3.1,3.7,,32,70,1003,2.5,,
2025-08-07T13:00:00+02:00,Warsaw (Poland),52.225171,21.014783,24,pm25,24,12,20.3,2,0.1,12,22,43,1023,4.6,,9
2025-08-07T17:00:00+05:30,Chennai (India),13.1278,80.2642,89,pm25,89,56,2.6,1.3,2.8,,30.134999999999998,64.53999999999999,82643.95,3.5949999999999998,9.2,27
2025-08-07T06:00:00-04:00,Boston,42.325184,-71.05608,81,pm25,81,26,16.7,0.6,4.5,0.8,20,77.6,1029.8,,,
2025-08-07T05:00:00-04:00,Georgia,33.68797,-84.29048,26,pm25,26,16,2.9,0.2,2.3,6.4,20,57.6,1023.6,0.3,0.1,
2025-08-07T04:00:00-07:00,Phoenix,33.403055555556,-112.07527777778,25,pm25,25,18,4.7,,1.2,12.8,36,16,1011.1,2.5,9.2,7
2025-08-07T17:00:00+05:30,Hyderabad (India),17.417094,78.457437,449,pm25,449,110,16.5,14.5,10,7.9,25.5,91.555,1007,0.46499999999999997,10.2,24
2025-08-07T04:00:00-06:00,Denver,39.732146,-105.015317,30,pm25,30,16,13.3,0.6,2.9,13,21.6667,37,1021.8,2,5.5,
2025-08-07T20:00:00+09:00,Daegu,35.8714354,128.601445,38,pm25,38,17,12.6,2.9,4.7,34.1,7.1,71,1016,3.9,,
2025-08-07T20:00:00+09:00,Gyeonggi,37.4112,127.2579,50,pm25,50,21,13.5,3.2,5.2,44.3,28,69,1003,4.1,,22
2025-08-07T19:00:00+09:00,Nagoya,35.1814464,136.906398,46,pm25,46,17,6.5,1.5,2.3,40,31.1,56,1001,5.1,,
2025-08-07T20:00:00+09:00,Fukuoka,33.5903547,130.4017155,65,pm25,65,52,13.9,1.5,6.7,48.1,30,76.9,1004,4.1,,
2025-08-07T19:00:00+09:00,Kawasaki,35.5309058,139.7030511,57,pm25,57,29,14.9,1.5,4.5,33.6,32,72,996,6.1,,
2025-08-07T19:00:00+08:00,Shenzhen,22.543099,114.057868,80,pm25,80,45,13.8,4.1,6.4,29.3,30,85.5,1009.3,2.2,,
2025-08-07T19:00:00+08:00,Zhongshan (Taiwan),25.062361,121.526528,50,pm25,50,32,12.9,1.8,3.8,11.1,31.5,68,1008,1.5,11.8,25
2025-08-07T19:00:00+08:00,Chongqing,29.56301,106.551557,91,pm25,91,39,5.5,3.6,4.6,89,34,63,1001,3.6,,
2025-08-07T14:00:00+03:00,Istanbul (Turkey),41.015278,29.025,48,pm25,48,24,8,1,14.7,38.1,27.9,73.8,1007.5,6.6,,22.8
2025-08-07T20:00:00+07:00,Hanoi,21.0491,105.8831,101,pm25,101,62,29,11,9,10,29,88,1005.5,1.8,12,27
2025-08-07T19:00:00+07:00,Bangkok,13.7563309,100.5017651,51,pm25,51,18,0.6,0.6,0.1,4.8,31,76,1006.8,1.5,,
2025-08-07T18:00:00+05:30,Delhi,28.6341,77.2005,89,pm25,89,85,3.7,4.8,1,36.1,29.333333333333332,66.43333333333334,986.7333333333332,0.7000000000000001,8.2,25
2025-08-07T18:00:00+05:30,Mumbai,19.0863,72.8888,107,pm25,107,63,1.3,14.8,0.7,11.6,29,93.53,1004.33,28.15,11.3,25
2025-08-07T22:00:00+09:00,Seoul,37.566535,126.9779692,38,pm25,38,21,14.2,4.6,5.5,34.6,27.3,69.8,993.1,2,,
2025-08-07T21:00:00+08:00,Beijing,39.954592,116.468117,76,pm25,76,36,10.6,2.1,7.3,62.3,28,83,1006,1.5,,
2025-08-07T20:00:00+08:00,Shanghai,31.2047372,121.4489017,57,pm25,57,23,7.8,2.1,6.4,41.9,33,55,1005,1.5,,
2025-08-07T21:00:00+09:00,Shinjuku (Tokyo),35.713889,139.705556,55,pm25,55,27,10.2,1.5,3.4,21.6,28.7,79,995.8,1.5,,24.7
2025-08-07T21:00:00+09:00,Osaka,34.6937378,135.5021651,46,pm25,46,46,18.6,5.8,2.3,36.8,29.2,84.6,1002,5.8,,
2025-08-07T12:00:00+02:00,Paris,48.856614,2.3522219,35,o3,33,23,15.6,0.6,0.1,35.4,27,33,1018,3,,
2025-08-07T12:00:00+01:00,London,51.5073509,-0.1277583,42,pm25,42,27,22.4,1.1,1.9,15.9,22.7,54.8,1016,9.1,,
2025-08-07T15:00:00+02:00,Frankfurt,50.075464,8.576305,42,o3,20,8,,0.7,0.1,41.9,25.5,42.5,1018,4.1,10.2,12
2025-08-07T15:00:00+02:00,Hamburg,53.564486,9.96834,38,o3,42,17,4.6,1.6,0.1,38.2,22,53,1016,5.1,10.8,12
2025-08-07T20:00:00+08:00,Wuhan,30.593099,114.305393,55,pm25,55,17,8.3,1.6,3.7,,31,79,1003,2.5,,
2025-08-07T15:00:00+02:00,Warsaw (Poland),52.225171,21.014783,25,pm25,25,13,21.2,2,0.1,12,22,40,1022,3,,8
2025-08-07T22:00:00+09:30,Winnellie (Australia),-12.424323299931126,130.89335024356842,85,pm25,85,30,1.6,1,5.6,12.8,24.3,82.6,1010.9,2.8,,20
2025-08-07T18:00:00+05:30,Chennai (India),13.1278,80.2642,87,pm25,87,53,2.6,1.3,1.8,,30.12,64.36666666666666,82682.03333333333,2.893333333333333,9.2,26
2025-08-07T07:00:00-04:00,Boston,42.325184,-71.05608,82,pm25,82,34,13,0.6,3.4,4,21.1,80,1030,,,
2025-08-07T06:00:00-04:00,Georgia,33.68797,-84.29048,26,pm25,26,17,5.4,0.2,3.4,1.6,20.5,56.5,1024.4,0.3,3.7,
2025-08-07T05:00:00-07:00,Phoenix,33.403055555556,-112.07527777778,37,pm25,37,26,4.7,,2.3,5.6,35,17,1011.5,2,9.2,7
2025-08-07T18:00:00+05:30,Hyderabad (India),17.417094,78.457437,87,pm10,59,87,10.6,14.2,7.8,7.5,26,95.48,1008,0.5566666666666666,10.2,24
2025-08-07T06:00:00-06:00,Denver,39.732146,-105.015317,42,pm25,42,33,13.8,0.6,7.7,11.8,20.5556,37.5,1022.2,1,7,
2025-08-07T22:00:00+09:00,Daegu,35.8714354,128.601445,53,pm25,53,20,17,3.2,5,17.9,7.1,71,1016,3.9,,
2025-08-07T22:00:00+09:00,Gyeonggi,37.4112,127.2579,42,pm25,42,23,12.3,3.3,5.2,32.3,27,69,1004,2.5,,21
2025-08-07T21:00:00+09:00,Nagoya,35.1814464,136.906398,46,pm25,46,16,6.5,1.5,2.3,40.8,30.5,60,1002,3.5,,
2025-08-07T22:00:00+09:00,Fukuoka,33.5903547,130.4017155,63,pm25,63,51,9.3,1.5,5.6,46.5,29.6,79.1,1004.5,3.3,,
2025-08-07T21:00:00+09:00,Kawasaki,35.5309058,139.7030511,63,pm25,63,40,23.2,1.5,4.5,28.9,31,81,997.5,4.3,,
2025-08-07T20:00:00+08:00,Shenzhen,22.543099,114.057868,74,pm25,74,39,14.7,3.6,9.1,23.2,30,88,1009.5,3,,
2025-08-07T21:00:00+08:00,Zhongshan (Taiwan),25.062361,121.526528,68,pm25,68,29,20.4,5.6,4.6,18.7,28.5,81,1009,2.5,11.8,25
2025-08-07T20:00:00+08:00,Chongqing,29.56301,106.551557,102,pm25,102,43,4.6,2.1,4.6,89,33,66,1002,2.5,,
2025-08-07T15:00:00+03:00,Istanbul (Turkey),41.015278,29.025,49,pm25,49,24,8.7,1,14.8,38.4,27.9,82.8,1007,7.7,,24.7
2025-08-07T20:00:00+07:00,Bangkok,13.7563309,100.5017651,59,pm25,59,40,0.6,0.6,0.1,4.8,30.1,8.1,1008.4,1.5,,
2025-08-07T19:00:00+05:30,Delhi,28.6341,77.2005,86,pm10,80,86,3.4,3.6,1.2,29.9,28.5,67.8,986.7,0.6,8.2,25
2025-08-07T19:00:00+05:30,Mumbai,19.0863,72.8888,114,pm25,114,66,1.3,14.9,0.6,11.4,28.5,95.7825,1004.3700000000001,28.115,11.3,25
2025-08-07T21:00:00+08:00,Shanghai,31.2047372,121.4489017,59,pm25,59,24,9.2,1.6,6.4,39,33,55,1006,1.5,,
2025-08-07T22:00:00+09:00,Osaka,34.6937378,135.5021651,46,pm25,46,18,15.8,5.8,0.1,37.6,27.1,94,1003,4.6,,
2025-08-07T13:00:00+02:00,Paris,48.856614,2.3522219,44,o3,42,25,17.8,0.6,0.1,43.6,29.5,33,1018,3.3,,
2025-08-07T13:00:00+01:00,London,51.5073509,-0.1277583,38,pm25,38,19,19.7,1.1,1.9,15.9,23.1,50.2,1015.5,9.2,,
2025-08-07T21:00:00+08:00,Wuhan,30.593099,114.305393,55,pm25,55,15,8.3,2.6,3.7,,30,84,1004,1.5,,
2025-08-07T23:00:00+09:30,Winnellie (Australia),-12.424323299931126,130.89335024356842,70,pm25,70,22,2.1,0.8,5.6,10.2,23.9,84.8,1011,2,,20.8
2025-08-07T19:00:00+05:30,Chennai (India),13.1278,80.2642,999,pm10,104,999,2.8,1.8,1.9,,30.08,64.6,82741.6,2.56,9.2,26
2025-08-07T08:00:00-04:00,Boston,42.325184,-71.05608,81,pm25,81,34,10.2,0.6,3.4,4,21.3,79.5,1030,,,
2025-08-07T07:00:00-04:00,Georgia,33.68797,-84.29048,15,pm25,15,10,4.3,0.2,3.4,5.6,22.1,53.1,1024.8,0.3,3.8,
2025-08-07T06:00:00-07:00,Phoenix,33.403055555556,-112.07527777778,33,pm25,33,31,4.7,,3.4,0.8,36,16,1011.5,2.5,9.2,7
2025-08-07T19:00:00+05:30,Hyderabad (India),17.417094,78.457437,90,pm25,90,78,8.5,12.9,6.8,6.9,24,99.36,1009.5,0.74,10.2,22.5
2025-08-07T21:00:00+08:00,Shenzhen,22.543099,114.057868,65,pm25,65,40,22,4.1,7.3,20.8,30,89,1009.3,2.5,,
2025-08-07T21:00:00+08:00,Chongqing,29.56301,106.551557,102,pm25,102,57,5.1,1.1,4.6,72.7,30,79,1003,5.6,,
2025-08-07T16:00:00+03:00,Istanbul (Turkey),41.015278,29.025,51,pm25,51,25,9.6,1,14.7,38.4,26.5,89.3,1007,10.2,,24.6
2025-08-07T21:00:00+07:00,Hanoi,21.0491,105.8831,108,pm25,108,62,25,11,6,10,29,88,1006,1.8,12,27
2025-08-07T20:00:00+05:30,Delhi,28.6341,77.2005,82,pm25,82,74,4.7,4.5,2.1,20.3,28.175,68.925,986.7249999999999,0.375,8.2,24
2025-08-07T20:00:00+05:30,Mumbai,19.0863,72.8888,110,pm25,110,64,1.3,14.8,0.6,11.5,28,99.92,1004.8,28.265,11.3,25
2025-08-07T23:00:00+09:00,Seoul,37.566535,126.9779692,34,pm25,34,23,16,4.3,6,31.2,26.6,71.8,993.3,2,,
2025-08-07T22:00:00+08:00,Beijing,39.954592,116.468117,72,pm25,72,34,9.6,2.6,7.3,58.4,27,88,1006,1.5,,
2025-08-07T22:00:00+08:00,Shanghai,31.2047372,121.4489017,57,pm25,57,26,10.1,1.6,7.3,39,32,62,1006,1.5,,
2025-08-07T22:00:00+09:00,Shinjuku (Tokyo),35.713889,139.705556,55,pm25,55,15,9.3,1.5,3.4,21.6,28.7,79,995.8,1.5,,24.7
2025-08-07T14:00:00+02:00,Paris,48.856614,2.3522219,45,o3,36,29,15.4,0.6,0.1,44.7,30.1,30,1017,3.3,,
2025-08-07T14:00:00+01:00,London,51.5073509,-0.1277583,38,pm25,38,19,21.1,1.1,1.9,16.7,23.4,50.8,1015.3,9,,
2025-08-07T16:00:00+02:00,Frankfurt,50.075464,8.576305,46,o3,22,10,,0.7,0.1,45.9,26,42.5,1017.5,2.5,10.2,12.5
2025-08-07T16:00:00+02:00,Hamburg,53.564486,9.96834,38,o3,42,17,4.6,1.6,0.1,38.2,23,51,1015.5,4.3,10.8,12.5
2025-08-07T22:00:00+08:00,Wuhan,30.593099,114.305393,46,pm25,46,18,7.4,3.1,4.6,,30,89,1005,0.5,,
2025-08-07T16:00:00+02:00,Warsaw (Poland),52.225171,21.014783,27,pm25,27,12,22.9,2,0.1,12,23,40,1022,1.5,,9
2025-08-07T20:00:00+05:30,Chennai (India),13.1278,80.2642,999,pm10,133,999,2.9,2.1,3,,30.105,63.4925,82776.85,2.56,9.2,26
2025-08-07T09:00:00-04:00,Boston,42.325184,-71.05608,77,pm25,77,39,8.4,0.8,3.4,4,23.8,56.3,1030,,,
2025-08-07T08:00:00-04:00,Georgia,33.68797,-84.29048,18,pm25,18,10,2.5,0.2,2.5,13.6,23.3,53.7,1024.9,0.1,3.6,
2025-08-07T07:00:00-07:00,Phoenix,33.403055555556,-112.07527777778,42,pm10,35,42,4.7,,3.4,3.2,36,16,1012.1,2,9.2,7
2025-08-07T20:00:00+05:30,Hyderabad (India),17.417094,78.457437,164,pm25,164,85,7.4,10.5,6.9,6.9,22,99.36500000000001,1011,0.6475,10.2,21
2025-08-07T07:00:00-06:00,Denver,39.732146,-105.015317,34,pm25,34,26,14.2,0.6,5.9,9.8,23.3333,33,1022.5,3,6,
2025-08-07T23:00:00+09:00,Daegu,35.8714354,128.601445,46,pm25,46,17,13.2,2.8,4.9,19.5,7.1,71,1016,3.9,,
2025-08-07T23:00:00+09:00,Gyeonggi,37.4112,127.2579,34,pm25,34,22,11.7,3,5.4,28.9,25,83,1004.3,0.5,,22
2025-08-07T22:00:00+09:00,Nagoya,35.1814464,136.906398,53,pm25,53,17,6.5,1.5,2.3,40,30.2,63,1002,3.6,,
2025-08-07T23:00:00+09:00,Fukuoka,33.5903547,130.4017155,68,pm25,68,53,5.6,1.5,5.6,47.2,29.5,78.2,1004.5,3,,
2025-08-07T22:00:00+09:00,Kawasaki,35.5309058,139.7030511,65,pm25,65,33,27.8,2.9,2.3,20.8,31,79,998,3.3,,
2025-08-07T22:00:00+08:00,Shenzhen,22.543099,114.057868,61,pm25,61,42,17.9,4.1,8.2,21.2,29.4,94,1009.6,2.5,,
2025-08-07T22:00:00+08:00,Zhongshan (Taiwan),25.062361,121.526528,63,pm25,63,28,22.1,3.9,4.8,11.8,29,79,1009.5,2,11.8,25
2025-08-07T22:00:00+08:00,Chongqing,29.56301,106.551557,97,pm25,97,57,22,1.6,4.6,38.2,28,83,1004,3.6,,
2025-08-07T17:00:00+03:00,Istanbul (Turkey),41.015278,29.025,52,pm25,52,26,9.9,1.1,14.8,41.4,26.4,90.9,1007.3,9.2,,24.8
2025-08-07T22:00:00+07:00,Hanoi,21.0491,105.8831,103,pm25,103,60,21,11,6,10,29.5,81,1007,2.8,12,26
2025-08-07T22:00:00+07:00,Bangkok,13.7563309,100.5017651,35,pm25,35,17,0.6,0.6,0.1,4.8,29.5,86.2,1009.4,1.5,,
2025-08-07T21:00:00+05:30,Delhi,28.6341,77.2005,82,pm25,82,78,5.3,4.2,3.2,20.7,27.225,72.15,986.7249999999999,0.42500000000000004,8.2,25
2025-08-08T00:00:00+09:00,Seoul,37.566535,126.9779692,30,o3,30,23,15.1,4.5,5.6,30.1,26.2,75.8,993.3,1.5,,
2025-08-07T23:00:00+08:00,Beijing,39.954592,116.468117,74,pm25,74,34,11.5,2.6,7.3,48,28,78,1006,0.5,,
2025-08-07T23:00:00+08:00,Shanghai,31.2047372,121.4489017,61,pm25,61,27,17,2.1,7.3,37.4,32,59,1005,1.5,,
2025-08-07T23:00:00+09:00,Shinjuku (Tokyo),35.713889,139.705556,53,pm25,53,25,8.4,1.5,3.4,21.6,29.1,75.8,996.2,1.5,,24.4
2025-08-08T00:00:00+09:00,Osaka,34.6937378,135.5021651,42,pm25,42,17,15.8,5.8,0.1,38.4,26,88,1003,1.5,,
2025-08-07T17:00:00+02:00,Frankfurt,50.075464,8.576305,48,o3,25,12,,0.7,0.1,48,26.5,41.5,1017,2.5,10.2,12.5
2025-08-07T17:00:00+02:00,Hamburg,53.564486,9.96834,37,o3,42,17,4.6,1.6,0.1,37,23.5,51.5,1015,4.8,10.8,13
2025-08-07T17:00:00+03:00,Moscow,55.791842,37.578405,38,pm25,38,13,19.2,1.4,10.9,7.6,23.3,43.4,1017.6,5.6,9.2,
2025-08-07T23:00:00+08:00,Wuhan,30.593099,114.305393,50,pm25,50,21,8.3,2.6,2.8,,30,89,1005,0.5,,
2025-08-07T17:00:00+02:00,Warsaw (Poland),52.225171,21.014783,27,pm25,27,13,26.2,2,0.1,12,23,38,1021,2.5,,8
2025-08-08T01:00:00+09:30,Winnellie (Australia),-12.424323299931126,130.89335024356842,63,pm25,63,19,1.6,0.9,5.2,9.2,22.6,93.4,1010.9,3.99,,21.1
2025-08-07T21:00:00+05:30,Chennai (India),13.1278,80.2642,159,pm25,159,75,2.3,1.5,1.8,,30.2175,67.655,82843.20000000001,2.585,9.2,26
2025-08-07T10:00:00-04:00,Boston,42.325184,-71.05608,60,pm25,60,37,6.5,0.9,2.3,6.4,25.8,35.5,1029.9,,,
2025-08-07T09:00:00-04:00,Georgia,33.68797,-84.29048,17,o3,15,9,1.7,0.2,2.3,16.8,24.1,53.8,1024.9,0.1,3.8,
2025-08-07T08:00:00-07:00,Phoenix,33.403055555556,-112.07527777778,66,pm10,56,66,4.7,,3.4,8,37,14,1012.5,3,9.2,6
2025-08-07T08:00:00-06:00,Denver,39.732146,-105.015317,25,pm25,25,20,10.1,0.6,3.3,9.4,26.6667,26,1022.2,3,8,
2025-08-08T00:00:00+09:00,Daegu,35.8714354,128.601445,50,pm25,50,17,10,3.6,5.4,26.7,7.1,71,1016,3.9,,
2025-08-08T00:00:00+09:00,Gyeonggi,37.4112,127.2579,38,pm25,38,22,10,2.9,5.4,27.6,25,83,1004.3,0.5,,22
2025-08-07T23:00:00+09:00,Nagoya,35.1814464,136.906398,53,pm25,53,19,5.6,1.5,4.5,39.2,30.4,66,1002,2.9,,
2025-08-08T00:00:00+09:00,Fukuoka,33.5903547,130.4017155,63,pm25,63,53,6.5,1.5,5.6,46.5,28,88,1004,1.5,,
2025-08-07T23:00:00+09:00,Kawasaki,35.5309058,139.7030511,70,pm25,70,29,33.4,2.9,3.4,43.2,31,83,998,1.6,,
2025-08-07T23:00:00+08:00,Shenzhen,22.543099,114.057868,65,pm25,65,52,17.9,4.1,8.2,17.5,29.4,94,1009.5,1.5,,
2025-08-07T23:00:00+08:00,Zhongshan (Taiwan),25.062361,121.526528,59,pm25,59,24,20.2,2.5,4.6,9.6,29,79,1009.5,2,11.8,25
2025-08-07T23:00:00+08:00,Chongqing,29.56301,106.551557,87,pm25,87,29,15.6,1.6,4.6,39.4,28,83,1004,3.6,,
2025-08-07T18:00:00+03:00,Istanbul (Turkey),41.015278,29.025,53,pm25,53,28,9.5,1.1,14.9,43.8,26.4,90.9,1007.3,9.2,,24.8
2025-08-07T23:00:00+07:00,Hanoi,21.0491,105.8831,96,pm25,96,57,16,10,3,11,29,83,1007,3,12.3,26
2025-08-07T23:00:00+07:00,Bangkok,13.7563309,100.5017651,56,pm25,56,17,0.6,0.6,0.1,4.8,29.5,86.2,1009.4,1.5,,
2025-08-07T22:00:00+05:30,Delhi,28.6341,77.2005,83,pm10,82,83,8.4,4.9,4.3,1.8,25.474999999999998,78.55000000000001,986.6750000000001,0.325,8.2,25
2025-08-07T22:00:00+05:30,Mumbai,19.0863,72.8888,96,pm25,96,57,1.4,14.9,0.8,11.7,28,99.92,1006.11,29.77333333333333,11.3,25
2025-08-08T01:00:00+09:00,Seoul,37.566535,126.9779692,34,pm25,34,22,13.2,4.2,5.3,27.8,26.2,75.8,993.3,1.5,,
2025-08-08T00:00:00+08:00,Beijing,39.954592,116.468117,87,pm25,87,40,13.8,2.6,8.2,41.1,28,78,1006,0.5,,
2025-08-08T00:00:00+08:00,Shanghai,31.2047372,121.4489017,59,pm25,59,26,16,1.6,7.3,32.9,32,62,1005,2.5,,
2025-08-08T00:00:00+09:00,Shinjuku (Tokyo),35.713889,139.705556,53,pm25,53,19,7.5,1.5,3.4,21.6,28.7,78.1,996.2,1.5,,24.5
2025-08-08T01:00:00+09:00,Osaka,34.6937378,135.5021651,38,pm25,38,18,23.2,5.8,0.1,33.6,25,94,1002,1,,
2025-08-07T16:00:00+02:00,Paris,48.856614,2.3522219,45,o3,36,26,15.4,0.6,0.1,44.7,30,26.6,1017,3.6,,
2025-08-07T16:00:00+01:00,London,51.5073509,-0.1277583,42,pm25,42,20,19.2,1.3,2,19.4,22.2,60.1,1015.3,8.6,,
2025-08-07T18:00:00+02:00,Frankfurt,50.075464,8.576305,47,o3,24,12,,0.5,0.1,47.3,26.5,43,1017,3.6,10.2,13
2025-08-07T18:00:00+02:00,Hamburg,53.564486,9.96834,37,o3,42,17,5.5,1.6,0.1,37.4,23.5,48,1015,5.1,10.8,12
2025-08-08T00:00:00+08:00,Wuhan,30.593099,114.305393,50,pm25,50,19,12.8,2.6,3.7,,30,89,1005,0.5,,
2025-08-07T18:00:00+02:00,Warsaw (Poland),52.225171,21.014783,29,pm25,29,15,28.2,2,0.1,12,23,40,1021,3,,9
2025-08-07T22:00:00+05:30,Chennai (India),13.1278,80.2642,161,pm25,161,73,2.6,1.3,1.4,,30.146666666666665,67.27333333333333,82943.66666666667,2.8499999999999996,9.2,27
2025-08-07T11:00:00-04:00,Boston,42.325184,-71.05608,50,pm25,50,21,3.8,0.8,2.3,18.4,26.1,31.5,1029.5,,,
2025-08-07T10:00:00-04:00,Georgia,33.68797,-84.29048,18,o3,14,8,1.6,0.2,2.3,17.6,24.4,53.8,1024.5,0.2,3.6,
2025-08-07T09:00:00-07:00,Phoenix,33.403055555556,-112.07527777778,65,pm10,55,65,4.7,,2.3,20.8,39,12,1012.5,3.6,9.2,5
2025-08-07T22:00:00+05:30,Hyderabad (India),17.417094,78.457437,162,pm25,162,83,15.3,15.9,14.3,6.9,22,99.41499999999999,1011.5,0.6375,10.2,21
2025-08-07T09:00:00-06:00,Denver,39.732146,-105.015317,21,pm25,21,20,9.2,0.6,3,13.5,30.5556,22,1021.9,6,11.6,
2025-08-08T00:00:00+09:00,Nagoya,35.1814464,136.906398,50,pm25,50,19,5.6,1.5,3.4,42.4,29.4,63,1001.6,4.2,,
2025-08-08T01:00:00+09:00,Fukuoka,33.5903547,130.4017155,61,pm25,61,53,6.5,1.5,5.6,42.4,27,94,1003,2.5,,
2025-08-08T01:00:00+09:00,Kawasaki,35.5309058,139.7030511,46,o3,1,22,26,1.5,4.5,45.6,29,79,998,2,,
2025-08-08T00:00:00+08:00,Shenzhen,22.543099,114.057868,80,pm25,80,60,19.7,4.1,9.1,17.9,29.4,94,1009,2.5,,
2025-08-08T00:00:00+08:00,Zhongshan (Taiwan),25.062361,121.526528,57,pm25,57,28,13.9,1.3,3.6,10.1,29,79,1009,1.5,11.8,25
2025-08-08T00:00:00+08:00,Chongqing,29.56301,106.551557,78,pm25,78,30,12.8,1.6,4.6,39.4,29,83,1004,1.5,,
2025-08-07T19:00:00+03:00,Istanbul (Turkey),41.015278,29.025,54,pm25,54,27,9.5,1.1,14.8,47.3,25.9,92.6,1007.5,8.2,,24.6
2025-08-08T00:00:00+07:00,Hanoi,21.0491,105.8831,89,pm25,89,54,11,9,4,18,29,85.5,1007,3,,26.5
2025-08-07T23:00:00+05:30,Delhi,28.6341,77.2005,109,pm25,109,84,7,4.2,4.8,15.1,24.8,80.675,986.675,0.4,8.2,24
2025-08-07T23:00:00+05:30,Mumbai,19.0863,72.8888,98,pm25,98,58,1.5,14.9,1.1,11.7,28,99.92,1006.56,28.80333333333333,11.3,25
2025-08-08T02:00:00+09:00,Seoul,37.566535,126.9779692,30,pm25,30,24,12.6,4.5,5.3,27.8,25.6,79.5,992.9,2,,
2025-08-08T01:00:00+08:00,Beijing,39.954592,116.468117,93,pm25,93,42,11,3.1,8.2,48.4,27,83,1006,1.5,,
2025-08-08T01:00:00+09:00,Shinjuku (Tokyo),35.713889,139.705556,53,pm25,53,19,7.5,1.5,2.3,48.1,29.4,76,999.9,0.2,0.2,
2025-08-08T02:00:00+09:00,Osaka,34.6937378,135.5021651,38,pm25,38,26,14.9,7.2,0.1,33.6,24,94,1002,1,,
2025-08-07T17:00:00+02:00,Paris,48.856614,2.3522219,46,o3,21,19,17,0.6,0.1,45.5,30.1,27.6,1017,3.6,,
2025-08-07T19:00:00+02:00,Frankfurt,50.075464,8.576305,44,o3,25,13,,0.5,0.1,44,26,40,1016.5,4.1,10.2,11.5
2025-08-07T19:00:00+02:00,Hamburg,53.564486,9.96834,38,o3,38,17,5.5,1.6,0.1,38.2,23,53,1015,4.1,10.8,13
2025-08-07T19:00:00+03:00,Moscow,55.791842,37.578405,46,pm25,46,13,23.8,0.3,11.2,13,21.9,49.6,1018.3,6.1,9.5,
2025-08-08T01:00:00+08:00,Wuhan,30.593099,114.305393,57,pm25,57,22,10.6,2.6,5.5,,30,84,1004,0.5,,
2025-08-07T19:00:00+02:00,Warsaw (Poland),52.225171,21.014783,30,pm25,30,15,32.7,2,0.1,12,22,43,1021,2.5,,9
2025-08-07T23:00:00+05:30,Chennai (India),13.1278,80.2642,133,pm25,133,59,2.7,0.9,2,,30.095000000000002,64.4575,82957.525,2.7225,9.2,27
2025-08-07T12:00:00-04:00,Boston,42.325184,-71.05608,40,pm25,40,13,2.8,0.3,1.2,25.6,25.2,35,1029,,,
2025-08-07T11:00:00-04:00,Georgia,33.68797,-84.29048,20,o3,15,9,1.7,0.2,2.3,20,25.1,54,1023.3,0.1,3.2,
2025-08-07T10:00:00-07:00,Phoenix,33.403055555556,-112.07527777778,40,pm10,33,40,4.7,,2.3,29.6,41,12,1012.8,1.5,9.2,6
2025-08-07T23:00:00+05:30,Hyderabad (India),17.417094,78.457437,124,pm25,124,74,10.5,14.1,6.1,6.9,22,99.42,1012,0.57,10.2,21
2025-08-07T10:00:00-06:00,Denver,39.732146,-105.015317,22,pm10,21,22,8.3,0.6,2.5,13.5,32.7778,18.5,1021.4,9,11,
2025-08-08T02:00:00+09:00,Daegu,35.8714354,128.601445,38,pm25,38,19,10,4.2,6,26.2,7.1,71,1016,3.9,,
2025-08-08T02:00:00+09:00,Gyeonggi,37.4112,127.2579,55,pm25,55,25,11.6,2.9,5.4,21.3,24,88,1004,1,,22
2025-08-08T01:00:00+09:00,Nagoya,35.1814464,136.906398,55,pm25,55,16,5.6,1.5,3.4,42.4,28.8,64,1001.5,4.4,,
2025-08-08T02:00:00+09:00,Fukuoka,33.5903547,130.4017155,59,pm25,59,50,3.8,1.5,4.5,40,27,88,1003,2,,
2025-08-08T02:00:00+09:00,Kawasaki,35.5309058,139.7030511,42,o3,1,34,37.1,1.5,3.4,41.6,28,83,998,1,,
2025-08-08T01:00:00+08:00,Shenzhen,22.543099,114.057868,78,pm25,78,58,20.2,4.1,9.1,12.2,29.4,93.7,1008.5,2.5,,
2025-08-08T01:00:00+08:00,Zhongshan (Taiwan),25.062361,121.526528,70,pm25,70,21,13.3,1.5,3.3,10.6,29,79,1009,1.5,11.8,25
2025-08-08T01:00:00+08:00,Chongqing,29.56301,106.551557,80,pm25,80,37,28.8,1.6,4.6,23.6,29,83,1003,0.5,,
2025-08-08T01:00:00+07:00,Hanoi,21.0491,105.8831,75,pm25,75,51,10,9,2,18,28.5,91,1007,2.8,,27
2025-08-08T01:00:00+07:00,Bangkok,13.7563309,100.5017651,48,pm25,48,21,0.6,0.6,0.1,4.8,29.3,91.4,1008.4,1,,
2025-08-08T00:00:00+05:30,Delhi,28.6341,77.2005,93,pm25,93,75,6.3,4,4.6,12,23.75,83.875,986.625,0.3,8.2,24
2025-08-08T03:00:00+09:00,Seoul,37.566535,126.9779692,42,pm25,42,27,10.9,4.3,5,24.2,25.2,79.5,993,2,,
2025-08-08T02:00:00+08:00,Beijing,39.954592,116.468117,70,pm25,70,29,11,2.1,7.3,39.4,27,83,1006,1.5,,
2025-08-08T02:00:00+08:00,Shanghai,31.2047372,121.4489017,19,pm10,59,19,12.4,2.1,7.3,12.6,32,68,1005,2.5,,
2025-08-08T03:00:00+09:00,Osaka,34.6937378,135.5021651,42,pm25,42,21,13.9,7.2,0.1,30.4,24,94,1002,1.4,,
2025-08-07T18:00:00+02:00,Paris,48.856614,2.3522219,46,o3,25,21,11.9,0.6,0.1,45.6,28,26,1017,3.6,,
2025-08-07T18:00:00+01:00,London,51.5073509,-0.1277583,46,pm25,46,21,19.7,1,2.6,20.6,21.3,63.2,1015.1,8.6,,
2025-08-07T20:00:00+02:00,Frankfurt,50.075464,8.576305,42,o3,22,12,,0.5,0.1,42.4,25,41,1017,3,10.2,11
2025-08-07T20:00:00+02:00,Hamburg,53.564486,9.96834,38,pm25,38,17,6.9,1.6,0.1,36.2,22.5,56.5,1014.5,1.8,10.8,13.5
2025-08-07T21:00:00+03:00,Moscow,55.791842,37.578405,59,pm25,59,13,29.3,0.3,16.9,6,20.2,55.2,1019,4.7,6.7,
2025-08-07T20:00:00+02:00,Warsaw (Poland),52.225171,21.014783,29,pm25,29,15,33.7,2,0.1,12,19,52,1020,1,,9
2025-08-08T02:00:00+09:30,Winnellie (Australia),-12.424323299931126,130.89335024356842,70,pm25,70,21,1.7,1,5.7,9.2,21.3,96.4,1010.3,2.57,,20.6
2025-08-08T00:00:00+05:30,Chennai (India),13.1278,80.2642,88,pm25,88,43,1.9,0.9,2.4,,30.0275,64.7775,82928.95,2.6375,9.2,27
2025-08-07T13:00:00-04:00,Boston,42.325184,-71.05608,38,pm25,38,11,2.8,0.5,1.2,26.4,25.1,34.6,1028.2,,,
2025-08-07T12:00:00-04:00,Georgia,33.68797,-84.29048,22,o3,17,10,1.9,0.2,2.3,21.6,27,50.5,1022.4,0.1,3.6,
2025-08-07T11:00:00-07:00,Phoenix,33.403055555556,-112.07527777778,40,o3,35,31,4.7,,1.2,40,42,11,1012.5,1.5,9.2,6
2025-08-08T00:00:00+05:30,Hyderabad (India),17.417094,78.457437,157,pm25,157,74,11.1,14.5,6.9,6.9,22,99.4325,1012.5,0.5975,10.2,22
2025-08-07T11:00:00-06:00,Denver,39.732146,-105.015317,18,o3,17,15,4.6,0.6,1.9,17.9,33.8889,16,1020.1,8,8,
2025-08-08T03:00:00+09:00,Daegu,35.8714354,128.601445,46,pm25,46,20,14.5,3.6,5.8,11.7,7.1,71,1016,3.9,,
2025-08-08T03:00:00+09:00,Gyeonggi,37.4112,127.2579,50,pm25,50,26,8.2,2.8,5.3,21.5,24,88,1004,1.5,,22
2025-08-08T02:00:00+09:00,Nagoya,35.1814464,136.906398,50,pm25,50,13,7.5,1.5,3.4,41.6,28.3,66.3,1001.4,3.9,,
2025-08-08T03:00:00+09:00,Fukuoka,33.5903547,130.4017155,61,pm25,61,50,5.6,1.5,4.5,40,27,88,1003,2.5,,
2025-08-08T02:00:00+08:00,Shenzhen,22.543099,114.057868,80,pm25,80,55,16.5,4.1,9.1,8.6,28.9,93.3,1008.2,1.5,,
2025-08-08T02:00:00+08:00,Zhongshan (Taiwan),25.062361,121.526528,53,pm25,53,20,6.7,0.8,2.5,11.7,28,83,1008,1,11.8,25
2025-08-08T02:00:00+08:00,Chongqing,29.56301,106.551557,76,pm25,76,33,18.3,1.1,4.6,26,29,83,1003,0.5,,
2025-08-07T21:00:00+03:00,Istanbul (Turkey),41.015278,29.025,57,pm25,57,30,8.5,1,15,44.9,25.3,91.4,1008.5,6.6,,23.8
2025-08-08T02:00:00+07:00,Hanoi,21.0491,105.8831,63,pm25,63,45,10,9,2,20,28,94,1006,1.5,,27
2025-08-08T00:00:00+05:30,Mumbai,19.0863,72.8888,101,pm25,101,60,1.7,14.9,1.5,11.6,28,99.92,1005.905,29.345,11.3,25
2025-08-08T04:00:00+09:00,Seoul,37.566535,126.9779692,34,pm25,34,25,11.4,4.2,4.8,22.4,25.2,79.5,993,2,,
2025-08-08T03:00:00+08:00,Beijing,39.954592,116.468117,59,pm25,59,23,11.9,2.1,6.4,32.9,27,83,1005,1.5,,
2025-08-08T03:00:00+08:00,Shanghai,31.2047372,121.4489017,53,pm25,53,22,15.6,5.6,4.6,12.6,30,74,1004,1.5,,
2025-08-08T03:00:00+09:00,Shinjuku (Tokyo),35.713889,139.705556,59,pm25,59,20,10.2,1.5,3.4,48.1,28.8,78,1000.7,0.2,0.2,
2025-08-07T19:00:00+02:00,Paris,48.856614,2.3522219,46,o3,26,21,20,0.6,0.1,45.6,26,29,1016,2.5,,
2025-08-07T21:00:00+02:00,Frankfurt,50.075464,8.576305,29,o3,26,18,,0.5,0.1,29.3,23,48.5,1017,2.8,10.2,11.5
2025-08-07T21:00:00+02:00,Hamburg,53.564486,9.96834,38,pm25,38,17,8.3,1.6,0.1,32.9,21,68,1014,1.5,10.8,15
2025-08-08T03:00:00+08:00,Wuhan,30.593099,114.305393,53,pm25,53,16,9.6,2.1,3.7,,29,94,1003,1.5,,
2025-08-07T21:00:00+02:00,Warsaw (Poland),52.225171,21.014783,36,pm25,36,20,43.8,2,0.1,12,16,67,1021,1,,10
2025-08-08T04:00:00+09:30,Winnellie (Australia),-12.424323299931126,130.89335024356842,71,pm25,71,22,1.8,0.9,5.9,6.2,21,97,1010.3,1,,20.3
2025-08-07T13:00:00-04:00,Georgia,33.68797,-84.29048,25,o3,16,10,1.1,0.2,2.2,24.8,27.5,49.7,1021.8,1,4.5,
2025-08-07T12:00:00-07:00,Phoenix,33.403055555556,-112.07527777778,52,o3,22,27,4.7,,1.2,52,44,9,1011.8,2.5,9.2,5
2025-08-07T12:00:00-06:00,Denver,39.732146,-105.015317,18,o3,17,14,8.7,0.6,2.9,18.3,35.5556,13.5,1019.4,5,13,
2025-08-08T03:00:00+09:00,Nagoya,35.1814464,136.906398,41,o3,38,11,7.5,1.5,3.4,40.8,28.3,69,1001.4,4,,
2025-08-08T04:00:00+09:00,Fukuoka,33.5903547,130.4017155,61,pm25,61,51,6.5,1.5,4.5,40,27,88,1003,2.5,,
2025-08-08T03:00:00+09:00,Kawasaki,35.5309058,139.7030511,57,pm25,57,19,26.9,1.5,3.4,39.2,28,83,999,1.5,,
2025-08-08T03:00:00+08:00,Shenzhen,22.543099,114.057868,78,pm25,78,52,19.2,4.6,6.4,8.6,28.3,94.2,1008.3,1.5,,
2025-08-08T03:00:00+08:00,Zhongshan (Taiwan),25.062361,121.526528,57,pm25,57,20,5.5,0.6,2.6,9.6,28,83,1008,1,11.8,25
2025-08-08T03:00:00+08:00,Chongqing,29.56301,106.551557,74,pm25,74,35,12.4,1.6,3.7,28.5,28,94,1003,0.5,,
2025-08-08T03:00:00+07:00,Hanoi,21.0491,105.8831,58,pm25,58,43,8,9,3,21,27.5,97,1006,1.5,,27
2025-08-08T02:00:00+07:00,Bangkok,13.7563309,100.5017651,48,pm25,48,20,0.6,0.6,0.1,4.8,29.4,91.4,1009,1,,
2025-08-08T02:00:00+05:30,Delhi,28.6341,77.2005,95,pm25,95,63,5.7,2.2,5,18.8,22.950000000000003,87.97500000000001,986.6,0.275,8.2,24
2025-08-08T01:00:00+05:30,Mumbai,19.0863,72.8888,99,pm25,99,59,1.7,14.9,1.3,11.6,28,99.92,1005.41,29.336666666666662,11.3,25
2025-08-08T05:00:00+09:00,Seoul,37.566535,126.9779692,42,pm25,42,25,10.4,4.6,5.2,20.1,24.2,83.9,993,1,,
2025-08-08T04:00:00+08:00,Beijing,39.954592,116.468117,70,pm25,70,30,10.6,2.1,6.4,33.8,27,83,1005,1.5,,
2025-08-08T04:00:00+08:00,Shanghai,31.2047372,121.4489017,53,pm25,53,24,15.6,4.1,4.6,9.8,31,70,1004,1.5,,
2025-08-08T04:00:00+09:00,Shinjuku (Tokyo),35.713889,139.705556,42,pm25,42,14,10.2,1.5,3.4,48.1,28.6,76.2,1000.8,0.2,0.2,
2025-08-08T05:00:00+09:00,Osaka,34.6937378,135.5021651,46,pm25,46,28,28.8,5.8,0.1,25.6,24,88,1003,2.5,,
2025-08-07T20:00:00+02:00,Paris,48.856614,2.3522219,45,o3,37,20,20,0.6,0.1,45,25,51.3,1017,1.5,,
2025-08-07T20:00:00+01:00,London,51.5073509,-0.1277583,50,pm25,50,21,15.6,0.6,1.9,20.4,20,75.6,1015.6,8.2,,
2025-08-07T23:00:00+03:00,Moscow,55.791842,37.578405,63,pm25,63,11,28.8,0.3,12.4,3.3,18.8,61,1019.3,6,9,
2025-08-08T04:00:00+08:00,Wuhan,30.593099,114.305393,53,pm25,53,17,12.8,2.1,3.7,,29,94,1003,1.5,,
2025-08-07T22:00:00+02:00,Warsaw (Poland),52.225171,21.014783,43,pm25,43,26,45.3,2,0.1,12,16,67,1021,1,,10
2025-08-08T01:00:00+05:30,Chennai (India),13.1278,80.2642,88,pm25,88,40,2.2,1.3,3.5,,29.813333333333333,63.946666666666665,82870.76666666668,2.473333333333333,9.2,27
2025-08-07T15:00:00-04:00,Boston,42.325184,-71.05608,36,pm25,36,22,3.8,0.5,1.2,24.8,25.3,44.6,1027.1,,,
2025-08-07T14:00:00-04:00,Georgia,33.68797,-84.29048,26,o3,18,8,1.5,0.2,2.3,25.6,29,46.5,1021.5,0.6,2.8,
2025-08-07T13:00:00-07:00,Phoenix,33.403055555556,-112.07527777778,62,o3,40,48,4.7,,1.2,62.2,46,8,1011.1,2,9.2,5
2025-08-08T01:00:00+05:30,Hyderabad (India),17.417094,78.457437,111,pm25,111,71,10.4,14.3,5.4,6.9,22,99.45,1012.5,0.65,10.2,22
2025-08-07T13:00:00-06:00,Denver,39.732146,-105.015317,18,o3,17,17,10.1,0.6,3.4,17.5,36.1111,12,1018.5,7,9.5,
2025-08-08T05:00:00+09:00,Daegu,35.8714354,128.601445,46,pm25,46,19,15.7,3.5,5.7,9.3,7.1,71,1016,3.9,,
2025-08-08T05:00:00+09:00,Gyeonggi,37.4112,127.2579,46,pm25,46,25,8.4,3,5.4,18.1,23,94,1004,1.5,,22
2025-08-08T04:00:00+09:00,Nagoya,35.1814464,136.906398,38,pm25,38,10,5.6,1.5,3.4,37.6,27.7,71,1001.7,2.2,,
2025-08-08T05:00:00+09:00,Fukuoka,33.5903547,130.4017155,59,pm25,59,35,7.5,1.5,3.4,32.8,26,94,1003,2.5,,
2025-08-08T04:00:00+09:00,Kawasaki,35.5309058,139.7030511,55,pm25,55,22,26,1.5,4.5,37.6,29,83,999,1.8,,
2025-08-08T04:00:00+08:00,Shenzhen,22.543099,114.057868,80,pm25,80,53,17,4.1,6.4,7,28.3,95,1008.5,0.8,,
2025-08-08T04:00:00+08:00,Zhongshan (Taiwan),25.062361,121.526528,63,pm25,63,27,6.2,0.8,2.7,7.2,28,83,1008,1,11.8,25
2025-08-08T04:00:00+08:00,Chongqing,29.56301,106.551557,57,pm25,57,21,6,2.1,3.7,27.7,28,100,1002,0.5,,
2025-08-07T23:00:00+03:00,Istanbul (Turkey),41.015278,29.025,59,pm25,59,31,4.2,1.1,15.3,42.9,24.9,90.8,1008.8,6.1,,23.3
2025-08-08T04:00:00+07:00,Hanoi,21.0491,105.8831,60,pm25,60,46,9,9,4,20,27,94,1005,2,,26
2025-08-08T04:00:00+07:00,Bangkok,13.7563309,100.5017651,40,pm25,40,18,0.6,0.6,0.1,4.8,27,92.1,1007.7,1,,
2025-08-08T02:00:00+05:30,Mumbai,19.0863,72.8888,104,pm25,104,61,1.7,14.9,1.3,11.6,28,99.92,1004.84,30.125,11.3,25
2025-08-08T06:00:00+09:00,Seoul,37.566535,126.9779692,42,pm25,42,26,12.6,4.5,5.3,13.2,24.2,83.9,993,1,,
2025-08-08T05:00:00+08:00,Beijing,39.954592,116.468117,82,pm25,82,39,10.1,5.1,7.3,30.5,27,83,1005,1.5,,
2025-08-08T05:00:00+08:00,Shanghai,31.2047372,121.4489017,53,pm25,53,25,15.6,4.1,4.6,9.4,31,70,1005,1.5,,
2025-08-08T05:00:00+09:00,Shinjuku (Tokyo),35.713889,139.705556,38,pm25,38,6,9.3,1.5,2.3,48.1,28.3,69,1001.3,0.2,1,
2025-08-08T06:00:00+09:00,Osaka,34.6937378,135.5021651,46,pm25,46,19,26.9,5.8,0.1,21.6,24,94,1003,1,,
2025-08-07T23:00:00+02:00,Frankfurt,50.075464,8.576305,30,pm25,30,18,,0.5,0.1,10.4,17,67,1017,2,10.2,11
2025-08-07T23:00:00+02:00,Hamburg,53.564486,9.96834,42,pm25,42,17,16.5,3.6,0.1,27.3,20,64,1015,3,10.8,13
2025-08-08T00:00:00+03:00,Moscow,55.791842,37.578405,59,pm25,59,13,27.5,0.1,9.1,5.5,17.7,61.5,1019.7,4.5,7.5,
2025-08-08T05:00:00+08:00,Wuhan,30.593099,114.305393,50,pm25,50,16,11,2.1,9.1,,30,89,1003,2.5,,
2025-08-08T07:00:00+09:30,Winnellie (Australia),-12.424323299931126,130.89335024356842,61,pm25,61,18,2.8,0.9,5.6,7.2,21.1,96,1010.5,3.99,,20.3
2025-08-08T02:00:00+05:30,Chennai (India),13.1278,80.2642,87,pm25,87,45,2.7,1.8,3.8,,29.77,65.88666666666667,82873.3,2.16,10.2,23
2025-08-07T15:00:00-04:00,Georgia,33.68797,-84.29048,27,o3,20,10,1,0.2,2.3,27.2,28.5,47.6,1021.9,0.6,2.4,
2025-08-07T14:00:00-07:00,Phoenix,33.403055555556,-112.07527777778,49,o3,43,38,4.7,,1.2,48.8,47,7,1010.1,5.1,9.2,4
2025-08-08T02:00:00+05:30,Hyderabad (India),17.417094,78.457437,166,pm25,166,76,9.4,14.5,5.4,6.9,22,99.45,1012.5,0.47333333333333333,10.2,22
2025-08-07T14:00:00-06:00,Denver,39.732146,-105.015317,18,o3,17,11,6.4,0.6,2.4,18.3,35.5556,14.3,1017.7,3,5.3,
2025-08-08T06:00:00+09:00,Daegu,35.8714354,128.601445,38,pm25,38,26,20.3,3.8,5.6,5.5,7.1,71,1016,3.9,,
2025-08-08T06:00:00+09:00,Gyeonggi,37.4112,127.2579,42,pm25,42,25,13,3,5.4,8.5,23,94,1004,1.5,,22
2025-08-08T05:00:00+09:00,Nagoya,35.1814464,136.906398,42,pm25,42,13,8.4,1.5,4.5,34.4,27.7,79,1002.1,2.5,,
2025-08-08T06:00:00+09:00,Fukuoka,33.5903547,130.4017155,59,pm25,59,40,8.4,1.5,4.5,29.6,26,94,1004,2,,
2025-08-08T05:00:00+09:00,Kawasaki,35.5309058,139.7030511,53,pm25,53,20,34.3,1.5,4.5,31.2,29,75,999,2.3,,
2025-08-08T05:00:00+08:00,Shenzhen,22.543099,114.057868,87,pm25,87,58,15.6,4.1,6.4,9.4,28.3,95.5,1009,0.6,,
2025-08-08T05:00:00+08:00,Zhongshan (Taiwan),25.062361,121.526528,57,pm25,57,23,5.7,0.6,2.4,7.6,27,88,1008,0.5,11.8,25
2025-08-08T05:00:00+08:00,Chongqing,29.56301,106.551557,59,pm25,59,22,7.8,1.1,3.7,20.4,28,100,1002,0.5,,
2025-08-08T00:00:00+03:00,Istanbul (Turkey),41.015278,29.025,60,pm25,60,31,3.9,1.2,15.4,40.5,24.9,89.8,1008.8,7.2,,23.1
2025-08-08T05:00:00+07:00,Hanoi,21.0491,105.8831,64,pm25,64,50,8,10,5,25,27,97,1005,1.2,,26.5
2025-08-08T05:00:00+07:00,Bangkok,13.7563309,100.5017651,53,pm25,53,17,0.6,0.6,0.1,4.8,27,94.8,1008.4,1,,
2025-08-08T04:00:00+05:30,Delhi,28.6341,77.2005,97,pm25,97,73,3.6,1.3,3.4,5.5,24.525,80.9,986.5749999999999,0.25,8.2,24
2025-08-08T04:00:00+05:30,Mumbai,19.0863,72.8888,98,pm25,98,58,1.6,14.8,1.3,11.6,28,99.92,1004.1333333333333,44.29333333333333,11.3,25
2025-08-08T07:00:00+09:00,Seoul,37.566535,126.9779692,46,pm25,46,30,17,4.5,5.6,9.7,24.2,84.9,993.8,1,,
2025-08-08T06:00:00+08:00,Beijing,39.954592,116.468117,89,pm25,89,42,11.9,4.6,8.2,25.2,26,88,1005,1.5,,
2025-08-08T06:00:00+08:00,Shanghai,31.2047372,121.4489017,53,pm25,53,23,17,4.1,4.6,9.4,31,74,1005,1.5,,
2025-08-08T06:00:00+09:00,Shinjuku (Tokyo),35.713889,139.705556,30,pm25,30,11,7.5,1.5,2.3,48.1,29.8,60.3,1002.2,0.2,0.6,
2025-08-08T07:00:00+09:00,Osaka,34.6937378,135.5021651,42,pm25,42,18,29.7,7.2,0.1,24.1,25,88,1004,2,,
2025-08-07T21:00:00+02:00,Paris,48.856614,2.3522219,44,o3,42,36,44.5,0.6,0.1,43.6,23,59.8,1017,2,,
2025-08-07T21:00:00+01:00,London,51.5073509,-0.1277583,50,pm25,50,22,11,0.6,1.9,19.9,19.4,78.8,1015.6,6.1,,
2025-08-08T00:00:00+02:00,Frankfurt,50.075464,8.576305,28,pm25,28,16,,0.5,0.1,9.2,16.5,69.5,1017,0.7,10.2,11
2025-08-08T00:00:00+02:00,Hamburg,53.564486,9.96834,38,pm25,38,17,16,7.1,0.1,26.9,19,63,1014.5,3.3,10.8,12
2025-08-08T06:00:00+08:00,Wuhan,30.593099,114.305393,38,pm25,38,20,5.5,2.6,1.9,,29,94,1003,1.5,,
2025-08-08T00:00:00+02:00,Warsaw (Poland),52.225171,21.014783,40,pm25,40,21,28.6,2,0.1,12,15,67,1020,2,,9
2025-08-08T04:00:00+05:30,Chennai (India),13.1278,80.2642,151,pm25,151,12,1.7,2,2.8,,29.7175,67.05,82842.375,1.19,10.2,23
2025-08-07T17:00:00-04:00,Boston,42.325184,-71.05608,40,pm25,40,18,2.8,0.5,2.3,24.1,25.3,48.3,1026.3,,,
2025-08-07T16:00:00-04:00,Georgia,33.68797,-84.29048,26,o3,19,9,1.1,0.2,2.3,25.6,29.6,44.2,1021.2,0.6,0.8,
2025-08-07T15:00:00-07:00,Phoenix,33.403055555556,-112.07527777778,49,o3,37,21,4.7,,1.2,48.8,47,7,1009.1,5.6,9.2,4
2025-08-08T04:00:00+05:30,Hyderabad (India),17.417094,78.457437,76,pm25,76,69,8,14.1,4.6,6.9,22,99.45,1012.5,0.6125,10.2,22
2025-08-07T15:00:00-06:00,Denver,39.732146,-105.015317,18,o3,17,13,4.2,0.6,1.7,17.5,35.5556,15,1017.1,4,13,
2025-08-08T06:00:00+09:00,Nagoya,35.1814464,136.906398,34,pm25,34,13,11.2,1.5,3.4,29.6,28.8,66,1003,2.6,,
2025-08-08T07:00:00+09:00,Fukuoka,33.5903547,130.4017155,61,pm25,61,30,9.3,1.5,3.4,27.2,26.5,91,1004,2.3,,
2025-08-08T06:00:00+09:00,Kawasaki,35.5309058,139.7030511,42,pm25,42,10,31.5,1.5,3.4,23.3,30,63.5,999.5,1.8,,
2025-08-08T06:00:00+08:00,Shenzhen,22.543099,114.057868,80,pm25,80,57,15.1,4.1,6.4,8.2,28.8,95,1009.5,0.7,,
2025-08-08T06:00:00+08:00,Zhongshan (Taiwan),25.062361,121.526528,59,pm25,59,22,5.2,0.8,2.6,6.8,27,88,1008,1.5,11.8,25
2025-08-08T06:00:00+08:00,Chongqing,29.56301,106.551557,55,pm25,55,27,6.4,1.6,3.7,22.8,28,88,1002,0.5,,
2025-08-08T01:00:00+03:00,Istanbul (Turkey),41.015278,29.025,62,pm25,62,32,4.3,2,15.4,36.4,24.9,89.8,1008.8,7.2,,23.1
2025-08-08T06:00:00+07:00,Hanoi,21.0491,105.8831,70,pm25,70,52,5,10,7,30,27,100,1006,1.5,,27
2025-08-08T06:00:00+07:00,Bangkok,13.7563309,100.5017651,70,pm25,70,19,0.6,0.6,0.1,4.8,25.9,95.9,1009,1.5,,
2025-08-08T05:00:00+05:30,Delhi,28.6341,77.2005,82,pm25,82,65,3.2,2.2,3.2,9.8,24.625,77.125,986.6,0.24999999999999997,8.2,24
2025-08-08T08:00:00+09:00,Seoul,37.566535,126.9779692,46,pm25,46,30,18.4,4.6,5.8,12.3,25.4,82.5,993.9,1.5,,
2025-08-08T07:00:00+08:00,Beijing,39.954592,116.468117,97,pm25,97,47,13.8,4.1,9.1,19.9,26,88,1005,1.5,,
2025-08-08T07:00:00+08:00,Shanghai,31.2047372,121.4489017,50,pm25,50,26,16.5,4.1,8.2,9.8,32,70,1005,1.5,,
2025-08-08T07:00:00+09:00,Shinjuku (Tokyo),35.713889,139.705556,30,pm25,30,11,7.5,1.5,2.3,48.1,30.5,57,1002.3,0.2,0.7,
2025-08-08T08:00:00+09:00,Osaka,34.6937378,135.5021651,50,pm25,50,20,29.7,7.2,0.1,25.6,27,88,1004,2,,
2025-08-08T01:00:00+02:00,Hamburg,53.564486,9.96834,38,pm25,38,17,16,7.1,0.1,26.9,18,67,1014,2.8,10.8,12
2025-08-08T07:00:00+08:00,Wuhan,30.593099,114.305393,34,pm25,34,16,7.8,2.6,1.9,,29,88,1004,2.5,,
2025-08-08T01:00:00+02:00,Warsaw (Poland),52.225171,21.014783,39,pm25,39,20,24.6,2,0.1,12,14,76,1020,2.5,,10
2025-08-08T08:00:00+09:30,Winnellie (Australia),-12.424323299931126,130.89335024356842,70,pm25,70,23,2.7,1,5.7,8.7,21.1,82.8,1011,2.99,,20.3
2025-08-07T17:00:00-04:00,Georgia,33.68797,-84.29048,24,o3,19,10,0.9,,2.3,24.1,29.2,46,1020.6,0.6,0.2,
2025-08-07T16:00:00-07:00,Phoenix,33.403055555556,-112.07527777778,47,o3,20,17,4.7,,1.2,46.5,48,7,1008.1,5.1,9.2,4
2025-08-07T16:00:00-06:00,Denver,39.732146,-105.015317,18,o3,17,17,3.2,0.6,1.7,17.9,35,15,1016.6,5,9.6,
2025-08-08T08:00:00+09:00,Daegu,35.8714354,128.601445,53,pm25,53,21,22.5,3.9,5.4,17.9,7.1,71,1016,3.9,,
2025-08-08T08:00:00+09:00,Gyeonggi,37.4112,127.2579,53,pm25,53,28,14.3,2.8,5.9,4.4,25,88,1005.4,1.5,,23
2025-08-08T07:00:00+09:00,Nagoya,35.1814464,136.906398,42,pm25,42,13,13,1.5,3.4,28.9,29.4,67,1003,3.6,,
2025-08-08T08:00:00+09:00,Fukuoka,33.5903547,130.4017155,57,pm25,57,39,13.9,1.5,4.5,24.1,27.5,85.5,1004,2.5,,
2025-08-08T07:00:00+09:00,Kawasaki,35.5309058,139.7030511,38,pm25,38,11,31.5,1.5,4.5,24.1,31,59,1000,2,,
2025-08-08T07:00:00+08:00,Shenzhen,22.543099,114.057868,80,pm25,80,58,13.8,4.1,10,6.1,28.8,93,1010,0.7,,
2025-08-08T07:00:00+08:00,Zhongshan (Taiwan),25.062361,121.526528,55,pm25,55,26,6.5,0.6,2.8,8.2,27.5,85.5,1008,0.7,11.8,25
2025-08-08T07:00:00+08:00,Chongqing,29.56301,106.551557,63,pm25,63,30,6.4,1.6,3.7,23.6,28,83,1003,1.5,,
2025-08-08T02:00:00+03:00,Istanbul (Turkey),41.015278,29.025,62,pm25,62,33,4.3,2,15.4,34.8,25.1,93.6,1008.7,7.7,,24
2025-08-08T09:00:00+07:00,Hanoi,21.0491,105.8831,91,pm25,91,57,22,11,6,23,30.5,81.5,1007.5,2.5,,27
2025-08-08T08:00:00+07:00,Bangkok,13.7563309,100.5017651,69,pm25,69,20,0.6,0.6,0.1,4.8,26.4,96.5,1009.6,0.5,,
2025-08-08T08:00:00+05:30,Delhi,28.6341,77.2005,72,pm25,72,62,3.6,1.6,3.7,19.1,24.375,76.75,986.675,0.375,8.2,23
2025-08-08T07:00:00+05:30,Mumbai,19.0863,72.8888,83,pm25,83,48,1.4,14.9,0.9,11.6,27,99.92,1005.62,44.935,11.3,25
2025-08-08T11:00:00+09:00,Seoul,37.566535,126.9779692,74,pm25,74,38,18.3,4.9,5.7,44.2,27.6,70.7,994.1,1.5,,
2025-08-08T10:00:00+08:00,Beijing,39.954592,116.468117,104,pm25,104,46,16,1.6,9.1,7.8,27,88,1006,1.5,,
2025-08-08T10:00:00+08:00,Shanghai,31.2047372,121.4489017,59,pm25,59,26,8.7,4.1,6.4,21.6,34,56,1006,3.6,,
2025-08-08T10:00:00+09:00,Shinjuku (Tokyo),35.713889,139.705556,25,pm25,25,10,8.4,1.5,2.3,45.6,35,44,1002.1,0.2,1,
2025-08-08T11:00:00+09:00,Osaka,34.6937378,135.5021651,61,pm25,61,25,34.3,8.6,0.1,40,31,52,1004,2,,
2025-08-08T01:00:00+02:00,Paris,48.856614,2.3522219,58,pm25,58,28,38.6,0.6,0.1,17,17,80.5,1018,2.5,,
2025-08-08T01:00:00+01:00,London,51.5073509,-0.1277583,80,pm25,80,20,5.6,0.5,1.5,19.2,17.5,69.8,1016.8,4.3,,
2025-08-08T04:00:00+02:00,Frankfurt,50.075464,8.576305,28,pm25,28,14,,0.5,0.1,0.3,13,93,1017,1,10.2,12
2025-08-08T04:00:00+02:00,Hamburg,53.564486,9.96834,21,o3,38,17,14.2,3.6,0.1,21.2,16,82,1014,1,10.8,13
2025-08-08T05:00:00+03:00,Moscow,55.791842,37.578405,38,pm25,38,10,16,0.3,3.7,8.5,16.1,70,1020.5,3,5,
2025-08-08T10:00:00+08:00,Wuhan,30.593099,114.305393,34,pm25,34,18,6,2.6,6.4,,31,74,1005,3.6,,
2025-08-08T04:00:00+02:00,Warsaw (Poland),52.225171,21.014783,41,pm25,41,17,9.3,2,0.1,12,12,81,1019,3,,9
2025-08-08T11:00:00+09:30,Winnellie (Australia),-12.424323299931126,130.89335024356842,63,pm25,63,21,1.2,1,4.9,11.1,28.5,65.2,1012,5.32,,21.3
2025-08-08T07:00:00+05:30,Chennai (India),13.1278,80.2642,15,pm25,15,14,2.8,1.1,4,,29.763333333333335,67.92,82989.90000000001,1.1066666666666667,10.2,24
2025-08-07T20:00:00-04:00,Boston,42.325184,-71.05608,29,pm25,29,11,8.4,0.5,3.4,17.6,22.4,53.6,1027.2,,,
2025-08-07T19:00:00-04:00,Georgia,33.68797,-84.29048,20,pm25,20,10,2,,3.4,15.2,24.4,59,1022,0.6,0.1,
2025-08-07T19:00:00-07:00,Phoenix,33.403055555556,-112.07527777778,40,o3,30,16,4.7,,1.2,40,46,8,1006.7,5.6,9.7,4
2025-08-08T07:00:00+05:30,Hyderabad (India),17.417094,78.457437,100,pm25,100,65,7.4,16,4.8,6.9,23,99.42,1010,0.5566666666666668,10.2,21
2025-08-07T19:00:00-06:00,Denver,39.732146,-105.015317,21,pm25,21,17,10.1,0.6,3.1,14.7,33.3333,20.5,1016.4,2,0.5,
2025-08-08T11:00:00+09:00,Daegu,35.8714354,128.601445,42,pm25,42,19,15,5.5,5,34.8,7.1,71,1016,3.9,,
2025-08-08T11:00:00+09:00,Gyeonggi,37.4112,127.2579,46,pm25,46,30,9.4,2.6,5.3,29.9,29,65,1005.4,2,,22
2025-08-08T10:00:00+09:00,Nagoya,35.1814464,136.906398,50,pm25,50,16,11.2,1.5,3.4,39.2,35,51,1003.2,4,,
2025-08-08T11:00:00+09:00,Fukuoka,33.5903547,130.4017155,59,pm25,59,28,38,1.5,4.5,40,28,74,1006,5.6,,
2025-08-08T10:00:00+09:00,Kawasaki,35.5309058,139.7030511,65,pm25,65,44,28.8,2.9,3.4,36.8,33,57,1001,4.3,,
2025-08-08T10:00:00+08:00,Shenzhen,22.543099,114.057868,85,pm25,85,53,17.4,4.1,9.1,20.4,31.6,80,1010.2,2.1,,
2025-08-08T10:00:00+08:00,Zhongshan (Taiwan),25.062361,121.526528,65,pm25,65,30,16.6,1.2,5.2,23.6,33.5,66.5,1008,2.3,11.8,26.5
2025-08-08T10:00:00+08:00,Chongqing,29.56301,106.551557,80,pm25,80,27,9.2,2.6,5.5,27.3,32,74,1004,2.5,,
2025-08-08T05:00:00+03:00,Istanbul (Turkey),41.015278,29.025,66,pm25,66,36,0.9,2.1,15.2,33.6,24.9,82.4,1008.7,5.1,,21.7
2025-08-08T10:00:00+07:00,Hanoi,21.0491,105.8831,76,pm25,76,56,19,11,4,19,31,81.5,1008,2.8,,27.5
2025-08-08T10:00:00+07:00,Bangkok,13.7563309,100.5017651,86,pm25,86,25,0.6,0.6,0.1,4.8,29.9,8.8,1011.1,1,,
2025-08-08T09:00:00+05:30,Delhi,28.6341,77.2005,74,pm25,74,63,3.2,3.5,4.1,19.1,27.9,68.25,986.75,0.5,8.2,23
2025-08-08T09:00:00+05:30,Mumbai,19.0863,72.8888,80,pm25,80,45,1.4,14.9,0.9,11.6,27.5,99.92,1006.76,43.68,11.3,25
2025-08-08T13:00:00+09:00,Seoul,37.566535,126.9779692,85,pm25,85,38,17.4,4.8,5.8,83.3,28.7,66.7,994,1.5,,
2025-08-08T11:00:00+08:00,Beijing,39.954592,116.468117,112,pm25,112,46,12.8,1.1,6.4,14.7,27,83,1005,1.5,,
2025-08-08T11:00:00+08:00,Shanghai,31.2047372,121.4489017,74,pm25,74,27,3.7,4.1,6.4,41.5,35,56,1005,4.6,,
2025-08-08T12:00:00+09:00,Shinjuku (Tokyo),35.713889,139.705556,38,pm25,38,9,10.2,1.5,2.3,45.6,34.1,49.7,1001.8,0.2,1,
2025-08-08T13:00:00+09:00,Osaka,34.6937378,135.5021651,59,pm25,59,20,26,7.2,0.1,58.4,28,74,1003,3.6,,
2025-08-08T02:00:00+02:00,Paris,48.856614,2.3522219,25,o3,58,25,32.8,0.6,0.1,25.1,17,83.7,1018,1.8,,
2025-08-08T03:00:00+01:00,London,51.5073509,-0.1277583,47,pm25,47,21,3.7,0.6,1.9,17.9,16.3,75.8,1017.4,3.6,,
2025-08-08T06:00:00+02:00,Frankfurt,50.075464,8.576305,28,pm25,28,13,,0.5,0.1,0.3,12,96.5,1018,0.7,10.2,11.5
2025-08-08T05:00:00+02:00,Hamburg,53.564486,9.96834,14,o3,38,17,21.5,2.6,0.1,13.5,16,82,1014,1.5,10.8,13
2025-08-08T06:00:00+03:00,Moscow,55.791842,37.578405,42,pm25,42,10,16.5,0.3,4.8,8.7,16.1,70,1020.5,3,5,
2025-08-08T11:00:00+08:00,Wuhan,30.593099,114.305393,34,pm25,34,15,6.4,2.6,3.7,,32,70,1004,1.5,,
2025-08-08T05:00:00+02:00,Warsaw (Poland),52.225171,21.014783,44,pm25,44,18,9.8,2,0.1,12,12,87,1019,2.5,,10
2025-08-08T09:00:00+05:30,Chennai (India),13.1278,80.2642,54,pm25,54,36,3.5,1.1,4.9,,29.47,68.56,83102.35,1.01,10.2,26
2025-08-07T21:00:00-04:00,Boston,42.325184,-71.05608,32,pm25,32,11,10.2,0.5,4.5,17.6,21.4,59.6,1027.2,,,
2025-08-07T21:00:00-04:00,Georgia,33.68797,-84.29048,23,pm25,23,13,3.3,,3.4,8,23,60.6,1021.8,0.6,2.2,
2025-08-07T20:00:00-07:00,Phoenix,33.403055555556,-112.07527777778,34,o3,19,17,4.7,,1.2,34.4,44,8,1006.7,3.6,9.7,4
2025-08-08T09:00:00+05:30,Hyderabad (India),17.417094,78.457437,101,pm25,101,65,8.1,14.7,6.6,6.9,25,96.445,1012,0.595,10.2,22
2025-08-07T21:00:00-06:00,Denver,39.732146,-105.015317,34,pm25,34,27,18.3,0.6,10.2,6.1,28.8889,31,1017.5,1,4,
2025-08-08T12:00:00+09:00,Daegu,35.8714354,128.601445,73,o3,59,19,15,4.5,4.9,72.7,7.1,71,1016,3.9,,
2025-08-08T12:00:00+09:00,Gyeonggi,37.4112,127.2579,55,o3,42,30,9.4,2.6,5.4,55.1,30,66,1005,2,,23
2025-08-08T12:00:00+09:00,Nagoya,35.1814464,136.906398,46,pm25,46,21,10.2,1.5,2.3,43.2,35,40,1002.4,4.6,,
2025-08-08T12:00:00+09:00,Fukuoka,33.5903547,130.4017155,50,pm25,50,23,12.1,1.5,3.4,40.8,29.5,70,1005,2.2,,
2025-08-08T12:00:00+09:00,Kawasaki,35.5309058,139.7030511,70,o3,61,20,18.6,2.9,4.5,69.9,35,50,1000.5,7.7,,
2025-08-08T11:00:00+08:00,Shenzhen,22.543099,114.057868,91,pm25,91,53,14.7,4.1,8.2,31.7,32.2,82.6,1010,4,,
2025-08-08T12:00:00+08:00,Zhongshan (Taiwan),25.062361,121.526528,70,pm25,70,37,14.8,3.2,4.4,43.3,36,58,1008,3.9,11.8,26.6
2025-08-08T11:00:00+08:00,Chongqing,29.56301,106.551557,80,pm25,80,30,9.6,2.6,6.4,27.3,34,66,1004,1.5,,
2025-08-08T07:00:00+03:00,Istanbul (Turkey),41.015278,29.025,67,pm25,67,37,11.1,2.1,14.9,33.3,24.7,84.4,1008.8,7.2,,21.9
2025-08-08T11:00:00+07:00,Hanoi,21.0491,105.8831,60,pm25,60,53,26,12,8,10,33,66,1008,2,,26
2025-08-08T11:00:00+07:00,Bangkok,13.7563309,100.5017651,52,pm25,52,28,0.6,0.6,0.1,4.8,34.5,7.5,1010.8,1,,
2025-08-08T10:00:00+05:30,Delhi,28.6341,77.2005,82,pm25,82,77,2.7,3.9,3.7,23.8,28.8,66.2,986.8,0.1,8.2,23
2025-08-08T10:00:00+05:30,Mumbai,19.0863,72.8888,86,pm25,86,51,1.4,14.9,0.9,11.5,28,99.92,1006.96,44.3425,11.3,25
2025-08-08T12:00:00+08:00,Beijing,39.954592,116.468117,117,pm25,117,48,12.4,1.1,6.4,17.1,27,88,1004,0.5,,
2025-08-08T12:00:00+08:00,Shanghai,31.2047372,121.4489017,59,pm25,59,35,4.6,4.1,6.4,51.9,35.5,56,1005,4.6,,
2025-08-08T03:00:00+02:00,Paris,48.856614,2.3522219,26,o3,69,24,27.4,0.6,0.1,25.8,16,85.7,1018,2,,
2025-08-08T04:00:00+01:00,London,51.5073509,-0.1277583,53,pm25,53,21,3.7,0.6,1.9,17.5,15.8,78.7,1017.7,4.5,,
2025-08-08T06:00:00+02:00,Hamburg,53.564486,9.96834,14,o3,38,17,24.3,1.6,0.1,13.5,16,82,1014,1.5,10.8,13
2025-08-08T07:00:00+03:00,Moscow,55.791842,37.578405,53,pm25,53,11,21.1,0.2,8.2,7,15.5,74,1021.2,5.5,8.5,
2025-08-08T12:00:00+08:00,Wuhan,30.593099,114.305393,30,pm25,30,16,8.3,2.6,3.7,,33,70,1004,1.5,,
2025-08-08T06:00:00+02:00,Warsaw (Poland),52.225171,21.014783,47,pm25,47,21,12.6,2,0.1,12,12,87,1019,2.5,,10
2025-08-08T13:00:00+09:30,Winnellie (Australia),-12.424323299931126,130.89335024356842,23,pm25,23,14,1.2,0.8,4.7,10.5,29.3,65.2,1009.8,10.58,,22.8
2025-08-08T10:00:00+05:30,Chennai (India),13.1278,80.2642,71,pm25,71,59,4.4,2.4,2.3,,29.48,66.07,83084.6,1.28,10.2,25.5
2025-08-07T22:00:00-04:00,Georgia,33.68797,-84.29048,25,pm25,25,15,2.6,,2.6,10.4,22.1,60.8,1021.9,0.6,1,
2025-08-07T21:00:00-07:00,Phoenix,33.403055555556,-112.07527777778,43,pm25,43,31,4.7,,2.3,26.4,44,8,1007.4,6.1,9.7,4
2025-08-08T10:00:00+05:30,Hyderabad (India),17.417094,78.457437,100,pm25,100,65,6.6,14.4,6.8,7,25.5,80.98,1012,0.24,10.2,22
2025-08-08T13:00:00+09:00,Daegu,35.8714354,128.601445,87,o3,65,26,11.3,4.5,5.2,86.6,7.1,71,1016,3.9,,
2025-08-08T13:00:00+09:00,Gyeonggi,37.4112,127.2579,65,o3,53,32,8.5,2.6,5.2,64.7,31,52,1004.7,2,,20
2025-08-08T13:00:00+09:00,Fukuoka,33.5903547,130.4017155,57,pm25,57,22,28.8,1.5,3.4,42.4,30,70,1005,1,,
2025-08-08T12:00:00+08:00,Shenzhen,22.543099,114.057868,127,pm25,127,61,10.1,3.6,8.2,58.4,33.2,79,1009,3,,
2025-08-08T12:00:00+08:00,Chongqing,29.56301,106.551557,70,pm25,70,22,6.4,3.1,5.5,55.2,34,66,1003,1.5,,
2025-08-08T12:00:00+07:00,Hanoi,21.0491,105.8831,63,pm25,63,53,24,11,7,12,34,66,1007,2,,27
2025-08-08T12:00:00+07:00,Bangkok,13.7563309,100.5017651,43,pm25,43,28,0.6,0.6,0.1,4.8,34.5,8.3,1010.8,1,,
2025-08-08T11:00:00+05:30,Delhi,28.6341,77.2005,73,pm10,68,73,3.3,3.7,3,30.5,30.025,64.64999999999999,986.7750000000001,0.5499999999999999,8.2,24
2025-08-08T14:00:00+09:00,Seoul,37.566535,126.9779692,87,pm25,87,41,16.5,4.5,6.4,78.9,30.1,62.7,993.2,2,,
2025-08-08T13:00:00+08:00,Beijing,39.954592,116.468117,114,pm25,114,45,11,1.1,5.5,21.2,27,88,1004,1.5,,
2025-08-08T13:00:00+08:00,Shanghai,31.2047372,121.4489017,76,pm25,76,46,4.6,4.1,7.3,51.9,35,53,1004,4.6,,
2025-08-08T13:00:00+09:00,Shinjuku (Tokyo),35.713889,139.705556,63,pm25,63,19,30.6,1.5,3.4,45.6,29.4,71,1002.8,0.2,1,
2025-08-08T05:00:00+02:00,Paris,48.856614,2.3522219,28,pm10,43,28,20.3,0.6,0.1,24.3,15.5,87,1019,1.8,,
2025-08-08T05:00:00+01:00,London,51.5073509,-0.1277583,53,pm25,53,21,7.1,0.6,1.5,12.3,15.5,81,1018.6,3.8,,
2025-08-08T07:00:00+02:00,Frankfurt,50.075464,8.576305,29,pm25,29,14,,0.5,0.1,0.5,13,93,1018,0.7,10.2,12
2025-08-08T07:00:00+02:00,Hamburg,53.564486,9.96834,16,pm10,38,16,25.6,1.6,0.1,14.3,16.5,79.5,1014,1.8,10.8,13
2025-08-08T08:00:00+03:00,Moscow,55.791842,37.578405,59,pm25,59,12,22.9,0.3,12.4,6.9,16.6,72,1021.2,6.5,8.5,
2025-08-08T13:00:00+08:00,Wuhan,30.593099,114.305393,30,pm25,30,17,8.7,3.6,8.2,,34,63,1003,3.6,,
2025-08-08T07:00:00+02:00,Warsaw (Poland),52.225171,21.014783,45,pm25,45,19,15,2,0.1,12,14,76,1019,3.6,,10
2025-08-08T14:00:00+09:30,Winnellie (Australia),-12.424323299931126,130.89335024356842,59,pm25,59,30,0.9,0.9,4.9,11.1,29.3,67,1009.8,10.56,,22.8
2025-08-08T11:00:00+05:30,Chennai (India),13.1278,80.2642,104,pm25,104,77,3.3,2.5,2.6,,29.5225,67.2175,83065.475,1.6700000000000002,10.2,25
2025-08-08T00:00:00-04:00,Boston,42.325184,-71.05608,28,pm25,28,10,12.1,0.5,4.5,12.8,19.2,68.6,1026.9,,,
2025-08-07T23:00:00-04:00,Georgia,33.68797,-84.29048,30,pm25,30,15,1.8,,2.3,10.4,21.4,60.2,1021.5,0.6,0.8,
2025-08-07T22:00:00-07:00,Phoenix,33.403055555556,-112.07527777778,42,pm25,42,35,4.7,,3.4,16.8,43,9,1007.4,4.6,9.7,4
2025-08-08T11:00:00+05:30,Hyderabad (India),17.417094,78.457437,81,pm25,81,64,6.2,14.5,6.4,6.9,26,78.6925,1012,0.47000000000000003,10.2,22
2025-08-07T22:00:00-06:00,Denver,39.732146,-105.015317,38,pm25,38,30,18.3,0.6,9.7,7.8,27.7778,30,1017.4,2,4,
2025-08-08T14:00:00+09:00,Daegu,35.8714354,128.601445,81,o3,61,26,10.8,4.3,5,81.3,7.1,71,1016,3.9,,
2025-08-08T14:00:00+09:00,Gyeonggi,37.4112,127.2579,69,o3,57,32,8.8,2.6,4.9,69.2,31,55,1004.3,3,,21
2025-08-08T13:00:00+09:00,Nagoya,35.1814464,136.906398,44,o3,38,12,7.5,1.5,1.2,44,35,38,1002,4.2,,
2025-08-08T14:00:00+09:00,Fukuoka,33.5903547,130.4017155,55,pm25,55,21,30.6,2.9,5.6,42.4,31,66,1004,0.5,,
2025-08-08T13:00:00+09:00,Kawasaki,35.5309058,139.7030511,67,o3,59,40,14.9,2.9,4.5,67.4,32,52,1000,6.1,,
2025-08-08T13:00:00+08:00,Shenzhen,22.543099,114.057868,127,pm25,127,57,11.5,4.6,8.2,81.9,34.1,73,1009,1.5,,
2025-08-08T13:00:00+08:00,Zhongshan (Taiwan),25.062361,121.526528,85,pm25,85,37,12.2,3.2,3.8,52,34,66,1008,6.1,11.8,27
2025-08-08T13:00:00+08:00,Chongqing,29.56301,106.551557,74,o3,55,23,5.5,4.1,5.5,74,36,56,1003,2.5,,
2025-08-08T08:00:00+03:00,Istanbul (Turkey),41.015278,29.025,68,pm25,68,38,11.1,2.1,14.7,34.8,24.7,79.4,1009.2,4.6,,20.9
2025-08-08T13:00:00+07:00,Hanoi,21.0491,105.8831,56,pm25,56,49,21,10,5,12,35,59,1006,3,,26
2025-08-08T13:00:00+07:00,Bangkok,13.7563309,100.5017651,71,pm25,71,27,0.6,0.6,0.1,4.8,34.5,8.3,1010.4,1.5,,
2025-08-08T12:00:00+05:30,Delhi,28.6341,77.2005,98,pm10,95,98,2.7,3.7,3.7,32,31.7,61.5,986.8,1,8.2,24
2025-08-08T12:00:00+05:30,Mumbai,19.0863,72.8888,89,pm25,89,53,1.5,14.8,1,11.6,27.5,99.92,1007.5675,44.74249999999999,11.3,25
2025-08-08T15:00:00+09:00,Seoul,37.566535,126.9779692,93,pm25,93,44,16.2,4.5,6.4,82.6,29.2,68.9,993.1,2.5,,
2025-08-08T14:00:00+08:00,Beijing,39.954592,116.468117,59,pm25,59,19,5.5,2.1,6.4,32.1,25,78,1004,4.6,,
2025-08-08T14:00:00+08:00,Shanghai,31.2047372,121.4489017,87,pm25,87,47,5.1,4.1,7.3,68.8,36,53,1004,4.1,,
2025-08-08T14:00:00+09:00,Shinjuku (Tokyo),35.713889,139.705556,68,pm25,68,19,17.6,1.5,3.4,45.6,28.6,73.7,1002.2,0.2,0.7,
2025-08-08T15:00:00+09:00,Osaka,34.6937378,135.5021651,76,o3,63,30,30.6,8.6,0.1,76.3,32,59,1003,2,,
2025-08-08T06:00:00+01:00,London,51.5073509,-0.1277583,53,pm25,53,22,9.6,0.9,1.8,9,16.3,78.2,1019.1,5.4,,
2025-08-08T08:00:00+02:00,Frankfurt,50.075464,8.576305,30,pm25,30,16,,0.5,0.1,1.3,15,87.5,1018.5,1.5,10.2,13
2025-08-08T08:00:00+02:00,Hamburg,53.564486,9.96834,16,pm10,38,16,24.7,1.6,0.1,14.7,18,74.5,1014,2.3,10.8,13.5
2025-08-08T09:00:00+03:00,Moscow,55.791842,37.578405,59,pm25,59,15,22.4,0.2,12.1,7.7,18,65.5,1020.9,4,8,
2025-08-08T14:00:00+08:00,Wuhan,30.593099,114.305393,34,pm25,34,14,5.5,3.1,8.2,,34,63,1003,3.6,,
2025-08-08T08:00:00+02:00,Warsaw (Poland),52.225171,21.014783,45,pm25,45,20,19.6,2,0.1,12,16,72,1019,2.5,,11
2025-08-08T15:00:00+09:30,Winnellie (Australia),-12.424323299931126,130.89335024356842,60,pm25,60,22,0.9,1.2,4.7,11.1,28.9,64.4,1009,8.92,,22.2
2025-08-08T12:00:00+05:30,Bangalore (India),13.0270199,77.494094,58,pm25,58,54,7.9,0.1,8,10.5,27.5,81.6,951.635,0.87,,22.5
2025-08-08T12:00:00+05:30,Chennai (India),13.1278,80.2642,58,pm10,54,58,3.2,1.9,2,,29.6475,67.225,82983.875,1.13,10.2,25
2025-08-08T01:00:00-04:00,Boston,42.325184,-71.05608,26,pm25,26,9,8.4,0.3,4.5,14.5,18.5,70.6,1026.4,,,
2025-08-08T00:00:00-04:00,Georgia,33.68797,-84.29048,31,pm25,31,17,1.9,,2.5,7.3,20.8,58.7,1020.9,0.6,0.5,
2025-08-07T23:00:00-07:00,Phoenix,33.403055555556,-112.07527777778,38,pm25,38,33,4.7,,5.6,12.8,42,9,1007.4,3.6,9.7,4
2025-08-08T12:00:00+05:30,Hyderabad (India),17.417094,78.457437,121,pm25,121,63,9.2,14.5,7.4,7.1,28,68.1275,1012,0.645,10.2,22
2025-08-08T15:00:00+09:00,Gyeonggi,37.4112,127.2579,78,o3,57,29,8.7,2.6,4.6,77.9,31,55,1004,3,,21
2025-08-08T14:00:00+09:00,Nagoya,35.1814464,136.906398,44,o3,34,14,11.2,1.5,1.2,44,34.7,39.5,1002.1,4.5,,
2025-08-08T15:00:00+09:00,Fukuoka,33.5903547,130.4017155,46,pm25,46,20,18.6,1.5,4.5,43.2,31,62,1004,1,,
2025-08-08T15:00:00+09:00,Kawasaki,35.5309058,139.7030511,61,o3,1,30,15.8,1.5,3.4,60.9,33,52,1000,5.1,,
2025-08-08T14:00:00+08:00,Shenzhen,22.543099,114.057868,112,pm25,112,55,7.4,4.6,7.3,87.1,34.7,73,1008.3,2.6,,
2025-08-08T14:00:00+08:00,Zhongshan (Taiwan),25.062361,121.526528,85,pm25,85,38,10.4,2.5,3.8,55.6,33,70,1008,5.9,11.8,27
2025-08-08T14:00:00+08:00,Chongqing,29.56301,106.551557,74,o3,57,19,3.7,5.1,4.6,74,37,50,1002,2.5,,
2025-08-08T09:00:00+03:00,Istanbul (Turkey),41.015278,29.025,67,pm25,67,37,14,2.1,14.6,34.8,25.8,78.1,1009.8,7.2,,21.7
2025-08-08T14:00:00+07:00,Hanoi,21.0491,105.8831,38,pm25,38,37,24,10,6,14,35,59,1006,2.5,,26
2025-08-08T14:00:00+07:00,Bangkok,13.7563309,100.5017651,57,pm25,57,20,0.6,0.6,0.1,4.8,35.5,7.8,1008.8,3,,
2025-08-08T13:00:00+05:30,Delhi,28.6341,77.2005,104,pm25,104,103,3.3,3.2,3.7,22.6,31.474999999999998,61.675,986.7,0.75,8.2,24
2025-08-08T16:00:00+09:00,Seoul,37.566535,126.9779692,95,pm25,95,46,17.3,4.9,5.7,84,27,79.7,993.2,1,,
2025-08-08T15:00:00+08:00,Beijing,39.954592,116.468117,38,pm25,38,11,5.1,2.1,5.5,29.3,23,88,1005,1.5,,
2025-08-08T15:00:00+08:00,Shanghai,31.2047372,121.4489017,82,pm25,82,35,5.1,4.1,7.3,68.8,35,53,1003,4.6,,
2025-08-08T15:00:00+09:00,Shinjuku (Tokyo),35.713889,139.705556,38,pm25,38,25,26.9,1.5,3.4,45.6,33,58,1002,0.2,0.5,
2025-08-08T16:00:00+09:00,Osaka,34.6937378,135.5021651,74,o3,57,16,34.3,7.2,0.1,73.8,32,52,1002,2.5,,
2025-08-08T09:00:00+02:00,Frankfurt,50.075464,8.576305,35,pm25,35,17,,0.9,0.1,7.2,18.5,72.5,1019,1.5,10.2,13.5
2025-08-08T09:00:00+02:00,Hamburg,53.564486,9.96834,16,pm10,38,16,22.4,1.6,0.1,14.7,19.5,68,1014,2.5,10.8,13.5
2025-08-08T15:00:00+08:00,Wuhan,30.593099,114.305393,50,pm25,50,16,15.1,3.1,8.2,,34,63,1002,3.6,,
2025-08-08T09:00:00+02:00,Warsaw (Poland),52.225171,21.014783,48,pm25,48,25,18.7,2,0.1,12,18,67,1018,2.5,,12
2025-08-08T16:00:00+09:30,Winnellie (Australia),-12.424323299931126,130.89335024356842,62,pm25,62,22,0.8,1,4.4,11.3,29.4,64.4,1008.3,8.92,,21.9
2025-08-08T02:00:00-04:00,Boston,42.325184,-71.05608,26,pm25,26,10,9.3,0.3,3.4,12.8,18.5,68.6,1025.9,,,
2025-08-08T01:00:00-04:00,Georgia,33.68797,-84.29048,31,pm25,31,18,3.3,,2.3,2.4,20.5,58,1020.3,0.6,0.8,
2025-08-08T00:00:00-07:00,Phoenix,33.403055555556,-112.07527777778,31,pm10,27,31,4.7,,3.4,16,39,12,1007.7,2.5,9.7,5
2025-08-07T23:00:00-06:00,Denver,39.732146,-105.015317,34,pm25,34,21,15.6,0.6,6.5,9.4,26.1111,30.6,1016.5,2,5,
2025-08-08T15:00:00+09:00,Daegu,35.8714354,128.601445,77,o3,57,28,9.7,3.3,4.7,77,7.1,71,1016,3.9,,
2025-08-08T15:00:00+09:00,Nagoya,35.1814464,136.906398,42,o3,34,11,11.2,1.5,1.2,41.6,34.8,37,1002.2,3.9,,
2025-08-08T16:00:00+09:00,Fukuoka,33.5903547,130.4017155,53,pm25,53,20,32.5,1.5,4.5,43.2,31,62,1004,3.2,,
2025-08-08T16:00:00+09:00,Kawasaki,35.5309058,139.7030511,64,o3,1,20,12.1,1.5,4.5,63.5,33,52,1000,6.1,,
2025-08-08T15:00:00+08:00,Shenzhen,22.543099,114.057868,112,pm25,112,56,11.5,5.6,7.3,103.1,34.9,69.4,1008,4,,
2025-08-08T15:00:00+08:00,Zhongshan (Taiwan),25.062361,121.526528,72,pm25,72,31,10.9,2.3,3.2,45.6,33,68,1008,4.3,11.8,26.5
2025-08-08T15:00:00+08:00,Chongqing,29.56301,106.551557,78,o3,57,17,4.2,5.6,4.6,78,36,53,1001,1.5,,
2025-08-08T10:00:00+03:00,Istanbul (Turkey),41.015278,29.025,68,pm25,68,37,11.9,2.2,14.5,40.8,25.9,83.6,1010.2,8.2,,22.9
2025-08-08T15:00:00+07:00,Hanoi,21.0491,105.8831,41,pm25,41,38,25,10,7,14,35.5,56,1005.5,2.3,,25.5
2025-08-08T15:00:00+07:00,Bangkok,13.7563309,100.5017651,62,pm25,62,20,0.6,0.6,0.1,4.8,35.5,7.8,1008.8,3,,
2025-08-08T14:00:00+05:30,Delhi,28.6341,77.2005,104,pm25,104,99,1.9,3,3,25,34.175,56.925000000000004,986.425,0.875,8.2,24
2025-08-08T14:00:00+05:30,Mumbai,19.0863,72.8888,93,pm25,93,55,1.6,14.9,1.2,11.9,29.5,99.92,1006.8633333333333,40.99666666666666,11.3,25
2025-08-08T17:00:00+09:00,Seoul,37.566535,126.9779692,73,o3,72,41,21.8,4.9,6.7,72.9,28,80.8,993.3,1,,
2025-08-08T16:00:00+08:00,Beijing,39.954592,116.468117,34,pm25,34,11,6.4,2.1,5.5,27.7,23,88,1005,0.5,,
2025-08-08T16:00:00+09:00,Shinjuku (Tokyo),35.713889,139.705556,38,pm25,38,12,33.4,1.5,4.5,45.6,33.7,54.6,1002.2,0.2,1,
2025-08-08T17:00:00+09:00,Osaka,34.6937378,135.5021651,59,pm25,59,33,28.8,7.2,0.1,58.4,26,88,1004,5.1,,
2025-08-08T07:00:00+02:00,Paris,48.856614,2.3522219,51,pm25,51,28,15.5,0.6,0.1,24.7,25,73,1020,2.8,,
2025-08-08T07:00:00+01:00,London,51.5073509,-0.1277583,53,pm25,53,22,9.6,0.7,2.4,6.8,17.6,73.4,1019.5,4,,
2025-08-08T10:00:00+02:00,Frankfurt,50.075464,8.576305,38,pm25,38,17,,1.3,0.1,19.1,21,62,1019,2.5,10.2,13.5
2025-08-08T10:00:00+02:00,Hamburg,53.564486,9.96834,22,o3,38,16,11.9,1.6,0.1,21.6,20,68,1014,4.3,10.8,14
2025-08-08T16:00:00+08:00,Wuhan,30.593099,114.305393,53,pm25,53,14,7.4,2.1,7.3,,35,63,1002,3.6,,
2025-08-08T10:00:00+02:00,Warsaw (Poland),52.225171,21.014783,48,pm25,48,25,17.6,2,0.1,12,19,63,1018,2.5,,12
2025-08-08T17:00:00+09:30,Winnellie (Australia),-12.424323299931126,130.89335024356842,61,pm25,61,21,1.2,0.9,4.7,11.9,29,61.7,1008.3,7.675000000000001,,21.2
2025-08-08T14:00:00+05:30,Bangalore (India),13.0270199,77.494094,125,pm25,125,53,8.1,2.2,6.8,10.6,28,69.10000000000001,951.45,0.88,,22
2025-08-08T14:00:00+05:30,Chennai (India),13.1278,80.2642,100,pm25,100,97,6.3,4.1,3.8,,29.86,67.25750000000001,82938.075,1.7999999999999998,10.2,26
2025-08-08T03:00:00-04:00,Boston,42.325184,-71.05608,27,pm25,27,9,11.2,0.3,3.4,12.8,17.7,71,1025.6,,,
2025-08-08T02:00:00-04:00,Georgia,33.68797,-84.29048,33,pm25,33,20,2.5,,2.5,2.4,20,58,1020.2,0.6,0.6,
2025-08-08T01:00:00-07:00,Phoenix,33.403055555556,-112.07527777778,31,pm25,31,21,4.7,,1.2,20,37,13,1007.7,3,9.7,5
2025-08-08T14:00:00+05:30,Hyderabad (India),17.417094,78.457437,155,pm25,155,67,14.6,17.1,10.1,7.1,27,63.935,1011,0.9225,10.2,21
2025-08-08T16:00:00+09:00,Daegu,35.8714354,128.601445,94,o3,70,28,13,4.8,6.6,94.4,7.1,71,1016,3.9,,
2025-08-08T17:00:00+09:00,Gyeonggi,37.4112,127.2579,82,o3,55,30,12.4,2.8,4.6,81.5,31,55,1004.3,3,,21
2025-08-08T16:00:00+09:00,Nagoya,35.1814464,136.906398,57,pm25,57,10,9.3,1.5,1.2,41.6,35,36,1002.2,5.3,,
2025-08-08T17:00:00+09:00,Fukuoka,33.5903547,130.4017155,50,pm25,50,18,21.3,1.5,5.6,44.8,30,66,1005,3.6,,
2025-08-08T17:00:00+09:00,Kawasaki,35.5309058,139.7030511,51,o3,1,17,13,1.5,4.5,50.7,32,59,1000,7.7,,
2025-08-08T16:00:00+08:00,Shenzhen,22.543099,114.057868,114,pm25,114,52,8.3,5.1,6.4,102.6,34.4,72.2,1007,2.5,,
2025-08-08T16:00:00+08:00,Zhongshan (Taiwan),25.062361,121.526528,68,pm25,68,31,10,2,2.6,36,33.5,70.5,1007,3.6,11.8,27.5
2025-08-08T16:00:00+08:00,Chongqing,29.56301,106.551557,70,pm25,70,22,4.6,5.6,3.7,61,36,53,1001,3.6,,
2025-08-08T11:00:00+03:00,Istanbul (Turkey),41.015278,29.025,68,pm25,68,38,7.6,2,14.4,43.7,26.3,88.3,1010.5,8.7,,24.2
2025-08-08T16:00:00+07:00,Hanoi,21.0491,105.8831,50,pm25,50,41,22,10,7,12,36,56,1004,2,,26
2025-08-08T16:00:00+07:00,Bangkok,13.7563309,100.5017651,52,pm25,52,33,1.2,0.6,0.1,4.8,36,9.3,1008.1,4.1,,
2025-08-08T15:00:00+05:30,Delhi,28.6341,77.2005,132,pm25,132,104,2.3,2.3,3,33.7,33.675,55.925000000000004,986.7,0.8999999999999999,8.2,24
2025-08-08T15:00:00+05:30,Mumbai,19.0863,72.8888,92,pm25,92,54,1.6,14.8,1.1,11.5,28.5,99.92,1006.52,28.786666666666665,11.3,25.5
2025-08-08T18:00:00+09:00,Seoul,37.566535,126.9779692,82,pm25,82,45,18.2,5.9,6,75.2,28.2,66.6,993.1,3,,
2025-08-08T17:00:00+08:00,Beijing,39.954592,116.468117,46,pm25,46,15,9.2,2.1,5.5,25.2,22,100,1004,0.5,,
2025-08-08T16:00:00+08:00,Shanghai,31.2047372,121.4489017,66,o3,65,30,5.5,1.6,6.4,66.2,35,53,1003,3.6,,
2025-08-08T17:00:00+09:00,Shinjuku (Tokyo),35.713889,139.705556,53,pm25,53,12,33.4,1.5,7.8,63.5,32.2,61,1002.7,0.2,1,
2025-08-08T18:00:00+09:00,Osaka,34.6937378,135.5021651,70,pm25,70,46,17.6,7.2,0.1,47.2,25,94,1004,3,,
2025-08-08T08:00:00+02:00,Paris,48.856614,2.3522219,40,pm25,40,28,12.3,0.6,0.1,23.9,25.6,64,1020,1.8,,
2025-08-08T09:00:00+01:00,London,51.5073509,-0.1277583,55,pm25,55,22,8.7,0.9,1.7,17.8,21.6,58.5,1020.2,4.4,,
2025-08-08T11:00:00+02:00,Frankfurt,50.075464,8.576305,33,pm25,33,14,,1.3,0.1,24.3,23,54.5,1019,2.5,10.2,13.5
2025-08-08T11:00:00+02:00,Hamburg,53.564486,9.96834,28,o3,38,16,5.1,1.6,0.1,28.1,20.5,66,1015,4.1,10.8,14
2025-08-08T17:00:00+08:00,Wuhan,30.593099,114.305393,57,pm25,57,17,4.6,2.1,7.3,,34,63,1001,4.6,,
2025-08-08T11:00:00+02:00,Warsaw (Poland),52.225171,21.014783,50,pm25,50,30,19.5,2,0.1,12,20,64,1018,2,,13
2025-08-08T18:00:00+09:30,Winnellie (Australia),-12.424323299931126,130.89335024356842,65,pm25,65,25,1.2,0.9,4.8,11.1,28.2,67.6,1008.5,8.98,,21.2
2025-08-08T15:00:00+05:30,Bangalore (India),13.0270199,77.494094,52,pm10,45,52,6.7,0.7,6.9,10.7,29.5,60.875,951.325,0.88,,22.5
2025-08-08T15:00:00+05:30,Chennai (India),13.1278,80.2642,102,pm25,102,78,5.3,3.2,4,,29.89,65.8625,82916.175,1.88,10.2,26
2025-08-08T04:00:00-04:00,Boston,42.325184,-71.05608,26,pm25,26,9,11.2,0.3,4.5,12.8,17.2,73,1025.4,,,
2025-08-08T03:00:00-04:00,Georgia,33.68797,-84.29048,38,pm25,38,23,5.8,,3.4,0.8,19.7,58,1021,0.6,0.1,
2025-08-08T02:00:00-07:00,Phoenix,33.403055555556,-112.07527777778,20,o3,11,13,4.7,,1.2,20,37,12,1008.1,2.5,9.7,4
2025-08-08T15:00:00+05:30,Hyderabad (India),17.417094,78.457437,157,pm25,157,69,12.1,15.2,8.8,7.5,28,66.30749999999999,1010,1.02,10.2,22.5
2025-08-08T17:00:00+09:00,Daegu,35.8714354,128.601445,70,pm25,70,17,10.8,3,4.8,41.3,7.1,71,1016,3.9,,
2025-08-08T18:00:00+09:00,Gyeonggi,37.4112,127.2579,95,o3,55,33,13.7,3,4.7,94.8,30,62,1004,2.5,,22
2025-08-08T17:00:00+09:00,Nagoya,35.1814464,136.906398,41,o3,30,10,8.4,1.5,1.2,40.8,33.3,38,1002.7,5.2,,
2025-08-08T18:00:00+09:00,Fukuoka,33.5903547,130.4017155,80,pm25,80,39,43.6,1.5,5.6,42.4,30,66,1005,4.6,,
2025-08-08T18:00:00+09:00,Kawasaki,35.5309058,139.7030511,47,o3,1,38,16.7,1.5,4.5,46.5,31,58,1001,6.1,,
2025-08-08T17:00:00+08:00,Shenzhen,22.543099,114.057868,134,pm25,134,57,22,4.6,7.3,88.4,34.9,79,1007,4,,
2025-08-08T17:00:00+08:00,Zhongshan (Taiwan),25.062361,121.526528,55,pm25,55,30,11.6,1.8,3.2,24.8,32.5,74.5,1007,3,11.8,27.5
2025-08-08T17:00:00+08:00,Chongqing,29.56301,106.551557,85,pm25,85,35,4.2,2.6,3.7,42.3,35,56,1001,2.5,,
2025-08-08T12:00:00+03:00,Istanbul (Turkey),41.015278,29.025,70,pm25,70,39,8.5,2.1,14.4,43.7,26,90.9,1011,8.7,,24.4
2025-08-08T17:00:00+07:00,Hanoi,21.0491,105.8831,54,pm25,54,39,19,10,6,11,35.5,56,1004,2.3,,25.5
2025-08-08T17:00:00+07:00,Bangkok,13.7563309,100.5017651,65,pm25,65,37,1.2,0.6,0.1,4.8,34.8,55.2,1006.3,4.1,,
2025-08-08T16:00:00+05:30,Delhi,28.6341,77.2005,91,pm10,87,91,3.2,3.6,2.8,35,32.725,58.300000000000004,986.8499999999999,0.85,8.2,24
2025-08-08T19:00:00+09:00,Seoul,37.566535,126.9779692,80,pm25,80,42,17.9,5.9,4.9,49.1,27.5,64.9,993.6,2.5,,
2025-08-08T18:00:00+08:00,Beijing,39.954592,116.468117,53,pm25,53,17,8.7,2.1,5.5,26,22,100,1004,1.5,,
2025-08-08T17:00:00+08:00,Shanghai,31.2047372,121.4489017,66,o3,65,31,6.4,1.6,6.4,66.2,35,53,1003,2.5,,
2025-08-08T18:00:00+09:00,Shinjuku (Tokyo),35.713889,139.705556,57,pm25,57,19,31.5,5.8,3.4,66.1,31.1,66,1004.2,0.2,0.5,
2025-08-08T19:00:00+09:00,Osaka,34.6937378,135.5021651,51,o3,42,17,28.8,5.8,0.1,50.7,29,94,1004,3.1,,
2025-08-08T09:00:00+02:00,Paris,48.856614,2.3522219,24,o3,59,13,18.8,0.6,0.1,23.9,24.4,58,1021.3,1,,
2025-08-08T12:00:00+02:00,Frankfurt,50.075464,8.576305,35,pm25,35,18,,1.2,0.1,34.3,25.5,48.5,1019,2.3,10.2,14
2025-08-08T12:00:00+02:00,Hamburg,53.564486,9.96834,33,o3,38,16,3.7,1.6,0.1,33.3,22,60,1015,4.3,10.8,14
2025-08-08T12:00:00+03:00,Moscow,55.791842,37.578405,10,pm10,59,10,21.5,0.2,8.8,7.7,20.5,51,1020.8,6.5,11,
2025-08-08T18:00:00+08:00,Wuhan,30.593099,114.305393,55,pm25,55,15,3.7,2.1,7.3,,33,70,1001,3.6,,
2025-08-08T12:00:00+02:00,Warsaw (Poland),52.225171,21.014783,58,pm25,58,54,26.6,2,0.1,12,22,56,1018,2,,13
2025-08-08T16:00:00+05:30,Bangalore (India),13.0270199,77.494094,56,pm25,56,51,6.8,2.7,7.4,10.4,29.5,60.975,951.1824999999999,0.8925000000000001,,22.5
2025-08-08T16:00:00+05:30,Chennai (India),13.1278,80.2642,115,pm25,115,68,4.7,2.4,4.4,,29.900000000000002,65.42,82901.725,2.12,10.2,26
2025-08-08T05:00:00-04:00,Boston,42.325184,-71.05608,28,pm25,28,11,14.9,0.5,6.7,8,16.9,76,1025.8,,,
2025-08-08T04:00:00-04:00,Georgia,33.68797,-84.29048,37,pm25,37,18,4.7,,3.4,0.8,19.4,58.6,1021,0.6,1.2,
2025-08-08T03:00:00-07:00,Phoenix,33.403055555556,-112.07527777778,15,o3,5,11,4.7,,1.2,14.5,37,13,1008.1,1.5,9.7,5
2025-08-08T16:00:00+05:30,Hyderabad (India),17.417094,78.457437,156,pm25,156,72,13.8,15.3,9.6,7.5,28,65.36749999999999,1010,0.825,10.2,22
2025-08-08T02:00:00-06:00,Denver,39.732146,-105.015317,70,pm25,70,30,11.9,0.6,3.6,12.2,23.3333,31.5,1015.9,1,5.1,
2025-08-08T19:00:00+09:00,Daegu,35.8714354,128.601445,57,pm25,57,16,12.7,3,4.8,37.1,7.1,71,1016,3.9,,
2025-08-08T19:00:00+09:00,Gyeonggi,37.4112,127.2579,75,o3,59,30,16.3,3,5.2,75.3,28,61,1004.7,2.5,,20
2025-08-08T18:00:00+09:00,Nagoya,35.1814464,136.906398,38,o3,30,11,8.4,1.5,1.2,37.6,32.7,34,1003.4,4.4,,
2025-08-08T19:00:00+09:00,Fukuoka,33.5903547,130.4017155,59,pm25,59,25,37.1,1.5,6.7,40.8,30,66,1005,6.1,,
2025-08-08T19:00:00+09:00,Kawasaki,35.5309058,139.7030511,40,o3,1,33,25.1,2.9,4.5,40,29,74,1002,6.1,,
2025-08-08T18:00:00+08:00,Shenzhen,22.543099,114.057868,132,pm25,132,57,15.6,4.1,7.3,88.4,31.6,84,1007,4.6,,
2025-08-08T18:00:00+08:00,Zhongshan (Taiwan),25.062361,121.526528,65,pm25,65,30,20,1.9,6.3,22.1,33,67.3,1007,2.2,11.8,26.3
2025-08-08T18:00:00+08:00,Chongqing,29.56301,106.551557,70,pm25,70,43,5.5,1.6,3.7,42.7,34,59,1001,4.6,,
2025-08-08T13:00:00+03:00,Istanbul (Turkey),41.015278,29.025,71,pm25,71,40,8.5,2.1,14.5,44.3,26,90.9,1011,8.7,,24.4
2025-08-08T18:00:00+07:00,Hanoi,21.0491,105.8831,45,pm25,45,35,29,11,9,9,36,50,1004,2,,24
2025-08-08T17:00:00+05:30,Mumbai,19.0863,72.8888,125,pm25,125,72,1.4,14.9,0.9,11.7,29,94.79666666666667,1005.8733333333333,29.80666666666667,11.3,25
2025-08-08T20:00:00+09:00,Seoul,37.566535,126.9779692,63,pm25,63,30,21.7,6.3,5.5,33.1,27.5,64.9,993.6,2.5,,
2025-08-08T19:00:00+08:00,Beijing,39.954592,116.468117,57,pm25,57,20,11,2.1,6.4,23.6,22,100,1004,1.5,,
2025-08-08T18:00:00+08:00,Shanghai,31.2047372,121.4489017,65,pm25,65,31,6.4,1.6,6.4,64.9,35,54.5,1003,2.5,,
2025-08-08T19:00:00+09:00,Shinjuku (Tokyo),35.713889,139.705556,50,pm25,50,20,36.2,5.8,3.4,66.1,30,71,1004.5,0.2,1.2,
2025-08-08T10:00:00+01:00,London,51.5073509,-0.1277583,57,pm25,57,23,9.2,1,1.5,11.1,22.2,54.7,1020.3,4.5,,
2025-08-08T13:00:00+02:00,Frankfurt,50.075464,8.576305,43,o3,29,19,,1.1,0.1,43,26.5,41.5,1019,2.8,10.2,12.5
2025-08-08T13:00:00+02:00,Hamburg,53.564486,9.96834,38,o3,38,16,2.3,1.6,0.1,37.8,23,56,1015.5,4.8,10.8,14
2025-08-08T13:00:00+02:00,Warsaw (Poland),52.225171,21.014783,51,pm25,51,41,22.4,2,0.1,12,25,44,1017,3,,12
2025-08-08T19:00:00+09:30,Winnellie (Australia),-12.424323299931126,130.89335024356842,59,pm25,59,19,3,1,4.5,9.5,26.5,72,1009.6,1,,21
2025-08-08T05:00:00-04:00,Georgia,33.68797,-84.29048,44,pm25,44,20,5.1,,3.4,6.4,20,58.1,1020.9,0.6,2.1,
2025-08-08T04:00:00-07:00,Phoenix,33.403055555556,-112.07527777778,25,pm25,25,22,4.7,,2.3,8,36,15,1008.4,1.5,9.7,6
2025-08-08T17:00:00+05:30,Hyderabad (India),17.417094,78.457437,112,pm25,112,69,13.2,15.2,9.4,7.4,28,63.88666666666666,1010,0.9633333333333334,10.2,22
2025-08-08T03:00:00-06:00,Denver,39.732146,-105.015317,25,pm25,25,14,11.5,0.6,2.5,12.6,22.7778,32,1015.7,3,4.7,
2025-08-08T20:00:00+09:00,Daegu,35.8714354,128.601445,50,pm25,50,16,10.6,3.2,4.7,34.7,7.1,71,1016,3.9,,
2025-08-08T20:00:00+09:00,Gyeonggi,37.4112,127.2579,70,pm25,70,30,14.7,4.6,5,49.2,28,58,1005,1.5,,19
2025-08-08T19:00:00+09:00,Nagoya,35.1814464,136.906398,42,pm25,42,12,9.3,1.5,1.2,35.2,31.6,37,1003.9,2.8,,
2025-08-08T20:00:00+09:00,Fukuoka,33.5903547,130.4017155,42,pm25,42,16,13.9,1.5,7.8,40.8,28,74,1006,2,,
2025-08-08T20:00:00+09:00,Kawasaki,35.5309058,139.7030511,47,pm10,1,47,29.7,2.9,4.5,45.6,29,74,1003,4.6,,
2025-08-08T19:00:00+08:00,Zhongshan (Taiwan),25.062361,121.526528,70,pm25,70,32,17.3,1.5,5.6,26.8,32.5,66,1007.5,2,11.8,25.5
2025-08-08T19:00:00+08:00,Chongqing,29.56301,106.551557,59,pm25,59,40,6.4,1.6,3.7,39,33,62,1001,4.6,,
2025-08-08T14:00:00+03:00,Istanbul (Turkey),41.015278,29.025,71,pm25,71,39,6.4,1.9,14.5,46.8,26.3,87.2,1011.3,9.7,,24
2025-08-08T19:00:00+07:00,Hanoi,21.0491,105.8831,37,pm25,37,33,25,11,7,9,34,63,1004,1.8,,26
2025-08-08T19:00:00+07:00,Bangkok,13.7563309,100.5017651,43,pm25,43,10,1.2,0.6,0.1,4.8,31.2,67.9,1009,1.5,,
2025-08-08T18:00:00+05:30,Delhi,28.6341,77.2005,89,pm10,82,89,3.7,1.8,2.8,35.1,29.3,65.75,986.8,0.25,8.2,24
2025-08-08T18:00:00+05:30,Mumbai,19.0863,72.8888,128,pm25,128,73,1.3,14.9,0.7,11.6,29,99.92,1006.2,26.65,11.3,24.5
2025-08-08T21:00:00+09:00,Seoul,37.566535,126.9779692,55,pm25,55,25,19.8,5.9,4.8,27.8,26.7,65.9,994.1,2.5,,
2025-08-08T20:00:00+08:00,Beijing,39.954592,116.468117,63,pm25,63,22,14.2,2.1,6.4,18.7,22,94,1005,1.5,,
2025-08-08T20:00:00+08:00,Shanghai,31.2047372,121.4489017,68,pm25,68,40,9.2,1.6,7.3,55.8,34,59,1004,0.5,,
2025-08-08T21:00:00+09:00,Shinjuku (Tokyo),35.713889,139.705556,53,pm25,53,15,10.2,1.5,3.4,27.2,27.7,71.7,1006.4,0.2,0.5,
2025-08-08T21:00:00+09:00,Osaka,34.6937378,135.5021651,50,pm25,50,19,18.6,5.8,2.3,36.1,28,94,1006,4.6,,
2025-08-08T12:00:00+02:00,Paris,48.856614,2.3522219,37,o3,25,15,10.7,0.6,0.1,36.8,25.5,55,1021.5,1.8,,
2025-08-08T12:00:00+01:00,London,51.5073509,-0.1277583,57,pm25,57,23,13.3,1.4,2,10.5,23.8,49,1020.9,5.8,,
2025-08-08T14:00:00+02:00,Frankfurt,50.075464,8.576305,49,o3,25,15,,0.5,0.1,49.3,28,35.5,1019,2.5,10.2,11.5
2025-08-08T14:00:00+02:00,Hamburg,53.564486,9.96834,40,o3,38,16,1.9,1.6,0.1,40.3,23.5,60,1016,4.6,10.8,15.5
2025-08-08T15:00:00+03:00,Moscow,55.791842,37.578405,42,pm25,42,21,22,0.4,8.8,16.4,23.3,40.3,1020,6.6,13,
2025-08-08T20:00:00+08:00,Wuhan,30.593099,114.305393,57,pm25,57,20,4.2,1.6,1,,32,74,1002,2.5,,
2025-08-08T14:00:00+02:00,Warsaw (Poland),52.225171,21.014783,41,pm25,41,27,24.4,2,0.1,12,25,47,1017,3.6,,13
2025-08-08T22:00:00+09:30,Winnellie (Australia),-12.424323299931126,130.89335024356842,53,pm25,53,17,3.4,1.1,5.2,5.4,25.1,87,1011.2,1.4,,21.6
2025-08-08T18:00:00+05:30,Bangalore (India),13.0270199,77.494094,53,pm10,45,53,7.4,3.4,9.6,10.4,25.5,76.05000000000001,951.385,0.875,,21
2025-08-08T18:00:00+05:30,Chennai (India),13.1278,80.2642,83,pm25,83,60,3,1.8,4.1,,29.79,65.495,82959.75,1.4049999999999998,10.2,26
2025-08-08T07:00:00-04:00,Boston,42.325184,-71.05608,30,pm25,30,19,16.7,0.6,4.5,8,20.7,62,1026.2,,,
2025-08-08T06:00:00-04:00,Georgia,33.68797,-84.29048,47,pm25,47,20,6.3,,3.4,8,20.6,55.1,1021.5,0.6,4,
2025-08-08T05:00:00-07:00,Phoenix,33.403055555556,-112.07527777778,37,pm25,37,30,4.7,,3.4,5.6,34,18,1008.8,3,9.7,7
2025-08-08T18:00:00+05:30,Hyderabad (India),17.417094,78.457437,87,pm25,87,66,13.6,15.3,10.7,7.3,28,70.805,1009,0.48,10.2,22
2025-08-08T05:00:00-06:00,Denver,39.732146,-105.015317,30,pm25,30,29,13.3,0.6,4.6,11,22.7778,27.3,1015.9,2,7,
2025-08-08T21:00:00+09:00,Daegu,35.8714354,128.601445,50,pm25,50,20,15.1,3.3,5,26.4,7.1,71,1016,3.9,,
2025-08-08T21:00:00+09:00,Gyeonggi,37.4112,127.2579,61,pm25,61,39,12.4,4.8,4.9,37.7,27,57,1005.7,1.5,,18
2025-08-08T21:00:00+09:00,Nagoya,35.1814464,136.906398,34,pm25,34,10,10.2,1.5,3.4,32.8,31.1,49,1005,2.4,,
2025-08-08T21:00:00+09:00,Fukuoka,33.5903547,130.4017155,42,pm25,42,16,10.2,1.5,7.8,39.2,27.5,76,1006,2,,
2025-08-08T21:00:00+09:00,Kawasaki,35.5309058,139.7030511,55,pm25,55,36,24.1,2.9,4.5,27.2,30,74,1004,7.4,,
2025-08-08T20:00:00+08:00,Shenzhen,22.543099,114.057868,97,pm25,97,54,18.3,4.1,8.2,94.9,30.1,90.5,1007.5,4.6,,
2025-08-08T20:00:00+08:00,Zhongshan (Taiwan),25.062361,121.526528,70,pm25,70,33,21.3,1.5,6.3,23.3,31,70,1008,2.5,11.8,25
2025-08-08T20:00:00+08:00,Chongqing,29.56301,106.551557,63,pm25,63,33,7.4,2.1,3.7,37,32,70,1001,4.6,,
2025-08-08T15:00:00+03:00,Istanbul (Turkey),41.015278,29.025,72,pm25,72,40,8.1,2.1,14.6,47.9,26.5,87.7,1011.4,8.2,,24.3
2025-08-08T20:00:00+07:00,Hanoi,21.0491,105.8831,38,pm10,36,38,22,10,6,10,32,74,1004,1.8,,27
2025-08-08T20:00:00+07:00,Bangkok,13.7563309,100.5017651,30,pm25,30,19,1.8,0.6,0.1,4.8,31.2,67.9,1009,1.5,,
2025-08-08T19:00:00+05:30,Delhi,28.6341,77.2005,85,pm10,82,85,2.8,2.3,3.9,24.8,27.9,72.5,986.7,0.3,8.2,23.5
2025-08-08T19:00:00+05:30,Mumbai,19.0863,72.8888,130,pm25,130,74,1.4,14.9,0.7,11.7,29,99.92,1006.3374999999999,24.025,11.3,25
2025-08-08T22:00:00+09:00,Seoul,37.566535,126.9779692,50,pm25,50,21,15.6,5.3,4.9,27.8,26.1,70.9,994.7,1.5,,
2025-08-08T21:00:00+08:00,Beijing,39.954592,116.468117,55,pm25,55,17,7.8,2.1,5.5,26.4,22,100,1005,0.5,,
2025-08-08T21:00:00+08:00,Shanghai,31.2047372,121.4489017,82,pm25,82,46,11,2.1,7.3,47.6,32.5,66,1004,2.5,,
2025-08-08T22:00:00+09:00,Osaka,34.6937378,135.5021651,46,pm25,46,16,11.2,5.8,0.1,32.8,25,88,1006,2,,
2025-08-08T13:00:00+02:00,Paris,48.856614,2.3522219,36,o3,34,13,12.2,0.6,0.1,36.1,25.5,56.3,1021.6,5.6,,
2025-08-08T15:00:00+02:00,Frankfurt,50.075464,8.576305,53,o3,26,16,,0.5,0.1,52.9,29.5,34,1018,2.3,10.2,12
2025-08-08T15:00:00+02:00,Hamburg,53.564486,9.96834,40,o3,38,16,2.3,1.6,0.1,39.8,23.5,60,1016,4.6,10.8,15.5
2025-08-08T16:00:00+03:00,Moscow,55.791842,37.578405,46,pm25,46,18,25.6,0.3,8.2,17.1,22.9,44.3,1019.6,8.3,12,
2025-08-08T21:00:00+08:00,Wuhan,30.593099,114.305393,61,pm25,61,20,21.5,2.1,1.9,,31,84,1003,1.5,,
2025-08-08T15:00:00+02:00,Warsaw (Poland),52.225171,21.014783,38,pm25,38,21,26.5,2,0.1,12,25,41,1017,2.5,,11
2025-08-08T23:00:00+09:30,Winnellie (Australia),-12.424323299931126,130.89335024356842,56,pm25,56,22,2.4,0.9,5.1,7.6,23.5,91.8,1011.6,2.6,,21.4
2025-08-08T19:00:00+05:30,Bangalore (India),13.0270199,77.494094,78,pm25,78,55,7,3.6,6.4,10.4,25,79.4,951.4525,0.8675,,21
2025-08-08T19:00:00+05:30,Chennai (India),13.1278,80.2642,63,pm25,63,55,3.4,1.7,4,,29.799999999999997,65.4,82974.725,1.35,10.2,26
2025-08-08T08:00:00-04:00,Boston,42.325184,-71.05608,29,pm25,29,16,16.7,0.6,2.3,12.1,23.3,45.6,1026,,,
2025-08-08T07:00:00-04:00,Georgia,33.68797,-84.29048,37,pm25,37,14,3.7,,3.4,12.8,21.6,53.7,1021.9,0.1,3.4,
2025-08-08T06:00:00-07:00,Phoenix,33.403055555556,-112.07527777778,47,pm25,47,31,4.7,,3.4,2.4,34,18,1009.8,2.5,9.7,7
2025-08-08T19:00:00+05:30,Hyderabad (India),17.417094,78.457437,96,pm25,96,64,6.4,14.2,5,7.7,27,72.49666666666667,1010,0.51,10.2,22
2025-08-08T06:00:00-06:00,Denver,39.732146,-105.015317,45,pm10,38,45,11.5,0.6,2.9,11,22.7778,26,1016.3,3,4.7,
2025-08-08T22:00:00+09:00,Daegu,35.8714354,128.601445,53,pm25,53,20,15.1,3,4.9,26.4,7.1,71,1016,3.9,,
2025-08-08T22:00:00+09:00,Gyeonggi,37.4112,127.2579,59,pm25,59,27,12.4,4.3,4.5,28.5,26,65,1006,1,,19
2025-08-08T22:00:00+09:00,Fukuoka,33.5903547,130.4017155,38,pm25,38,19,13,1.5,7.8,35.2,27,78,1007,2,,
2025-08-08T22:00:00+09:00,Kawasaki,35.5309058,139.7030511,38,o3,1,14,14.9,2.9,4.5,37.6,28,74,1005,7.7,,
2025-08-08T21:00:00+08:00,Shenzhen,22.543099,114.057868,80,pm25,80,54,21.5,4.6,8.2,59.1,30,92.7,1008.2,5.6,,
2025-08-08T21:00:00+08:00,Zhongshan (Taiwan),25.062361,121.526528,76,pm25,76,31,21.3,1.5,6.3,22.6,30.5,72,1008,1.8,11.8,25
2025-08-08T21:00:00+08:00,Chongqing,29.56301,106.551557,68,pm25,68,30,11.5,3.1,5.5,37,32,70,1002,5.6,,
2025-08-08T16:00:00+03:00,Istanbul (Turkey),41.015278,29.025,70,pm25,70,39,8.5,2,14.6,47.9,26.5,87.7,1011.4,8.2,,24.3
2025-08-08T21:00:00+07:00,Hanoi,21.0491,105.8831,47,pm25,47,43,17,10,4,10,32,70,1005,4.6,,26
2025-08-08T21:00:00+07:00,Bangkok,13.7563309,100.5017651,33,pm25,33,16,0.6,0.6,0.1,4.8,30.5,8.8,1011,1.5,,
2025-08-08T20:00:00+05:30,Delhi,28.6341,77.2005,91,pm25,91,81,5.2,2.7,4.6,23,27.674999999999997,73.64999999999999,986.75,0.3,8.2,23
2025-08-08T20:00:00+05:30,Mumbai,19.0863,72.8888,109,pm25,109,64,1.4,14.9,0.8,11.5,29,99.92,1006.7199999999999,17.153333333333332,11.3,25
2025-08-08T23:00:00+09:00,Seoul,37.566535,126.9779692,46,pm25,46,23,14.6,5,4.8,32.5,25.4,74.8,994.7,1.5,,
2025-08-08T22:00:00+08:00,Beijing,39.954592,116.468117,61,pm25,61,20,7.4,2.1,5.5,25.6,22,100,1005,0.5,,
2025-08-08T22:00:00+08:00,Shanghai,31.2047372,121.4489017,80,pm25,80,42,10.1,2.1,7.3,47.6,33,59,1004,2.5,,
2025-08-08T22:00:00+09:00,Shinjuku (Tokyo),35.713889,139.705556,42,pm25,42,12,9.3,1.5,2.3,39.2,27.7,68.7,1006.8,0.2,0.5,
2025-08-08T23:00:00+09:00,Osaka,34.6937378,135.5021651,70,pm25,70,30,26,5.8,0.1,32,25,88,1006,3.6,,
2025-08-08T14:00:00+01:00,London,51.5073509,-0.1277583,46,pm25,46,22,14.2,1.6,1.9,11.4,25.5,45.1,1020.2,5.8,,
2025-08-08T16:00:00+02:00,Frankfurt,50.075464,8.576305,55,o3,27,16,,0.5,0.1,54.5,30,28.5,1018,3.3,10.2,10
2025-08-08T16:00:00+02:00,Hamburg,53.564486,9.96834,38,o3,38,16,1.9,1.6,0.1,38.2,24,62,1016,4.8,10.8,16.5
2025-08-08T17:00:00+03:00,Moscow,55.791842,37.578405,50,pm25,50,14,27.5,1.7,9.1,16.3,22.2,45.6,1019.6,7.3,11.6,
2025-08-08T22:00:00+08:00,Wuhan,30.593099,114.305393,57,pm25,57,20,12.8,2.1,1.9,,31,84,1003,1.5,,
2025-08-08T16:00:00+02:00,Warsaw (Poland),52.225171,21.014783,35,pm25,35,18,34,2,0.1,12,25,44,1017,2.5,,12
2025-08-08T20:00:00+05:30,Bangalore (India),13.0270199,77.494094,70,pm25,70,60,7.8,3,6.4,10.4,25,92.55,951.7675,0.8825000000000001,,22
2025-08-08T20:00:00+05:30,Chennai (India),13.1278,80.2642,91,pm25,91,66,4.2,1.6,4.1,,29.8675,64.9825,83049.67499999999,1.23,10.2,26
2025-08-08T09:00:00-04:00,Boston,42.325184,-71.05608,27,pm25,27,13,12.1,0.5,2.3,22.4,25.1,40,1026.2,,,
2025-08-08T08:00:00-04:00,Georgia,33.68797,-84.29048,32,pm25,32,12,4.2,,3.4,13.6,22.6,53.2,1022,0.2,5,
2025-08-08T07:00:00-07:00,Phoenix,33.403055555556,-112.07527777778,38,pm25,38,36,4.7,,4.5,4,34,23,1010.8,2,9.7,10
2025-08-08T20:00:00+05:30,Hyderabad (India),17.417094,78.457437,78,pm25,78,71,6.5,14,6.3,6.9,26,78.765,1011,0.5425,10.2,23
2025-08-08T07:00:00-06:00,Denver,39.732146,-105.015317,41,pm10,38,41,11.9,0.6,3.1,8.6,23.3333,26,1016.4,5,6,
2025-08-08T23:00:00+09:00,Daegu,35.8714354,128.601445,53,pm25,53,17,15.1,2.9,4.9,26.4,7.1,71,1016,3.9,,
2025-08-08T23:00:00+09:00,Gyeonggi,37.4112,127.2579,50,pm25,50,26,12.4,3.9,4.5,28.5,25,73,1005.7,1.5,,20
2025-08-08T22:00:00+09:00,Nagoya,35.1814464,136.906398,38,pm25,38,14,11.2,1.5,3.4,31.2,30.9,54,1005.1,3.5,,
2025-08-08T23:00:00+09:00,Fukuoka,33.5903547,130.4017155,34,pm25,34,18,8.4,1.5,5.6,28.1,27,78,1007,3.6,,
2025-08-08T23:00:00+09:00,Kawasaki,35.5309058,139.7030511,34,o3,1,13,15.8,1.5,3.4,33.6,28,69,1005,5.1,,
2025-08-08T22:00:00+08:00,Shenzhen,22.543099,114.057868,80,pm25,80,51,25.6,4.6,8.2,63.6,30,88,1008.6,4.6,,
2025-08-08T22:00:00+08:00,Zhongshan (Taiwan),25.062361,121.526528,82,pm25,82,32,20,1.2,5,16.9,29.5,81,1008,2,11.8,26
2025-08-08T22:00:00+08:00,Chongqing,29.56301,106.551557,57,pm25,57,31,12.8,3.1,5.5,27.7,31,74,1002,6.6,,
2025-08-08T17:00:00+03:00,Istanbul (Turkey),41.015278,29.025,69,pm25,69,38,7.1,2,14.6,48.3,29,54,1017,10.8,13.3,19
2025-08-08T22:00:00+07:00,Hanoi,21.0491,105.8831,62,pm25,62,47,16,11,4,9,31,74,1006,3,,26
2025-08-08T22:00:00+07:00,Bangkok,13.7563309,100.5017651,41,pm25,41,16,0.6,0.6,0.1,4.8,30,78.3,1010.9,2,,
2025-08-08T21:00:00+05:30,Delhi,28.6341,77.2005,85,pm25,85,82,6.3,1.2,5.9,17.6,26.3,78.7,986.7,0.3,8.2,24.5
2025-08-08T21:00:00+05:30,Mumbai,19.0863,72.8888,99,pm25,99,59,1.6,14.8,1.3,11.7,27,99.92,1007.41,29.30333333333333,11.3,25
2025-08-09T00:00:00+09:00,Seoul,37.566535,126.9779692,46,pm25,46,23,13.8,4.8,5.3,30.5,25.2,79.5,994.8,0.5,,
2025-08-08T23:00:00+08:00,Beijing,39.954592,116.468117,50,pm25,50,16,6,2.1,5.5,24.8,22,100,1005,1.5,,
2025-08-08T23:00:00+08:00,Shanghai,31.2047372,121.4489017,76,pm25,76,40,11,2.1,7.3,53.2,32,66,1004,2.5,,
2025-08-08T23:00:00+09:00,Shinjuku (Tokyo),35.713889,139.705556,42,pm25,42,11,6.5,1.5,2.3,39.2,27.5,73,1007,0.2,0.5,
2025-08-09T00:00:00+09:00,Osaka,34.6937378,135.5021651,46,pm25,46,14,28.8,5.8,0.1,29.6,28,88,1006,3.6,,
2025-08-08T14:00:00+02:00,Paris,48.856614,2.3522219,43,pm25,43,22,8.7,0.6,0.1,31.8,26.6,53.8,1021.1,4,,
2025-08-08T15:00:00+01:00,London,51.5073509,-0.1277583,46,pm25,46,22,14.2,1.1,2,29.3,25.7,43.7,1020.1,5.2,,
2025-08-08T17:00:00+02:00,Frankfurt,50.075464,8.576305,51,o3,25,16,,0.5,0.1,51.3,31,28,1018,3,10.2,10.5
2025-08-08T17:00:00+02:00,Hamburg,53.564486,9.96834,38,o3,38,16,1,1.6,0.1,37.8,23.5,66,1017,6.4,10.8,17
2025-08-08T18:00:00+03:00,Moscow,55.791842,37.578405,34,pm25,34,11,27.9,0.3,9.7,13.9,23.8,35,1019.6,6.5,8.5,
2025-08-08T23:00:00+08:00,Wuhan,30.593099,114.305393,55,pm25,55,22,11.9,2.1,1.9,,32,74,1003,1.5,,
2025-08-08T17:00:00+02:00,Warsaw (Poland),52.225171,21.014783,36,pm25,36,20,38.6,2,0.1,12,26,44,1017,1.5,,13
2025-08-09T00:00:00+09:30,Winnellie (Australia),-12.424323299931126,130.89335024356842,55,pm25,55,18,2.1,1,4.7,7,23.4,88,1012,1.6,,21.5
2025-08-08T10:00:00-04:00,Boston,42.325184,-71.05608,29,pm25,29,13,8.4,0.5,2.3,22.4,26.9,40.5,1026.2,,,
2025-08-08T09:00:00-04:00,Georgia,33.68797,-84.29048,34,pm25,34,14,3.6,,3.4,14.5,23.2,54.6,1021.3,0.1,4.3,
2025-08-08T08:00:00-07:00,Phoenix,33.403055555556,-112.07527777778,45,pm10,40,45,4.7,,4.5,10.4,36,22,1011.5,4.6,9.7,11
2025-08-08T08:00:00-06:00,Denver,39.732146,-105.015317,45,pm10,42,45,10.6,0.6,3,9.8,24.4444,26.5,1016.4,4,5.5,
2025-08-09T00:00:00+09:00,Daegu,35.8714354,128.601445,38,pm25,38,17,15.1,2.9,4.8,26.7,7.1,71,1016,3.9,,
2025-08-09T00:00:00+09:00,Gyeonggi,37.4112,127.2579,46,pm25,46,26,12.4,3.2,4.8,20.2,25,73,1005.7,0.5,,20
2025-08-08T23:00:00+09:00,Nagoya,35.1814464,136.906398,38,pm25,38,14,6.5,1.5,2.3,31.2,29.6,54,1005.3,3.8,,
2025-08-09T00:00:00+09:00,Fukuoka,33.5903547,130.4017155,46,pm25,46,18,5.6,1.5,5.6,30.4,27,78,1006,4.6,,
2025-08-08T23:00:00+08:00,Shenzhen,22.543099,114.057868,82,pm25,82,39,25.2,4.1,9.1,43.5,30,95.4,1009,3.6,,
2025-08-08T23:00:00+08:00,Zhongshan (Taiwan),25.062361,121.526528,76,pm25,76,30,22,1.3,6.4,11.7,29.5,76.5,1009,1.2,11.8,25
2025-08-08T23:00:00+08:00,Chongqing,29.56301,106.551557,63,pm25,63,29,15.1,2.6,5.5,20.8,31,70,1003,3.6,,
2025-08-08T18:00:00+03:00,Istanbul (Turkey),41.015278,29.025,68,pm25,68,36,7.2,2,14.6,48.1,29,42,1017,10.8,14.9,15
2025-08-08T23:00:00+07:00,Bangkok,13.7563309,100.5017651,56,pm25,56,24,0.6,0.6,0.1,4.8,30.5,78.3,1010.9,2,,
2025-08-08T22:00:00+05:30,Delhi,28.6341,77.2005,82,pm10,80,82,7.6,2.1,7.3,22.1,26.099999999999998,79.6,986.7249999999999,0.30000000000000004,8.2,23
2025-08-09T01:00:00+09:00,Seoul,37.566535,126.9779692,50,pm25,50,25,14.8,4.6,5.7,31.2,25,81.9,994.5,1,,
2025-08-09T00:00:00+08:00,Beijing,39.954592,116.468117,63,pm25,63,22,9.6,2.1,5.5,17.5,22,100,1004,1.5,,
2025-08-09T00:00:00+08:00,Shanghai,31.2047372,121.4489017,78,pm25,78,51,11.9,2.1,8.2,49.6,32,70,1004,2.5,,
2025-08-09T00:00:00+09:00,Shinjuku (Tokyo),35.713889,139.705556,38,pm25,38,13,6.5,1.5,2.3,36.1,27.2,75,1006.9,0.2,0.7,
2025-08-08T15:00:00+02:00,Paris,48.856614,2.3522219,40,pm25,40,18,9.1,0.6,0.1,31.1,25.6,56.5,1021,3.2,,
2025-08-08T18:00:00+02:00,Frankfurt,50.075464,8.576305,53,o3,25,14,,0.5,0.1,52.5,31,28,1018,3.3,10.2,10.5
2025-08-08T18:00:00+02:00,Hamburg,53.564486,9.96834,35,o3,38,17,1.9,1.6,0.1,35,22.5,62,1017.5,6.9,10.8,15
2025-08-09T00:00:00+08:00,Wuhan,30.593099,114.305393,53,pm25,53,17,12.8,2.1,1,,32,74,1003,1.5,,
2025-08-08T18:00:00+02:00,Warsaw (Poland),52.225171,21.014783,37,pm25,37,23,28.1,2,0.1,12,26,39,1017,5.1,,11
2025-08-09T01:00:00+09:30,Winnellie (Australia),-12.424323299931126,130.89335024356842,55,pm25,55,17,2.1,1,4.7,6.8,23.4,88,1012,1.6,,21.5
2025-08-08T21:00:00+05:30,Bangalore (India),13.0270199,77.494094,67,pm25,67,60,8.2,0.7,6.8,10.7,23,93.53333333333335,952.1266666666667,0.9700000000000001,,21
2025-08-08T22:00:00+05:30,Chennai (India),13.1278,80.2642,77,pm25,77,51,4.8,1.7,4.7,,29.895,66.005,83196.15,0.9075,10.2,26
2025-08-08T11:00:00-04:00,Boston,42.325184,-71.05608,29,pm25,29,13,4.7,0.5,2.3,26.4,28.3,36,1026,,,
2025-08-08T10:00:00-04:00,Georgia,33.68797,-84.29048,33,pm25,33,12,3.7,,3.4,15.2,23.7,55.2,1021.4,0.2,3.8,
2025-08-08T09:00:00-07:00,Phoenix,33.403055555556,-112.07527777778,53,pm25,53,50,4.7,,2.3,20.8,36,23,1011.8,3.6,9.7,12
2025-08-08T21:00:00+05:30,Hyderabad (India),17.417094,78.457437,157,pm25,157,78,9.4,15.1,7.8,7,26,80.61,1012,0.33,10.2,23
2025-08-08T09:00:00-06:00,Denver,39.732146,-105.015317,34,pm25,34,33,7.4,0.6,2.7,12.2,26.6667,24.3,1015.9,5,6.3,
2025-08-09T01:00:00+09:00,Daegu,35.8714354,128.601445,46,pm25,46,19,15.1,3.3,5,21.3,7.1,71,1016,3.9,,
2025-08-09T01:00:00+09:00,Gyeonggi,37.4112,127.2579,57,pm25,57,27,12.4,3,4.9,15.2,24,83,1005.4,1.5,,21
2025-08-09T00:00:00+09:00,Nagoya,35.1814464,136.906398,34,pm25,34,13,7.5,1.5,2.3,32,29.4,56,1005,3.7,,
2025-08-09T01:00:00+09:00,Fukuoka,33.5903547,130.4017155,42,pm25,42,18,4.7,1.5,4.5,31.2,27,78,1006,4.3,,
2025-08-09T01:00:00+09:00,Kawasaki,35.5309058,139.7030511,33,o3,1,14,16.7,1.5,3.4,32.8,27,74,1005,4.1,,
2025-08-09T00:00:00+08:00,Shenzhen,22.543099,114.057868,85,pm25,85,39,22.4,4.1,9.1,19.5,30,96,1008.3,2.5,,
2025-08-09T00:00:00+08:00,Zhongshan (Taiwan),25.062361,121.526528,76,pm25,76,30,21,1.6,5.8,9.2,29,79,1008.5,1,11.8,25
2025-08-09T00:00:00+08:00,Chongqing,29.56301,106.551557,65,pm25,65,37,13.8,3.1,6.4,19.5,30,79,1003,5.6,,
2025-08-08T19:00:00+03:00,Istanbul (Turkey),41.015278,29.025,66,pm25,66,35,7.8,2,14.5,44.6,28.5,42,1017,10.8,16.4,14.5
2025-08-09T00:00:00+07:00,Hanoi,21.0491,105.8831,76,pm25,76,50,13,9,2,17,30,79,1007,3.6,,26
2025-08-08T22:00:00+05:30,Mumbai,19.0863,72.8888,95,pm25,95,56,1.9,14.9,1.7,11.5,27,99.92,1008.595,29.24,11.3,25
2025-08-09T02:00:00+09:00,Seoul,37.566535,126.9779692,55,pm25,55,25,11.5,4.9,5.4,26,25,81.9,994.5,1,,
2025-08-09T01:00:00+08:00,Beijing,39.954592,116.468117,85,pm25,85,32,13.3,2.1,4.6,11.8,21,100,1004,0.5,,
2025-08-09T01:00:00+08:00,Shanghai,31.2047372,121.4489017,89,pm25,89,57,12.4,2.1,8.2,49.6,31,79,1003,3.6,,
2025-08-09T01:00:00+09:00,Shinjuku (Tokyo),35.713889,139.705556,42,pm25,42,10,6.5,1.5,2.3,36.1,26.8,75,1007,0.2,0.5,
2025-08-09T01:00:00+09:00,Osaka,34.6937378,135.5021651,38,pm25,38,13,12.1,4.3,2.3,27.2,27,94,1006,2.5,,
2025-08-08T16:00:00+01:00,London,51.5073509,-0.1277583,42,pm25,42,21,18.3,1.1,1.9,13.5,26.1,42.3,1019.8,4.6,,
2025-08-08T19:00:00+02:00,Frankfurt,50.075464,8.576305,53,o3,26,15,,0.7,0.1,52.6,30.5,31,1018,2.3,10.2,11.5
2025-08-08T19:00:00+02:00,Hamburg,53.564486,9.96834,42,pm25,42,17,1,1.6,0.1,32.9,21.5,52.5,1018,5.4,10.8,11.5
2025-08-09T01:00:00+08:00,Wuhan,30.593099,114.305393,50,pm25,50,16,13.8,2.1,1.9,,31,74,1002,1.5,,
2025-08-08T19:00:00+02:00,Warsaw (Poland),52.225171,21.014783,39,pm25,39,21,33.4,2,0.1,12,25,44,1017,3.6,,12
2025-08-09T02:00:00+09:30,Winnellie (Australia),-12.424323299931126,130.89335024356842,53,pm25,53,16,2.8,0.8,4.7,6.8,22.7,93.4,1011.5,0.98,,21
2025-08-08T22:00:00+05:30,Bangalore (India),13.0270199,77.494094,78,pm25,78,59,7.4,2.5,7.6,10.3,23,93.59999999999998,952.1066666666667,0.94,,21
2025-08-08T10:00:00-07:00,Phoenix,33.403055555556,-112.07527777778,53,pm25,53,42,4.7,,2.3,30.4,38,21,1012.1,2.5,9.7,12
2025-08-08T10:00:00-06:00,Denver,39.732146,-105.015317,30,pm25,30,26,10.1,0.6,3.1,12.6,28.3333,26.6,1015.5,5,7,
2025-08-09T01:00:00+09:00,Nagoya,35.1814464,136.906398,38,pm25,38,13,7.5,1.5,2.3,31.2,28.8,59,1004.9,2.9,,
2025-08-09T02:00:00+09:00,Fukuoka,33.5903547,130.4017155,46,pm25,46,19,3.8,1.5,4.5,28.9,27,78,1006,3.6,,
2025-08-09T02:00:00+09:00,Kawasaki,35.5309058,139.7030511,33,o3,1,10,12.1,1.5,2.3,32.8,27,69,1005,4.6,,
2025-08-09T01:00:00+08:00,Shenzhen,22.543099,114.057868,89,pm25,89,40,24.7,4.1,9.1,13.5,30,96.5,1008,2.5,,
2025-08-09T01:00:00+08:00,Zhongshan (Taiwan),25.062361,121.526528,87,pm25,87,30,15.3,1.2,4.4,11.3,28,83,1009,0.5,11.8,25
2025-08-09T01:00:00+08:00,Chongqing,29.56301,106.551557,63,pm25,63,31,13.3,2.6,5.5,19.5,29,83,1002,4.6,,
2025-08-08T20:00:00+03:00,Istanbul (Turkey),41.015278,29.025,64,pm25,64,33,9.7,2,14.4,42,27.5,44.5,1018,9.2,16.4,14.5
2025-08-09T01:00:00+07:00,Hanoi,21.0491,105.8831,79,pm25,79,48,14,9,2,19,30,81.5,1006.5,3,,26.5
2025-08-09T01:00:00+07:00,Bangkok,13.7563309,100.5017651,40,pm25,40,16,0.6,0.6,0.1,4.8,28.4,95.9,1010.7,0.5,,
2025-08-09T00:00:00+05:30,Delhi,28.6341,77.2005,99,pm25,99,78,3.9,2.3,5.5,38.5,21.700000000000003,86.55000000000001,986.625,1,8.2,24
2025-08-09T00:00:00+05:30,Mumbai,19.0863,72.8888,93,pm25,93,55,2,14.8,1.9,11.6,27,99.92,1008.63,29.50333333333333,11.3,25
2025-08-09T03:00:00+09:00,Seoul,37.566535,126.9779692,59,pm25,59,29,11.3,4.8,5.4,30,25.1,84.5,994.2,1,,
2025-08-09T02:00:00+08:00,Beijing,39.954592,116.468117,74,pm25,74,27,11.9,2.1,3.7,12.2,21,100,1004,0.5,,
2025-08-09T02:00:00+08:00,Shanghai,31.2047372,121.4489017,95,pm25,95,62,11.5,2.1,9.1,39.8,30,89,1003,2.5,,
2025-08-09T02:00:00+09:00,Shinjuku (Tokyo),35.713889,139.705556,30,pm25,30,10,5.6,1.5,2.3,36.1,26.1,77,1007.1,0.2,0.5,
2025-08-09T03:00:00+09:00,Osaka,34.6937378,135.5021651,38,pm25,38,23,14.9,4.3,0.1,23.3,24,94,1006,2.5,,
2025-08-08T17:00:00+02:00,Paris,48.856614,2.3522219,36,pm25,36,13,10.2,0.6,0.1,27.2,25.2,56.2,1020.8,3,,
2025-08-08T18:00:00+01:00,London,51.5073509,-0.1277583,63,pm25,63,25,20.6,1.1,3.1,15.4,24.6,43.8,1020.1,4.3,,
2025-08-08T20:00:00+02:00,Frankfurt,50.075464,8.576305,40,o3,29,16,,0.5,0.1,39.8,28,38,1018,3,10.2,12.5
2025-08-08T20:00:00+02:00,Hamburg,53.564486,9.96834,42,pm25,42,17,1.9,1.6,0.1,32.9,20.5,58,1019,5.4,10.8,12
2025-08-08T20:00:00+03:00,Moscow,55.791842,37.578405,57,pm25,57,16,26.6,0.4,10.3,10.9,20.6,52.7,1019.9,5.2,8.7,
2025-08-09T02:00:00+08:00,Wuhan,30.593099,114.305393,46,pm25,46,19,6.4,2.1,1,,31,74,1002,1.5,,
2025-08-08T20:00:00+02:00,Warsaw (Poland),52.225171,21.014783,39,pm25,39,19,37.6,2,0.1,12,23,53,1018,3,,13
2025-08-09T03:00:00+09:30,Winnellie (Australia),-12.424323299931126,130.89335024356842,52,pm25,52,21,2.7,0.7,4.7,3.4,22.1,93.4,1011.2,0.4,,21.1
2025-08-09T00:00:00+05:30,Bangalore (India),13.0270199,77.494094,78,pm25,78,56,7,1.3,6.4,10.5,22.5,93.64999999999999,952.085,0.9325,,21
2025-08-09T00:00:00+05:30,Chennai (India),13.1278,80.2642,79,pm25,79,54,4.8,1.8,5.2,,29.7475,68.1625,83141.5,0.5325000000000001,10.2,26
2025-08-08T13:00:00-04:00,Boston,42.325184,-71.05608,30,o3,28,16,4.7,0.6,2.3,30.4,27.2,39.6,1025.1,,,
2025-08-08T12:00:00-04:00,Georgia,33.68797,-84.29048,28,pm25,28,12,1.9,,3.4,20.8,27.6,49.1,1020,0.5,4.6,
2025-08-08T11:00:00-07:00,Phoenix,33.403055555556,-112.07527777778,44,o3,41,32,4.7,,1.2,44,39,20,1011.8,2,9.7,12
2025-08-08T11:00:00-06:00,Denver,39.732146,-105.015317,30,pm25,30,30,7.8,0.6,2.6,12.6,30.5556,20.5,1014.6,3,6.5,
2025-08-09T03:00:00+09:00,Daegu,35.8714354,128.601445,50,pm25,50,23,8.7,3.8,5,21.2,7.1,71,1016,3.9,,
2025-08-09T03:00:00+09:00,Gyeonggi,37.4112,127.2579,55,pm25,55,31,15.8,2.9,5,11.6,25,78,1005.4,1,,21
2025-08-09T02:00:00+09:00,Nagoya,35.1814464,136.906398,34,pm25,34,13,12.1,2.9,3.4,28.9,28.3,61,1005,2.2,,
2025-08-09T03:00:00+09:00,Fukuoka,33.5903547,130.4017155,42,pm25,42,20,4.7,1.5,3.4,28.9,26.5,80.5,1005.5,4.6,,
2025-08-09T03:00:00+09:00,Kawasaki,35.5309058,139.7030511,31,o3,1,10,12.1,1.5,2.3,31.2,27,74,1005,3.6,,
2025-08-09T02:00:00+08:00,Shenzhen,22.543099,114.057868,89,pm25,89,43,29.8,4.1,10,14.3,29.4,97.7,1008,2.5,,
2025-08-09T02:00:00+08:00,Zhongshan (Taiwan),25.062361,121.526528,72,pm25,72,34,10,0.8,3.2,14.9,29,79,1008,1.5,11.8,25
2025-08-09T02:00:00+08:00,Chongqing,29.56301,106.551557,72,pm25,72,25,11.9,2.1,4.6,19.1,28,88,1002,4.6,,
2025-08-08T21:00:00+03:00,Istanbul (Turkey),41.015278,29.025,62,pm25,62,31,8.1,2,14.3,39.7,26,55.5,1018.5,6.4,16.4,16.5
2025-08-09T02:00:00+07:00,Hanoi,21.0491,105.8831,81,pm25,81,48,16,9,2,19,29,88,1006,3.6,,27
2025-08-09T02:00:00+07:00,Bangkok,13.7563309,100.5017651,34,pm25,34,20,0.6,0.6,0.1,4.8,28.6,95.9,1010.7,0.5,,
2025-08-09T04:00:00+09:00,Seoul,37.566535,126.9779692,57,pm25,57,28,12.4,4.6,5.3,20.8,25.1,84.5,994.2,1,,
2025-08-09T03:00:00+08:00,Beijing,39.954592,116.468117,68,pm25,68,23,11,2.1,3.7,15.1,21,100,1004,1.5,,
2025-08-09T03:00:00+08:00,Shanghai,31.2047372,121.4489017,104,pm25,104,59,11.9,3.1,9.1,30.9,31,79,1003,1.5,,
2025-08-09T03:00:00+09:00,Shinjuku (Tokyo),35.713889,139.705556,34,pm25,34,11,8.4,1.5,2.3,36.1,26.6,76,1007.5,0.2,0.5,
2025-08-09T04:00:00+09:00,Osaka,34.6937378,135.5021651,38,pm25,38,20,13.9,5.8,0.1,16.8,24,88,1006,3,,
2025-08-08T21:00:00+02:00,Frankfurt,50.075464,8.576305,38,pm25,38,28,,0.5,0.1,21.8,24,53,1018,2,10.2,14
2025-08-08T21:00:00+02:00,Hamburg,53.564486,9.96834,38,pm25,38,16,1.9,1.6,0.1,29.7,19.5,63.5,1019,3,10.8,12.5
2025-08-08T22:00:00+03:00,Moscow,55.791842,37.578405,61,pm25,61,17,31.6,0.3,12.1,7,18.8,58.5,1020.2,4,6,
2025-08-09T03:00:00+08:00,Wuhan,30.593099,114.305393,46,pm25,46,19,9.2,1.6,1,,31,74,1002,2.5,,
2025-08-08T21:00:00+02:00,Warsaw (Poland),52.225171,21.014783,45,pm25,45,22,37.8,2,0.1,12,23,53,1018,4.1,,13
2025-08-09T04:00:00+09:30,Winnellie (Australia),-12.424323299931126,130.89335024356842,48,pm25,48,16,2,1,4.9,5.4,21.8,93.4,1011,0.4,,20.8
2025-08-08T12:00:00-07:00,Phoenix,33.403055555556,-112.07527777778,46,o3,35,30,4.7,,1.2,45.6,39,20,1010.8,3,9.7,12
2025-08-08T12:00:00-06:00,Denver,39.732146,-105.015317,20,pm10,17,20,2.8,0.6,1.6,14.7,32.7778,13.5,1013.8,4,13,
2025-08-09T03:00:00+09:00,Nagoya,35.1814464,136.906398,42,pm25,42,17,12.1,4.3,2.3,27.2,27.7,62,1005.2,2.5,,
2025-08-09T04:00:00+09:00,Fukuoka,33.5903547,130.4017155,42,pm25,42,19,4.7,1.5,4.5,28.1,26,83,1005,3,,
2025-08-09T04:00:00+09:00,Kawasaki,35.5309058,139.7030511,30,o3,1,12,17.6,1.5,2.3,29.6,27,69,1005,2.5,,
2025-08-09T03:00:00+08:00,Shenzhen,22.543099,114.057868,91,pm25,91,44,27.9,5.1,10,10.6,29.1,94,1007.1,1.5,,
2025-08-09T03:00:00+08:00,Zhongshan (Taiwan),25.062361,121.526528,80,pm25,80,30,9.6,0.6,3.4,12.8,29,74,1008,1.5,11.8,24
2025-08-09T03:00:00+08:00,Chongqing,29.56301,106.551557,72,pm25,72,30,11.9,2.1,4.6,18.3,28,83,1002,4.6,,
2025-08-08T22:00:00+03:00,Istanbul (Turkey),41.015278,29.025,61,pm25,61,30,8.1,2,14.3,39.1,26,54,1018,8.7,16.4,16
2025-08-09T03:00:00+07:00,Hanoi,21.0491,105.8831,79,pm25,79,48,14,9,2,19,29,85.5,1006,3.3,,26.5
2025-08-09T03:00:00+07:00,Bangkok,13.7563309,100.5017651,49,pm25,49,19,0.6,0.6,0.1,4.8,28.7,9.5,1010.3,0.5,,
2025-08-09T02:00:00+05:30,Delhi,28.6341,77.2005,80,pm25,80,38,2.7,1.9,6.4,24.4,20.549999999999997,92.6,986.65,0.325,8.2,24
2025-08-09T02:00:00+05:30,Mumbai,19.0863,72.8888,86,pm25,86,51,1.9,14.9,1.7,11.6,26,99.92,1007.7133333333335,44.04333333333333,11.3,25
2025-08-09T05:00:00+09:00,Seoul,37.566535,126.9779692,59,pm25,59,27,10.5,4.8,5.5,21.4,25,84.5,994,0.5,,
2025-08-09T04:00:00+08:00,Beijing,39.954592,116.468117,61,pm25,61,20,6,2.1,3.7,19.9,21,94,1004,1.5,,
2025-08-09T04:00:00+08:00,Shanghai,31.2047372,121.4489017,104,pm25,104,56,12.4,2.6,10,26.9,31,79,1003,2.5,,
2025-08-09T04:00:00+09:00,Shinjuku (Tokyo),35.713889,139.705556,30,pm25,30,11,8.4,1.5,2.3,36.1,26.6,75,1007.9,0.2,0.5,
2025-08-09T05:00:00+09:00,Osaka,34.6937378,135.5021651,38,pm25,38,18,13.9,4.3,0.1,16,23,94,1006,2,,
2025-08-08T18:00:00+02:00,Paris,48.856614,2.3522219,43,pm25,43,11,14.3,0.6,0.1,29.7,24.4,52.3,1021,1.3,,
2025-08-08T19:00:00+01:00,London,51.5073509,-0.1277583,63,pm25,63,24,20.2,0.9,1.8,15.3,22.9,47,1020.3,4,,
2025-08-08T22:00:00+02:00,Frankfurt,50.075464,8.576305,40,pm25,40,26,,0.5,0.1,16.9,22.5,58,1019,3.6,8.7,14
2025-08-08T22:00:00+02:00,Hamburg,53.564486,9.96834,38,pm25,38,16,4.6,1.6,0.1,25.6,15,87,1020,1,10.8,13
2025-08-08T23:00:00+03:00,Moscow,55.791842,37.578405,61,pm25,61,15,33,0.4,13,5,18.8,55.5,1020,4.5,6,
2025-08-09T04:00:00+08:00,Wuhan,30.593099,114.305393,50,pm25,50,18,12.8,2.6,1,,31,74,1002,2.5,,
2025-08-08T22:00:00+02:00,Warsaw (Poland),52.225171,21.014783,49,pm25,49,26,37.1,2,0.1,12,20,64,1019,2.5,,13
2025-08-09T05:00:00+09:30,Winnellie (Australia),-12.424323299931126,130.89335024356842,51,pm25,51,15,2.5,0.7,4.8,4.9,21.9,95.5,1011.3,2.42,,21.4
2025-08-09T02:00:00+05:30,Bangalore (India),13.0270199,77.494094,54,pm10,45,54,7.7,2.5,8.6,10.4,23,93.64999999999999,951.9124999999999,0.95,,20
2025-08-09T02:00:00+05:30,Chennai (India),13.1278,80.2642,137,pm25,137,70,4.6,2,3.6,,29.507500000000004,66.1625,83107.075,1.3899999999999997,10.2,25
2025-08-08T14:00:00-04:00,Boston,42.325184,-71.05608,29,o3,28,20,2.8,0.6,1.2,28.9,26.6,44,1024,,,
2025-08-08T14:00:00-04:00,Georgia,33.68797,-84.29048,24,pm25,24,10,1.1,,2.8,22.4,29.1,45.2,1019.3,0.3,4.3,
2025-08-08T13:00:00-07:00,Phoenix,33.403055555556,-112.07527777778,41,o3,29,26,4.7,,1.2,40.8,42,17,1010.1,4.6,8.7,12
2025-08-09T02:00:00+05:30,Hyderabad (India),17.417094,78.457437,153,pm25,153,70,0.1,14.2,9.7,6.9,26,87.8175,1013,0.5825,10.2,23
2025-08-08T13:00:00-06:00,Denver,39.732146,-105.015317,20,pm10,17,20,2.8,0.6,1.4,19.1,33.8889,13,1013.1,5,10,
2025-08-09T05:00:00+09:00,Daegu,35.8714354,128.601445,53,pm25,53,20,10.6,3.8,5.5,16.4,7.1,71,1016,3.9,,
2025-08-09T05:00:00+09:00,Gyeonggi,37.4112,127.2579,63,pm25,63,31,16.1,2.9,5,3.3,24,88,1005,1.5,,22
2025-08-09T04:00:00+09:00,Nagoya,35.1814464,136.906398,46,pm25,46,17,8.4,4.3,2.3,25.6,27.2,64,1005.6,2.5,,
2025-08-09T05:00:00+09:00,Fukuoka,33.5903547,130.4017155,42,pm25,42,20,3.8,1.5,3.4,27.2,26,88,1006,3.6,,
2025-08-09T05:00:00+09:00,Kawasaki,35.5309058,139.7030511,29,o3,1,14,19.5,1.5,2.3,28.9,26,73,1006,3,,
2025-08-09T04:00:00+08:00,Shenzhen,22.543099,114.057868,89,pm25,89,42,27.5,4.1,9.1,13.9,28.8,98.2,1007,1.5,,
2025-08-09T04:00:00+08:00,Zhongshan (Taiwan),25.062361,121.526528,72,pm25,72,27,8,0.6,2.9,13.6,29,74,1008,1.5,11.8,24
2025-08-09T04:00:00+08:00,Chongqing,29.56301,106.551557,76,pm25,76,36,9.2,2.6,4.6,19.5,28,83,1002,4.6,,
2025-08-09T04:00:00+07:00,Hanoi,21.0491,105.8831,76,pm25,76,47,13,9,2,18,28,94,1005,3,,27
2025-08-09T04:00:00+07:00,Bangkok,13.7563309,100.5017651,33,pm25,33,19,0.6,0.6,0.1,4.8,28.7,9.6,1010.3,1,,
2025-08-09T06:00:00+09:00,Seoul,37.566535,126.9779692,57,pm25,57,24,13.7,4.3,5.3,22.5,25.1,84.5,993.7,1,,
2025-08-09T05:00:00+08:00,Beijing,39.954592,116.468117,50,pm25,50,14,5.5,2.1,4.6,19.1,21,94,1004,0.5,,
2025-08-09T05:00:00+08:00,Shanghai,31.2047372,121.4489017,107,pm25,107,55,14.7,2.6,9.1,20.8,30,84,1003,2.5,,
2025-08-09T05:00:00+09:00,Shinjuku (Tokyo),35.713889,139.705556,34,pm25,34,10,9.3,1.5,2.3,36.1,26.6,75.5,1007.9,0.2,0.5,
2025-08-08T19:00:00+02:00,Paris,48.856614,2.3522219,53,pm25,53,19,12.3,0.6,0.1,25.8,22.9,60,1021.6,5.5,,
2025-08-08T20:00:00+01:00,London,51.5073509,-0.1277583,63,pm25,63,24,14.2,0.7,1.8,15.6,21,51.6,1020.6,2.8,,
2025-08-08T23:00:00+02:00,Frankfurt,50.075464,8.576305,38,pm25,38,26,,0.5,0.1,17.3,24.5,51.5,1019,3.8,8.7,14
2025-08-08T23:00:00+02:00,Hamburg,53.564486,9.96834,38,pm25,38,16,7.4,1.6,0.1,21.2,15,87,1020,0.7,10.8,13
2025-08-09T00:00:00+03:00,Moscow,55.791842,37.578405,65,pm25,65,14,31.1,0.1,11.5,3.2,18.3,59.6,1019.8,2.6,5,
2025-08-09T05:00:00+08:00,Wuhan,30.593099,114.305393,50,pm25,50,18,11.9,2.1,1,,31,74,1001,4.6,,
2025-08-08T23:00:00+02:00,Warsaw (Poland),52.225171,21.014783,51,pm25,51,28,34.3,2,0.1,12,18,72,1019,1.5,,13
2025-08-09T06:00:00+09:30,Winnellie (Australia),-12.424323299931126,130.89335024356842,53,pm25,53,16,3,0.9,4.7,5,21.9,97.2,1011.7,2.99,,21.2
2025-08-08T16:00:00-04:00,Boston,42.325184,-71.05608,29,pm25,29,20,2.8,0.6,1.2,25.6,26.3,49,1023.7,,,
2025-08-08T15:00:00-04:00,Georgia,33.68797,-84.29048,22,o3,21,10,1.2,,3.4,22.4,29,46.4,1018.7,0.3,4,
2025-08-08T14:00:00-07:00,Phoenix,33.403055555556,-112.07527777778,40,o3,8,20,4.7,,1.2,40,43,15,1008.8,4.1,8.7,11
2025-08-09T05:00:00+09:00,Nagoya,35.1814464,136.906398,50,pm25,50,17,10.2,1.5,2.3,22.4,27.2,64,1006.2,2.3,,
2025-08-09T06:00:00+09:00,Fukuoka,33.5903547,130.4017155,38,pm25,38,16,4.7,1.5,3.4,28.9,25,83,1006,5.6,,
2025-08-09T06:00:00+09:00,Kawasaki,35.5309058,139.7030511,26,o3,1,11,26,1.5,2.3,26.4,27,69,1006,3,,
2025-08-09T05:00:00+08:00,Shenzhen,22.543099,114.057868,89,pm25,89,44,22.4,4.1,9.1,22.8,28.8,98.8,1007.2,2,,
2025-08-09T05:00:00+08:00,Zhongshan (Taiwan),25.062361,121.526528,68,pm25,68,30,10,0.6,3.8,11.3,29,74,1008,1.5,11.8,24
2025-08-09T05:00:00+08:00,Chongqing,29.56301,106.551557,74,pm25,74,37,10.1,2.6,5.5,15.9,28,83,1002,3.6,,
2025-08-08T23:00:00+03:00,Istanbul (Turkey),41.015278,29.025,57,pm25,57,28,9.9,1.9,14.3,38,24.2,86,1012.3,5.1,,21.7
2025-08-09T05:00:00+07:00,Hanoi,21.0491,105.8831,74,pm25,74,46,12,9,2,25,28,94,1005,2.8,,27
2025-08-09T05:00:00+07:00,Bangkok,13.7563309,100.5017651,56,pm25,56,14,0.6,0.6,0.1,4.8,28.3,9,1009.6,1,,
2025-08-09T04:00:00+05:30,Delhi,28.6341,77.2005,59,pm25,59,31,7,1.5,6.4,7.5,21.125,93.775,986.625,0.32499999999999996,8.2,26
2025-08-09T04:00:00+05:30,Mumbai,19.0863,72.8888,85,pm25,85,50,1.7,14.9,1.4,11.3,26,99.92,1007.13,44.46,11.3,25
2025-08-09T07:00:00+09:00,Seoul,37.566535,126.9779692,59,pm25,59,29,17.7,4.5,5.7,13.2,25,88.7,993.7,1,,
2025-08-09T06:00:00+08:00,Beijing,39.954592,116.468117,50,pm25,50,14,6.4,2.1,5.5,15.9,21,100,1004,1.5,,
2025-08-09T06:00:00+08:00,Shanghai,31.2047372,121.4489017,112,pm25,112,53,14.2,2.6,9.1,17.5,31,79,1003,1.5,,
2025-08-09T06:00:00+09:00,Shinjuku (Tokyo),35.713889,139.705556,34,pm25,34,10,10.2,1.5,2.3,36.1,28.3,67,1009,0.2,0.3,
2025-08-09T06:00:00+09:00,Osaka,34.6937378,135.5021651,34,pm25,34,20,16.7,5.8,3.4,17.6,27,94,1007,3,,
2025-08-08T20:00:00+02:00,Paris,48.856614,2.3522219,60,pm25,60,25,13.3,0.6,0.1,23.7,20.6,67.3,1022.2,2.5,,
2025-08-09T00:00:00+02:00,Frankfurt,50.075464,8.576305,33,pm25,33,18,,0.5,0.1,19.3,23,60,1019,3,8.7,15
2025-08-09T01:00:00+03:00,Moscow,55.791842,37.578405,53,pm25,53,16,27,0.2,8.5,5.8,17.7,63.6,1019.7,1,2.3,
2025-08-09T06:00:00+08:00,Wuhan,30.593099,114.305393,46,pm25,46,24,13.3,2.1,6.4,,31,74,1002,4.6,,
2025-08-09T00:00:00+02:00,Warsaw (Poland),52.225171,21.014783,52,pm25,52,26,40.6,2,0.1,12,16,82,1019,1.5,,13
2025-08-09T07:00:00+09:30,Winnellie (Australia),-12.424323299931126,130.89335024356842,51,pm25,51,15,3.6,1,5.2,4.9,21.9,97,1011.7,3.39,,21.2
2025-08-09T04:00:00+05:30,Bangalore (India),13.0270199,77.494094,67,pm25,67,52,8.1,0.2,5.6,10.3,22,93.4,951.77,0.95,,20
2025-08-09T04:00:00+05:30,Chennai (India),13.1278,80.2642,109,pm25,109,56,6.2,1.3,2.3,,29.5725,64.105,83055.75,1.3275000000000001,10.2,25
2025-08-08T17:00:00-04:00,Boston,42.325184,-71.05608,29,pm25,29,17,3.8,0.6,2.3,23.3,26.6,50.3,1023.6,,,
2025-08-08T15:00:00-07:00,Phoenix,33.403055555556,-112.07527777778,43,o3,18,22,4.7,,1.2,43.2,44,12,1008.1,4.6,8.2,9
2025-08-09T04:00:00+05:30,Hyderabad (India),17.417094,78.457437,167,pm25,167,72,0.1,13.9,7.1,6.9,26,84.52000000000001,1013,0.42000000000000004,10.2,23
2025-08-08T14:00:00-06:00,Denver,39.732146,-105.015317,24,o3,21,23,5.5,0.6,1.5,23.6,34.4444,15.3,1012.7,4,5,
2025-08-09T07:00:00+09:00,Daegu,35.8714354,128.601445,50,pm25,50,25,12.3,3.3,4.8,16.8,7.1,71,1016,3.9,,
2025-08-09T07:00:00+09:00,Gyeonggi,37.4112,127.2579,50,pm25,50,28,14.6,2.8,5,1.8,24,94,1004.7,0.5,,23
2025-08-09T06:00:00+09:00,Nagoya,35.1814464,136.906398,55,pm25,55,15,12.1,7.2,2.3,20,28.3,60,1006.5,2.8,,
2025-08-09T07:00:00+09:00,Fukuoka,33.5903547,130.4017155,39,o3,30,10,3.8,1.5,3.4,39.2,23,88,1006,3,,
2025-08-09T07:00:00+09:00,Kawasaki,35.5309058,139.7030511,26,o3,1,12,24.1,1.5,2.3,25.6,28,65,1007,3,,
2025-08-09T06:00:00+08:00,Shenzhen,22.543099,114.057868,87,pm25,87,40,22,4.1,10,20.4,28.8,94,1008,1.5,,
2025-08-09T06:00:00+08:00,Zhongshan (Taiwan),25.062361,121.526528,57,pm25,57,24,12.2,0.9,3.9,6.7,27,88,1008,1,11.8,25
2025-08-09T06:00:00+08:00,Chongqing,29.56301,106.551557,74,pm25,74,38,9.6,2.1,5.5,14.7,28,83,1002,3.6,,
2025-08-09T00:00:00+03:00,Istanbul (Turkey),41.015278,29.025,54,pm25,54,27,6.8,2,14.4,38.4,24,89.1,1012.2,4.1,,22.1
2025-08-09T06:00:00+07:00,Hanoi,21.0491,105.8831,69,pm25,69,45,10,10,3,30,28,94,1006,3,,27
2025-08-09T05:00:00+05:30,Mumbai,19.0863,72.8888,88,pm25,88,52,1.7,14.9,1.4,11.7,26,99.92,1007.1333333333333,43.85666666666666,11.3,24
2025-08-09T08:00:00+09:00,Seoul,37.566535,126.9779692,65,pm25,65,29,20.5,4.5,5.7,11.5,24.7,87.6,994.3,1,,
2025-08-09T07:00:00+08:00,Beijing,39.954592,116.468117,30,pm25,30,10,6.4,2.1,5.5,17.5,23,88,1004,2.5,,
2025-08-09T07:00:00+08:00,Shanghai,31.2047372,121.4489017,99,pm25,99,47,14.7,2.1,9.1,19.9,32,74,1004,2.5,,
2025-08-09T07:00:00+09:00,Shinjuku (Tokyo),35.713889,139.705556,34,pm25,34,10,8.4,1.5,2.3,36.1,30,58,1009.2,0.2,1,
2025-08-09T07:00:00+09:00,Osaka,34.6937378,135.5021651,38,pm25,38,14,16.7,4.3,3.4,18.4,26,78,1007,2,,
2025-08-08T21:00:00+02:00,Paris,48.856614,2.3522219,50,pm25,50,26,13.4,0.6,0.1,21.7,20.2,68.4,1022.1,2,,
2025-08-08T22:00:00+01:00,London,51.5073509,-0.1277583,38,pm25,38,24,16,1.1,2.8,15.5,19.7,55.7,1020.6,2.3,,
2025-08-09T02:00:00+03:00,Moscow,55.791842,37.578405,50,pm25,50,16,24.3,0.2,7,5.5,17.7,64.5,1019.7,1,2.5,
2025-08-09T07:00:00+08:00,Wuhan,30.593099,114.305393,46,pm25,46,23,9.6,2.1,6.4,,32,70,1002,5.6,,
2025-08-09T01:00:00+02:00,Warsaw (Poland),52.225171,21.014783,56,pm25,56,32,40.5,2,0.1,12,16,82,1020,1,,13
2025-08-09T08:00:00+09:30,Winnellie (Australia),-12.424323299931126,130.89335024356842,65,pm25,65,23,2.3,1,5.1,7.3,22.4,90,1012.3,3.78,,21.9
2025-08-08T16:00:00-04:00,Georgia,33.68797,-84.29048,21,pm25,21,10,1.1,,2.8,20,28.8,46,1018.5,0.3,1.5,
2025-08-08T16:00:00-07:00,Phoenix,33.403055555556,-112.07527777778,44,o3,37,28,4.7,,1.2,44,46,10,1007.1,5.6,8.7,8
2025-08-08T16:00:00-06:00,Denver,39.732146,-105.015317,26,pm10,21,26,5.1,0.6,1.7,21.6,34.4444,21,1013.3,5,14,
2025-08-09T08:00:00+09:00,Daegu,35.8714354,128.601445,59,pm25,59,23,12.2,3.8,5.2,18.5,7.1,71,1016,3.9,,
2025-08-09T08:00:00+09:00,Gyeonggi,37.4112,127.2579,61,pm25,61,31,14.8,2.6,4.9,5.7,25,88,1005.4,2,,23
2025-08-09T07:00:00+09:00,Nagoya,35.1814464,136.906398,38,pm25,38,14,8.4,5.8,2.3,17.6,28.8,59,1006.8,2.3,,
2025-08-09T08:00:00+09:00,Fukuoka,33.5903547,130.4017155,38,o3,21,10,13,1.5,3.4,38.4,25,83,1006,2.5,,
2025-08-09T08:00:00+09:00,Kawasaki,35.5309058,139.7030511,29,o3,1,9,18.6,1.5,4.5,28.9,29,62,1007,2.5,,
2025-08-09T07:00:00+08:00,Shenzhen,22.543099,114.057868,80,pm25,80,40,21.1,4.1,10,13.5,29.4,88.7,1008.1,2.5,,
2025-08-09T07:00:00+08:00,Zhongshan (Taiwan),25.062361,121.526528,70,pm25,70,27,7.9,0.8,3.5,10.2,27.5,78,1009,1,11.8,23.5
2025-08-09T07:00:00+08:00,Chongqing,29.56301,106.551557,82,pm25,82,32,8.3,2.1,5.5,14.3,29,79,1002,3.6,,
2025-08-09T02:00:00+03:00,Istanbul (Turkey),41.015278,29.025,49,pm25,49,25,6.8,2,4.8,42.2,23.9,85.4,1012.2,4.6,,21.3
2025-08-09T09:00:00+07:00,Hanoi,21.0491,105.8831,69,pm25,69,48,19,11,9,24,31,81.5,1006.5,2.3,,27.5
2025-08-09T08:00:00+07:00,Bangkok,13.7563309,100.5017651,54,pm25,54,24,0.6,0.6,0.1,4.8,31.1,8.6,1011.2,1,,
2025-08-09T07:00:00+05:30,Delhi,28.6341,77.2005,68,pm25,68,50,4,1.1,6.8,27.6,20.099999999999998,95,986.6,0.8333333333333334,10.2,25
2025-08-09T07:00:00+05:30,Mumbai,19.0863,72.8888,82,pm25,82,47,1.5,14.8,1.1,11.7,26,99.92,1008.21,29.384999999999998,11.3,25
2025-08-09T11:00:00+09:00,Seoul,37.566535,126.9779692,76,pm25,76,33,25,4.6,6.8,17.9,25.4,85.6,994.5,2,,
2025-08-09T10:00:00+08:00,Beijing,39.954592,116.468117,28,o3,17,6,4.6,2.1,4.6,27.7,28,69,1005,1.5,,
2025-08-09T09:00:00+08:00,Shanghai,31.2047372,121.4489017,80,pm25,80,34,11.9,4.6,7.3,21.6,34,57.5,1004,4.6,,
2025-08-09T10:00:00+09:00,Shinjuku (Tokyo),35.713889,139.705556,34,pm25,34,10,8.4,1.5,2.3,36.1,32.2,53,1009.1,0.2,1,
2025-08-09T10:00:00+09:00,Osaka,34.6937378,135.5021651,61,pm25,61,22,22.3,7.2,3.4,41.6,29,69,1007,1.6,,
2025-08-09T00:00:00+02:00,Paris,48.856614,2.3522219,58,pm25,58,27,11.2,0.6,0.1,22.5,19.4,65.4,1021.8,2,,
2025-08-09T01:00:00+01:00,London,51.5073509,-0.1277583,38,pm25,38,19,9.2,0.6,1.9,13.5,15.6,69.5,1021,1.3,,
2025-08-09T04:00:00+02:00,Frankfurt,50.075464,8.576305,29,pm25,29,17,,0.5,0.1,15.6,21,66,1019,2.8,8.7,14.5
2025-08-09T03:00:00+02:00,Hamburg,53.564486,9.96834,5,o3,42,16,18.3,1.6,0.1,4.5,12,100,1020,0.5,10.8,12
2025-08-09T04:00:00+03:00,Moscow,55.791842,37.578405,55,pm25,55,16,21.1,0.3,5.5,3.7,16.8,74,1019.5,1.3,2.6,
2025-08-09T09:00:00+08:00,Wuhan,30.593099,114.305393,55,pm25,55,30,8.3,2.6,2.8,,33,66,1002,7.7,,
2025-08-09T03:00:00+02:00,Warsaw (Poland),52.225171,21.014783,60,pm25,60,37,39.5,2,0.1,12,14,87,1020,1,,12
2025-08-09T10:00:00+09:30,Winnellie (Australia),-12.424323299931126,130.89335024356842,52,pm25,52,19,1.1,1.2,4,10.1,28.8,52,1013.3,11.1,,16.4
2025-08-09T07:00:00+05:30,Bangalore (India),13.0270199,77.494094,83,pm25,83,51,7.9,3.6,9.2,10.4,23,93.7,952.0833333333334,0.9499999999999998,,21
2025-08-09T07:00:00+05:30,Chennai (India),13.1278,80.2642,62,pm25,62,37,3.3,1.5,1.5,,29.6,70.94,83129,1.4,10.2,24.5
2025-08-08T20:00:00-04:00,Boston,42.325184,-71.05608,30,pm25,30,13,8.4,0.5,3.4,26.4,22.7,53.5,1024.9,,,
2025-08-08T19:00:00-04:00,Georgia,33.68797,-84.29048,30,pm25,30,11,1.3,,3.4,15.2,24.3,57.7,1019.2,0.3,0.6,
2025-08-08T18:00:00-07:00,Phoenix,33.403055555556,-112.07527777778,42,o3,19,15,4.7,,1.2,41.6,44,10,1005.7,5.6,9.2,7
2025-08-09T07:00:00+05:30,Hyderabad (India),17.417094,78.457437,126,pm25,126,70,0.1,15.7,6.1,6.9,25,92.94,1012,0.58,10.2,23
2025-08-08T19:00:00-06:00,Denver,39.732146,-105.015317,21,pm25,21,20,1.9,0.6,1.4,18.7,27.2222,35,1018.6,6,9,
2025-08-09T10:00:00+09:00,Daegu,35.8714354,128.601445,61,pm25,61,26,14.6,3.9,5.3,23.9,7.1,71,1016,3.9,,
2025-08-09T10:00:00+09:00,Gyeonggi,37.4112,127.2579,46,pm25,46,33,12.4,2.8,5.3,12.9,26,83,1005.7,2,,23
2025-08-09T10:00:00+09:00,Nagoya,35.1814464,136.906398,50,pm25,50,16,9.3,1.5,2.3,32,30,54,1007.2,1.4,,
2025-08-09T11:00:00+09:00,Fukuoka,33.5903547,130.4017155,38,pm25,38,20,12.1,1.5,4.5,27.2,25,88,1007,5.4,,
2025-08-09T11:00:00+09:00,Kawasaki,35.5309058,139.7030511,42,o3,1,32,17.6,10,3.4,41.6,30,58,1007,2,,
2025-08-09T09:00:00+08:00,Shenzhen,22.543099,114.057868,93,pm25,93,43,17.9,4.6,9.1,17.1,30,88,1009,2.5,,
2025-08-09T10:00:00+08:00,Zhongshan (Taiwan),25.062361,121.526528,74,pm25,74,26,8.8,1.9,3.6,35.2,33,66,1009,3,11.8,26
2025-08-09T09:00:00+08:00,Chongqing,29.56301,106.551557,80,pm25,80,28,9.6,2.6,5.5,16.3,30,79,1004,3.6,,
2025-08-09T04:00:00+03:00,Istanbul (Turkey),41.015278,29.025,48,pm25,48,23,4.7,1.5,14.9,43.5,23.9,84.4,1011.8,3,,21.1
2025-08-09T10:00:00+07:00,Hanoi,21.0491,105.8831,62,pm25,62,49,27,12,8,14,32.5,74.5,1006.5,2.5,,27.5
2025-08-09T10:00:00+07:00,Bangkok,13.7563309,100.5017651,62,pm25,62,27,0.6,0.6,0.1,4.8,32.4,63.9,1010.3,1,,
2025-08-09T09:00:00+05:30,Delhi,28.6341,77.2005,42,pm25,42,16,1.5,0.8,6.4,26.2,20.025,95.2,986.6500000000001,0.525,10.2,26
2025-08-09T09:00:00+05:30,Mumbai,19.0863,72.8888,87,pm25,87,51,1.6,14.9,1.2,11.6,27,99.92,1008.9025,29.535,11.3,25
2025-08-09T12:00:00+09:00,Seoul,37.566535,126.9779692,76,pm25,76,30,26.6,4.8,6.6,23.8,25,85.5,994.3,2,,
2025-08-09T11:00:00+08:00,Beijing,39.954592,116.468117,35,o3,17,6,4.6,1.6,4.6,35,30,66,1004,2.5,,
2025-08-09T11:00:00+08:00,Shanghai,31.2047372,121.4489017,65,pm25,65,20,7.8,4.6,6.4,37.4,35,53,1003,5.6,,
2025-08-09T11:00:00+09:00,Shinjuku (Tokyo),35.713889,139.705556,38,pm25,38,9,13,1.5,2.3,36.1,32.2,56,1008.7,0.2,1,
2025-08-09T12:00:00+09:00,Osaka,34.6937378,135.5021651,70,pm25,70,31,24.1,5.8,0.1,58.4,31,62,1006,2,,
2025-08-09T01:00:00+02:00,Paris,48.856614,2.3522219,47,pm25,47,17,6.5,0.6,0.1,21.2,18.3,72,1021.4,2.6,,
2025-08-09T03:00:00+01:00,London,51.5073509,-0.1277583,25,pm25,25,11,1.4,0.5,1.1,20.6,13.6,75.2,1020.9,0.5,,
2025-08-09T05:00:00+02:00,Frankfurt,50.075464,8.576305,34,pm25,34,28,,0.5,0.1,16.9,21,64,1019,2.5,8.7,14
2025-08-09T05:00:00+02:00,Hamburg,53.564486,9.96834,42,pm25,42,16,17,1.6,0.1,1.3,12,96.5,1020.5,0.5,10.8,11.5
2025-08-09T05:00:00+03:00,Moscow,55.791842,37.578405,55,pm25,55,16,19.2,0.3,4.6,3.4,17.2,75,1019.5,2,4,
2025-08-09T11:00:00+08:00,Wuhan,30.593099,114.305393,59,pm25,59,25,6.9,2.6,1.9,,34,63,1002,5.6,,
2025-08-09T05:00:00+02:00,Warsaw (Poland),52.225171,21.014783,62,pm25,62,30,31.9,2,0.1,12,13,100,1021,0.5,,13
2025-08-09T12:00:00+09:30,Winnellie (Australia),-12.424323299931126,130.89335024356842,54,pm10,37,54,1,1,3.6,11.2,30.5,31,1012.2,10.74,,12.9
2025-08-09T09:00:00+05:30,Bangalore (India),13.0270199,77.494094,78,pm25,78,56,9,3.2,7.8,10.5,24,93.5,952.21,0.89,,21
2025-08-09T09:00:00+05:30,Chennai (India),13.1278,80.2642,65,pm10,62,65,3.5,1.5,1.8,,29.35,66.72,83223.4,0.53,10.2,25
2025-08-08T21:00:00-04:00,Boston,42.325184,-71.05608,29,pm25,29,11,7.5,0.5,3.4,22.4,21.6,60.5,1024.9,,,
2025-08-08T21:00:00-04:00,Georgia,33.68797,-84.29048,47,pm25,47,18,2.2,,3.4,12.1,22.7,60.1,1020.4,0.3,2.1,
2025-08-08T20:00:00-07:00,Phoenix,33.403055555556,-112.07527777778,34,o3,31,21,4.7,,1.2,33.6,43,13,1005.7,5.6,9.2,9
2025-08-09T09:00:00+05:30,Hyderabad (India),17.417094,78.457437,162,pm25,162,73,0.1,15.2,5.5,6.9,26.5,80.11,1013,0.73,10.2,22.5
2025-08-08T20:00:00-06:00,Denver,39.732146,-105.015317,17,pm25,17,16,2.3,0.6,1.7,18.7,26.1111,38,1019.2,4,3,
2025-08-09T12:00:00+09:00,Daegu,35.8714354,128.601445,63,pm25,63,28,19,4.2,6,23.4,7.1,71,1016,3.9,,
2025-08-09T12:00:00+09:00,Gyeonggi,37.4112,127.2579,61,pm25,61,32,13.6,2.9,5.7,15.5,26,78,1005.4,0.5,,22
2025-08-09T11:00:00+09:00,Nagoya,35.1814464,136.906398,53,pm25,53,15,12.1,2.9,3.4,32,32.2,50,1007.1,1.8,,
2025-08-09T12:00:00+09:00,Fukuoka,33.5903547,130.4017155,38,o3,30,11,11.2,1.5,4.5,37.6,24.5,91,1006.5,4.8,,
2025-08-09T12:00:00+09:00,Kawasaki,35.5309058,139.7030511,61,o3,1,29,13,4.3,4.5,60.9,32,60,1007,2,,
2025-08-09T11:00:00+08:00,Shenzhen,22.543099,114.057868,89,pm25,89,50,14.2,4.1,8.2,39.8,33,79.5,1009.2,2.6,,
2025-08-09T11:00:00+08:00,Zhongshan (Taiwan),25.062361,121.526528,68,pm25,68,30,8.7,1.9,3.5,46.8,35,59,1009,1.8,11.8,26
2025-08-09T11:00:00+08:00,Chongqing,29.56301,106.551557,68,pm25,68,23,6.4,2.6,5.5,37,33,62,1003,1.5,,
2025-08-09T06:00:00+03:00,Istanbul (Turkey),41.015278,29.025,48,pm25,48,23,3.6,1.6,15,46.3,23.8,86.4,1011.7,4.1,,21.4
2025-08-09T11:00:00+07:00,Hanoi,21.0491,105.8831,56,pm25,56,48,28,12,8,9,34,66,1006,1.5,,27
2025-08-09T11:00:00+07:00,Bangkok,13.7563309,100.5017651,60,pm25,60,20,0.6,0.6,0.1,4.8,35,7.6,1011.3,1.5,,
2025-08-09T10:00:00+05:30,Delhi,28.6341,77.2005,55,pm25,55,26,2.2,0.7,6.1,29.7,19.6,95.46666666666665,986.6333333333333,0.7666666666666666,10.2,25
2025-08-09T10:00:00+05:30,Mumbai,19.0863,72.8888,93,pm25,93,55,1.7,14.9,1.5,10.5,28,99.92,1009.2566666666667,29.97,11.3,25
2025-08-09T13:00:00+09:00,Seoul,37.566535,126.9779692,72,pm25,72,25,19.1,4.5,5.7,33.8,24.5,73.7,994.1,2,,
2025-08-09T12:00:00+08:00,Beijing,39.954592,116.468117,39,o3,17,6,3.7,1.1,2.8,39,32,55,1004,3.6,,
2025-08-09T12:00:00+08:00,Shanghai,31.2047372,121.4489017,59,pm25,59,17,5.5,4.1,6.4,41.5,36,50,1003,4.6,,
2025-08-09T12:00:00+09:00,Shinjuku (Tokyo),35.713889,139.705556,50,pm25,50,18,12.1,1.5,2.3,36.1,32.7,58,1008.3,0.2,1,
2025-08-09T13:00:00+09:00,Osaka,34.6937378,135.5021651,79,o3,65,39,19.5,7.2,0.1,78.9,32,55,1006,1.5,,
2025-08-09T02:00:00+02:00,Paris,48.856614,2.3522219,53,pm25,53,17,6.5,0.6,0.1,18.4,17.7,74,1021.6,1.5,,
2025-08-09T04:00:00+01:00,London,51.5073509,-0.1277583,34,pm25,34,19,6.4,0.6,1.9,12.6,12.3,79,1021,0.4,,
2025-08-09T06:00:00+02:00,Frankfurt,50.075464,8.576305,31,pm25,31,19,,0.5,0.1,9.3,20,70.5,1019,3,8.7,14.5
2025-08-09T06:00:00+02:00,Hamburg,53.564486,9.96834,42,pm25,42,16,16.5,1.6,0.1,0.9,11,100,1020,0.5,10.8,11
2025-08-09T12:00:00+08:00,Wuhan,30.593099,114.305393,61,pm25,61,24,5.5,2.6,1.9,,35,63,1002,4.6,,
2025-08-09T06:00:00+02:00,Warsaw (Poland),52.225171,21.014783,70,pm25,70,45,31,2,0.1,12,13,93,1021,0.7,,12
2025-08-09T13:00:00+09:30,Winnellie (Australia),-12.424323299931126,130.89335024356842,37,pm25,37,15,1.1,1.3,4,12.8,31.4,29.2,1011.6,10.47,,12.7
2025-08-09T10:00:00+05:30,Bangalore (India),13.0270199,77.494094,55,pm10,46,55,7.5,0.8,7.1,10.8,25,93.475,952.2125000000001,0.885,,22
2025-08-09T10:00:00+05:30,Chennai (India),13.1278,80.2642,78,pm10,68,78,3.9,1.4,1.4,,29.372500000000002,67.1425,83200.9,0.6575,10.2,25
2025-08-08T22:00:00-04:00,Georgia,33.68797,-84.29048,53,pm25,53,20,3,,3.5,12.1,22.2,61,1020.2,0.3,0.6,
2025-08-08T21:00:00-07:00,Phoenix,33.403055555556,-112.07527777778,31,pm25,31,27,4.7,,2.3,28.1,41,14,1006.4,3.6,9.2,9
2025-08-09T10:00:00+05:30,Hyderabad (India),17.417094,78.457437,156,pm25,156,69,0.1,15.5,6.3,7.2,27,78.535,1013,0.98,10.2,22.5
2025-08-08T21:00:00-06:00,Denver,39.732146,-105.015317,21,pm25,21,15,2.3,0.6,1.6,15.5,25,41,1020,2,4.5,
2025-08-09T13:00:00+09:00,Daegu,35.8714354,128.601445,76,pm25,76,33,21.5,4.5,6.2,25.5,7.1,71,1016,3.9,,
2025-08-09T13:00:00+09:00,Gyeonggi,37.4112,127.2579,87,pm25,87,33,12.9,3,5.7,26.8,27,74,1005,0.5,,22
2025-08-09T12:00:00+09:00,Nagoya,35.1814464,136.906398,57,pm25,57,16,13,1.5,3.4,33.6,33.3,45.5,1006.1,1.8,,
2025-08-09T13:00:00+09:00,Fukuoka,33.5903547,130.4017155,37,o3,21,11,12.1,1.5,4.5,36.8,24.5,91,1006.5,2.8,,
2025-08-09T13:00:00+09:00,Kawasaki,35.5309058,139.7030511,61,o3,1,22,9.3,4.3,5.6,60.9,31,62,1007,2.5,,
2025-08-09T12:00:00+08:00,Shenzhen,22.543099,114.057868,97,pm25,97,49,10.6,4.1,7.3,53.2,32.7,76,1009,3.6,,
2025-08-09T12:00:00+08:00,Zhongshan (Taiwan),25.062361,121.526528,78,pm25,78,39,13.2,2.3,4.4,66.7,35.6,60.3,1008.3,2.9,11.8,27
2025-08-09T12:00:00+08:00,Chongqing,29.56301,106.551557,65,pm25,65,18,5.1,4.1,5.5,37,34,63,1003,1.5,,
2025-08-09T07:00:00+03:00,Istanbul (Turkey),41.015278,29.025,49,pm25,49,23,5.5,1.6,14.9,44.4,23.9,84.4,1012.1,5.1,,21.1
2025-08-09T12:00:00+07:00,Hanoi,21.0491,105.8831,42,pm25,42,42,23,10,5,13,34,59,1005,2.5,,25
2025-08-09T12:00:00+07:00,Bangkok,13.7563309,100.5017651,44,pm25,44,23,0.6,0.6,0.1,4.8,35,7.7,1011.3,1.5,,
2025-08-09T11:00:00+05:30,Delhi,28.6341,77.2005,53,pm25,53,28,2.2,1,6.6,27.7,19.75,95.57499999999999,986.625,0.425,10.2,26
2025-08-09T11:00:00+05:30,Mumbai,19.0863,72.8888,94,pm25,94,55,1.5,14.9,1.1,12.1,28,99.80333333333333,1009.19,42.63666666666667,11.3,25
2025-08-09T14:00:00+09:00,Seoul,37.566535,126.9779692,50,pm25,50,22,14.9,4.5,5.7,36.5,24.8,83.9,993.3,1.5,,
2025-08-09T13:00:00+08:00,Beijing,39.954592,116.468117,37,o3,13,6,2.8,1.1,3.7,37,32,52,1004,3.6,,
2025-08-09T13:00:00+08:00,Shanghai,31.2047372,121.4489017,55,pm25,55,18,5.1,4.1,6.4,35.8,36,50,1003,4.6,,
2025-08-09T13:00:00+09:00,Shinjuku (Tokyo),35.713889,139.705556,55,pm25,55,19,12.1,2.9,2.3,44.8,33.3,58,1007.7,0.2,1,
2025-08-09T14:00:00+09:00,Osaka,34.6937378,135.5021651,70,o3,59,21,17.6,8.6,0.1,69.9,33,52,1005,3.6,,
2025-08-09T03:00:00+02:00,Paris,48.856614,2.3522219,51,pm25,51,17,10.2,0.6,0.1,18.8,17.7,74.3,1021.7,2.3,,
2025-08-09T07:00:00+02:00,Frankfurt,50.075464,8.576305,28,pm25,28,14,,0.5,0.1,5.7,20,70.5,1019,2.3,8.7,14.5
2025-08-09T07:00:00+03:00,Moscow,55.791842,37.578405,55,pm25,55,17,16,0.1,5.5,4.5,16.3,90.5,1019.5,3,4,
2025-08-09T13:00:00+08:00,Wuhan,30.593099,114.305393,65,pm25,65,19,5.1,2.1,1,,35,63,1001,4.6,,
2025-08-09T07:00:00+02:00,Warsaw (Poland),52.225171,21.014783,65,pm25,65,34,34,2,0.1,12,16,87,1022,0.5,,14
2025-08-09T14:00:00+09:30,Winnellie (Australia),-12.424323299931126,130.89335024356842,58,pm25,58,21,1,1.1,4.4,13.8,32.3,27.200000000000003,1010.6,8.185,,12
2025-08-09T00:00:00-04:00,Boston,42.325184,-71.05608,32,pm25,32,11,12.1,0.5,4.5,20,19.1,69.5,1024.7,,,
2025-08-08T23:00:00-04:00,Georgia,33.68797,-84.29048,56,pm25,56,23,2.1,,3.4,13.6,21.6,60.8,1020.5,0.3,0.3,
2025-08-08T22:00:00-07:00,Phoenix,33.403055555556,-112.07527777778,29,o3,18,22,4.7,,1.2,28.9,40,17,1007.4,6.1,9.2,11
2025-08-08T22:00:00-06:00,Denver,39.732146,-105.015317,21,pm25,21,15,2.3,0.6,1.4,15.5,24.4444,47.5,1020.3,1,1.5,
2025-08-09T14:00:00+09:00,Daegu,35.8714354,128.601445,76,pm25,76,33,18.2,4.2,6.3,31.6,7.1,71,1016,3.9,,
2025-08-09T14:00:00+09:00,Gyeonggi,37.4112,127.2579,70,pm25,70,33,8.7,2.9,5.6,29,26,78,1004.3,3,,22
2025-08-09T13:00:00+09:00,Nagoya,35.1814464,136.906398,68,pm25,68,17,10.2,2.9,4.5,50.7,33.8,48,1005.6,2.4,,
2025-08-09T14:00:00+09:00,Fukuoka,33.5903547,130.4017155,33,o3,30,28,9.3,1.5,4.5,32.8,26,88,1005,6.1,,
2025-08-09T14:00:00+09:00,Kawasaki,35.5309058,139.7030511,85,o3,1,22,8.4,2.9,5.6,85.3,32,49,1006,4.6,,
2025-08-09T13:00:00+08:00,Shenzhen,22.543099,114.057868,102,pm25,102,48,9.6,4.1,7.3,50.6,34.8,73,1008,3.6,,
2025-08-09T13:00:00+08:00,Zhongshan (Taiwan),25.062361,121.526528,68,pm25,68,38,9.6,2,2.8,56.3,35,67,1008,3.8,11.8,28
2025-08-09T13:00:00+08:00,Chongqing,29.56301,106.551557,73,o3,59,16,5.1,6.1,5.5,73.4,35,56,1002,1.5,,
2025-08-09T08:00:00+03:00,Istanbul (Turkey),41.015278,29.025,50,pm25,50,23,6.6,1.5,14.7,44.4,25,87.1,1012.5,6.6,,22.7
2025-08-09T13:00:00+07:00,Hanoi,21.0491,105.8831,30,pm10,24,30,25,10,5,12,34.5,57.5,1005,2.5,,25
2025-08-09T13:00:00+07:00,Bangkok,13.7563309,100.5017651,42,pm25,42,31,1.2,0.6,0.1,4.8,35,53.7,1008.5,3,,
2025-08-09T12:00:00+05:30,Delhi,28.6341,77.2005,74,pm25,74,37,5.4,0.5,7.3,25.4,20.675,95.10000000000001,986.65,0.575,10.2,26
2025-08-09T12:00:00+05:30,Mumbai,19.0863,72.8888,105,pm25,105,62,1.5,14.8,1.1,11.3,29.5,96.445,1009.1299999999999,23.2875,11.3,24.5
2025-08-09T15:00:00+09:00,Seoul,37.566535,126.9779692,53,pm25,53,22,17.4,4.6,6.3,36.6,25.4,78.6,992.6,2,,
2025-08-09T14:00:00+08:00,Beijing,39.954592,116.468117,38,o3,13,6,3.2,1.1,2.8,37.8,33,38,1004,3.6,,
2025-08-09T14:00:00+08:00,Shanghai,31.2047372,121.4489017,68,pm25,68,20,6,4.1,6.4,40.7,36,50,1002,6.6,,
2025-08-09T14:00:00+09:00,Shinjuku (Tokyo),35.713889,139.705556,61,pm25,61,22,15.8,4.3,3.4,59.7,32.7,57,1006.7,0.2,1.2,
2025-08-09T15:00:00+09:00,Osaka,34.6937378,135.5021651,56,o3,53,18,17.6,7.2,0.1,55.8,32,52,1005,3.6,,
2025-08-09T05:00:00+02:00,Paris,48.856614,2.3522219,46,pm25,46,14,13.8,0.6,0.1,17.6,18.1,73,1022.2,2.3,,
2025-08-09T06:00:00+01:00,London,51.5073509,-0.1277583,137,pm25,137,51,12.4,0.6,1,12.6,14.4,76.7,1021.5,3,,
2025-08-09T08:00:00+02:00,Frankfurt,50.075464,8.576305,29,pm25,29,14,,0.5,0.1,7.3,19.5,79.5,1019,2,8.7,16
2025-08-09T08:00:00+02:00,Hamburg,53.564486,9.96834,15,pm10,42,15,14.2,1.6,0.1,9,14,90,1020.5,1.5,10.8,12.5
2025-08-09T09:00:00+03:00,Moscow,55.791842,37.578405,59,pm25,59,17,22.9,0.2,10.9,6.3,18,74,1019.4,2,5,
2025-08-09T14:00:00+08:00,Wuhan,30.593099,114.305393,70,pm25,70,20,8.3,2.6,1.9,,35,63,1000,5.6,,
2025-08-09T08:00:00+02:00,Warsaw (Poland),52.225171,21.014783,68,pm25,68,45,36.4,2,0.1,12,20,68,1022,0.7,,14
2025-08-09T16:00:00+09:30,Winnellie (Australia),-12.424323299931126,130.89335024356842,69,pm25,69,42,1.2,1.3,4.7,11.5,31.9,40.4,1008.7,9.92,,15
2025-08-09T11:00:00+05:30,Bangalore (India),13.0270199,77.494094,76,pm25,76,55,8.6,3.4,8.8,10.6,27,76.23333333333333,952.0933333333334,0.9066666666666667,,22
2025-08-09T12:00:00+05:30,Chennai (India),13.1278,80.2642,73,pm10,67,73,4.7,1.6,3.6,,29.5975,66.915,83140.375,2.02,10.2,26
2025-08-09T01:00:00-04:00,Boston,42.325184,-71.05608,30,pm25,30,10,12.1,0.5,5.6,12.8,18.3,71,1024.6,,,
2025-08-09T00:00:00-04:00,Georgia,33.68797,-84.29048,58,pm25,58,23,1.9,,3.4,12.8,21.3,59.2,1019.8,0.3,0.2,
2025-08-08T23:00:00-07:00,Phoenix,33.403055555556,-112.07527777778,48,pm25,48,38,4.7,,1.2,23.3,38,31,1007.7,8.2,11.3,18
2025-08-09T11:00:00+05:30,Hyderabad (India),17.417094,78.457437,163,pm25,163,79,0.1,15.6,6.3,7,27,67.26333333333332,1013,1.0766666666666667,10.2,22
2025-08-09T15:00:00+09:00,Daegu,35.8714354,128.601445,76,pm25,76,31,18.2,4.5,6.4,38.8,7.1,71,1016,3.9,,
2025-08-09T15:00:00+09:00,Gyeonggi,37.4112,127.2579,57,pm25,57,30,8.7,3,5.6,28.9,26.5,76,1003.5,1,,22
2025-08-09T14:00:00+09:00,Nagoya,35.1814464,136.906398,74,pm25,74,23,16.7,4.3,5.6,63.5,33.8,49,1005.4,2.6,,
2025-08-09T15:00:00+09:00,Fukuoka,33.5903547,130.4017155,30,pm25,30,15,8.4,1.5,4.5,29.6,26,88,1004,5.6,,
2025-08-09T15:00:00+09:00,Kawasaki,35.5309058,139.7030511,79,o3,1,23,8.4,1.5,4.5,78.9,32,55,1005,6.1,,
2025-08-09T14:00:00+08:00,Shenzhen,22.543099,114.057868,107,pm25,107,48,10.1,4.1,6.4,74.7,35.8,73,1007,3.6,,
2025-08-09T14:00:00+08:00,Zhongshan (Taiwan),25.062361,121.526528,65,pm25,65,35,9.6,1.6,3.2,53.5,34,71,1007,2,11.8,28
2025-08-09T14:00:00+08:00,Chongqing,29.56301,106.551557,81,o3,65,16,4.6,6.6,5.5,81.2,37,50,1002,2.5,,
2025-08-09T09:00:00+03:00,Istanbul (Turkey),41.015278,29.025,51,pm25,51,23,8,1.6,14.5,40.2,25.5,85,1012.9,6.6,,22.8
2025-08-09T14:00:00+07:00,Hanoi,21.0491,105.8831,30,pm10,24,30,27,10,5,11,36,53,1004,1.5,,25
2025-08-09T14:00:00+07:00,Bangkok,13.7563309,100.5017651,43,pm25,43,29,0.6,0.6,0.1,4.8,35,53.7,1008.5,3,,
2025-08-09T16:00:00+09:00,Seoul,37.566535,126.9779692,50,pm25,50,24,17.3,4.5,5.6,38.7,25.4,78.6,992.6,2,,
2025-08-09T15:00:00+08:00,Beijing,39.954592,116.468117,40,o3,13,6,4.2,1.6,2.8,40.3,33,38,1003,2.5,,
2025-08-09T15:00:00+08:00,Shanghai,31.2047372,121.4489017,72,pm25,72,22,6,4.1,6.4,48,36,50,1001,5.6,,
2025-08-09T15:00:00+09:00,Shinjuku (Tokyo),35.713889,139.705556,63,pm25,63,23,14.9,4.3,3.4,59.7,32.2,61,1007.3,0.2,1,
2025-08-09T16:00:00+09:00,Osaka,34.6937378,135.5021651,63,pm25,63,27,14.9,7.2,0.1,54.5,32,56,1005,3.8,,
2025-08-09T09:00:00+02:00,Frankfurt,50.075464,8.576305,29,pm25,29,14,,0.5,0.1,8.9,20.5,75,1019.5,0.7,8.7,16
2025-08-09T09:00:00+02:00,Hamburg,53.564486,9.96834,15,pm10,42,15,12.4,6.6,0.1,12.6,17.5,77,1020.5,1.8,10.8,13.5
2025-08-09T10:00:00+03:00,Moscow,55.791842,37.578405,61,pm25,61,17,24.7,0.3,13.3,5.7,18.5,71.6,1019.6,3.6,6.3,
2025-08-09T09:00:00+02:00,Warsaw (Poland),52.225171,21.014783,54,pm25,54,28,28.1,2,0.1,12,23,53,1022,2,,13
2025-08-09T12:00:00+05:30,Bangalore (India),13.0270199,77.494094,68,pm25,68,53,8.1,1.5,8.7,10.5,27,67.26666666666667,952.0333333333333,0.92,,22
2025-08-09T02:00:00-04:00,Boston,42.325184,-71.05608,33,pm25,33,12,12.1,0.5,5.6,12.1,18,73,1024.6,,,
2025-08-09T01:00:00-04:00,Georgia,33.68797,-84.29048,59,pm25,59,24,2,,3.4,12.8,21.6,59,1019.8,0.3,0.6,
2025-08-09T00:00:00-07:00,Phoenix,33.403055555556,-112.07527777778,56,pm25,56,45,4.7,,1.2,23.3,37,34,1008.1,6.1,9.2,19
2025-08-09T12:00:00+05:30,Hyderabad (India),17.417094,78.457437,151,pm25,151,73,0.1,15.5,7.5,7.3,28,67.41666666666667,1012,0.9199999999999999,10.2,21
2025-08-08T23:00:00-06:00,Denver,39.732146,-105.015317,21,pm25,21,15,1.4,0.6,1.8,16.7,23.8889,57.6,1020.5,2,0.6,
2025-08-09T15:00:00+09:00,Nagoya,35.1814464,136.906398,82,o3,74,26,15.8,4.3,3.4,81.5,33.8,49,1005.4,3.7,,
2025-08-09T16:00:00+09:00,Fukuoka,33.5903547,130.4017155,30,pm25,30,17,12.1,1.5,4.5,26.4,27,88,1003,6.6,,
2025-08-09T15:00:00+08:00,Zhongshan (Taiwan),25.062361,121.526528,57,pm25,57,32,8.9,2,2.7,45.1,34.5,66.5,1007,4.3,11.8,27.5
2025-08-09T10:00:00+03:00,Istanbul (Turkey),41.015278,29.025,52,pm25,52,23,7.3,1.6,14.4,39.6,25.5,85,1012.9,6.6,,22.8
2025-08-09T15:00:00+07:00,Hanoi,21.0491,105.8831,32,pm10,31,32,33,10,7,12,36,53,1003.5,1.8,,25
2025-08-09T15:00:00+07:00,Bangkok,13.7563309,100.5017651,43,pm25,43,20,0.6,0.6,0.1,4.8,35.6,7.8,1007.2,2.5,,
2025-08-09T14:00:00+05:30,Delhi,28.6341,77.2005,91,pm25,91,50,2.2,0.2,7.3,24.5,21.599999999999998,93.82499999999999,986.625,0.675,10.2,25.5
2025-08-09T14:00:00+05:30,Mumbai,19.0863,72.8888,130,pm25,130,74,1.4,14.9,0.8,11.7,31,88.80666666666667,1008.16,27.953333333333333,11.3,24.5
2025-08-09T17:00:00+09:00,Seoul,37.566535,126.9779692,55,pm25,55,26,19.7,4.8,6.3,39.7,25.6,78.6,992.7,2,,
2025-08-09T16:00:00+08:00,Beijing,39.954592,116.468117,43,o3,13,6,6,1.6,2.8,43.1,33,38,1003,1.5,,
2025-08-09T16:00:00+08:00,Shanghai,31.2047372,121.4489017,87,pm25,87,23,6.9,1.6,6.4,50,35,53,1001,3.6,,
2025-08-09T16:00:00+09:00,Shinjuku (Tokyo),35.713889,139.705556,61,pm25,61,22,16.7,4.3,3.4,76.3,32.2,61.2,1007.1,0.2,0.5,
2025-08-09T06:00:00+02:00,Paris,48.856614,2.3522219,43,pm25,43,16,10.2,0.6,0.1,19.3,19.3,68,1022.6,2.5,,
2025-08-09T07:00:00+01:00,London,51.5073509,-0.1277583,137,pm25,137,51,12.8,1.1,1,12.6,15.9,71.3,1022.1,4.1,,
2025-08-09T10:00:00+02:00,Frankfurt,50.075464,8.576305,31,pm25,31,16,,0.5,0.1,16.5,22.5,64,1020,1.2,8.7,15.5
2025-08-09T10:00:00+02:00,Hamburg,53.564486,9.96834,15,pm10,42,15,12.4,9.2,0.1,12.6,19.5,66,1020.5,3.3,10.8,13
2025-08-09T11:00:00+03:00,Moscow,55.791842,37.578405,68,pm25,68,18,22,0.2,14.5,7.8,20,64.5,1019.2,2.5,5.2,
2025-08-09T16:00:00+08:00,Wuhan,30.593099,114.305393,76,pm25,76,26,16,2.1,1.9,,35,63,1000,3.6,,
2025-08-09T10:00:00+02:00,Warsaw (Poland),52.225171,21.014783,43,pm25,43,21,23,2,0.1,12,25,44,1022,2.5,,12
2025-08-09T17:00:00+09:30,Winnellie (Australia),-12.424323299931126,130.89335024356842,41,pm25,41,15,1,1.1,4.4,12.1,30.1,43,1008.9,9.200000000000001,,15.8
2025-08-09T14:00:00+05:30,Bangalore (India),13.0270199,77.494094,52,pm10,45,52,8.2,3.3,6.9,10.5,27,61.425,951.7475,0.9025000000000001,,21.5
2025-08-09T14:00:00+05:30,Chennai (India),13.1278,80.2642,91,pm25,91,86,4.8,1.1,6.9,,29.7325,67.1225,83063.25,1.6925000000000001,10.2,26
2025-08-09T03:00:00-04:00,Boston,42.325184,-71.05608,33,pm25,33,14,12.1,0.5,4.5,11.2,17.4,75.3,1024.7,,,
2025-08-09T02:00:00-04:00,Georgia,33.68797,-84.29048,61,pm25,61,26,2.3,,3.4,13.6,21.6,59,1019.8,0.3,0.8,
2025-08-09T01:00:00-07:00,Phoenix,33.403055555556,-112.07527777778,53,pm25,53,40,4.7,,1.2,24.8,37,32,1008.4,7.2,9.2,18
2025-08-09T14:00:00+05:30,Hyderabad (India),17.417094,78.457437,168,pm25,168,78,0.1,15.8,8.1,8.1,29.5,60.4225,1011,0.9299999999999999,10.2,22.5
2025-08-09T17:00:00+09:00,Daegu,35.8714354,128.601445,37,o3,76,33,18.3,3.3,6.4,36.9,7.1,71,1016,3.9,,
2025-08-09T17:00:00+09:00,Gyeonggi,37.4112,127.2579,33,pm10,57,33,8.5,3,5.7,29.9,27,74,1003,1.5,,22
2025-08-09T16:00:00+09:00,Nagoya,35.1814464,136.906398,84,o3,80,27,14.9,2.9,3.4,84,32.7,53,1005.1,3.3,,
2025-08-09T17:00:00+09:00,Fukuoka,33.5903547,130.4017155,34,pm25,34,20,10.2,1.5,4.5,20.8,27,88,1003,6.1,,
2025-08-09T16:00:00+09:00,Kawasaki,35.5309058,139.7030511,65,o3,55,30,9.3,2.9,4.5,64.8,33,63,1005,6.4,,
2025-08-09T16:00:00+08:00,Shenzhen,22.543099,114.057868,117,pm25,117,57,11.9,4.6,6.4,85.8,34.8,71.5,1006.2,4.2,,
2025-08-09T16:00:00+08:00,Zhongshan (Taiwan),25.062361,121.526528,55,pm25,55,24,10.5,2.2,2.5,30.9,33,70,1007,3,11.8,27
2025-08-09T15:00:00+08:00,Chongqing,29.56301,106.551557,87,o3,61,20,4.2,7.1,5.5,87.1,37,50,1002,2.5,,
2025-08-09T11:00:00+03:00,Istanbul (Turkey),41.015278,29.025,52,pm25,52,22,7.3,1.6,14.3,39,25.5,85,1012.9,6.6,,22.8
2025-08-09T16:00:00+07:00,Hanoi,21.0491,105.8831,45,pm25,45,37,31,10,7,13,36,54.5,1003,1.8,,25.5
2025-08-09T18:00:00+09:00,Seoul,37.566535,126.9779692,57,pm25,57,25,17.1,4.6,6.6,37.2,26.4,71.8,992.1,1.5,,
2025-08-09T17:00:00+08:00,Beijing,39.954592,116.468117,44,o3,13,6,6,1.6,2.8,43.5,33,40,1003,1.5,,
2025-08-09T17:00:00+08:00,Shanghai,31.2047372,121.4489017,87,pm25,87,24,6,1.6,6.4,48.4,35,53,1001,3.6,,
2025-08-09T17:00:00+09:00,Shinjuku (Tokyo),35.713889,139.705556,59,pm25,59,24,19.5,2.9,3.4,60.9,30.5,71,1007.6,0.2,1.2,
2025-08-09T17:00:00+09:00,Osaka,34.6937378,135.5021651,63,pm25,63,54,13,8.6,4.5,49.6,29,74,1005,4.1,,
2025-08-09T07:00:00+02:00,Paris,48.856614,2.3522219,51,pm25,51,17,11.2,0.6,0.1,19.5,20.4,63.2,1022.8,3.7,,
2025-08-09T11:00:00+02:00,Frankfurt,50.075464,8.576305,33,pm25,33,16,,0.5,0.1,21.4,23.5,58.5,1020,1,8.7,15
2025-08-09T11:00:00+02:00,Hamburg,53.564486,9.96834,38,pm25,38,14,6.9,10.2,0.1,21.2,20.5,60,1020,4.1,10.8,12.5
2025-08-09T17:00:00+08:00,Wuhan,30.593099,114.305393,80,pm25,80,27,12.4,2.1,3.7,,35,63,1000,2.5,,
2025-08-09T11:00:00+02:00,Warsaw (Poland),52.225171,21.014783,40,pm25,40,21,15.4,2,0.1,12,26,41,1022,2.5,,12
2025-08-09T18:00:00+09:30,Winnellie (Australia),-12.424323299931126,130.89335024356842,23,pm25,23,11,1.2,1.1,4.2,10.9,29,47.2,1009,6.27,,15.9
2025-08-09T04:00:00-04:00,Boston,42.325184,-71.05608,33,pm25,33,11,13.9,0.5,4.5,11.2,16.6,77.5,1024.6,,,
2025-08-09T03:00:00-04:00,Georgia,33.68797,-84.29048,64,pm25,64,28,2.4,,3.4,12.8,21.6,58,1020.8,0.3,0.8,
2025-08-09T02:00:00-07:00,Phoenix,33.403055555556,-112.07527777778,47,pm25,47,37,4.7,,1.2,24.1,36,32,1008.4,7.2,9.2,17
2025-08-09T18:00:00+09:00,Gyeonggi,37.4112,127.2579,61,pm25,61,35,8.9,3,5.7,29.9,27,69,1003,1.5,,21
2025-08-09T17:00:00+09:00,Nagoya,35.1814464,136.906398,71,o3,63,21,13,4.3,4.5,71.2,31.6,59,1005.4,3.6,,
2025-08-09T18:00:00+09:00,Fukuoka,33.5903547,130.4017155,30,pm25,30,20,10.2,1.5,5.6,16,28,83,1003,6.6,,
2025-08-09T17:00:00+09:00,Kawasaki,35.5309058,139.7030511,67,o3,65,36,12.1,2.9,4.5,67.4,31,67,1005.5,6.4,,
2025-08-09T17:00:00+08:00,Shenzhen,22.543099,114.057868,97,pm25,97,53,16,6.1,5.5,89,33.3,74,1005.8,4.6,,
2025-08-09T17:00:00+08:00,Zhongshan (Taiwan),25.062361,121.526528,50,pm25,50,20,10,1.6,2.8,24.5,32,70,1007,3,11.8,26
2025-08-09T16:00:00+08:00,Chongqing,29.56301,106.551557,93,o3,68,27,3.7,7.6,4.6,92.9,38,47,1000,2.5,,
2025-08-09T17:00:00+07:00,Hanoi,21.0491,105.8831,57,pm25,57,38,30,10,8,11,35.5,59.5,1002,2.8,,26.5
2025-08-09T17:00:00+07:00,Bangkok,13.7563309,100.5017651,34,pm25,34,20,1.8,0.6,0.1,4.8,34.2,9.9,1006.7,2,,
2025-08-09T16:00:00+05:30,Delhi,28.6341,77.2005,80,pm25,80,38,5.3,2.1,7.3,11.6,20.875,94.25,986.6500000000001,0.5,10.2,25
2025-08-09T16:00:00+05:30,Mumbai,19.0863,72.8888,132,pm25,132,75,1.4,14.8,0.8,11.5,30,86.03333333333335,1006.7833333333333,25.36,11.3,24
2025-08-09T19:00:00+09:00,Seoul,37.566535,126.9779692,61,pm25,61,25,18,4.6,6.3,38.9,26.4,71.8,992.1,1.5,,
2025-08-09T18:00:00+08:00,Beijing,39.954592,116.468117,43,o3,13,6,6.9,1.6,2.8,43.1,32,46,1003,0.5,,
2025-08-09T18:00:00+08:00,Shanghai,31.2047372,121.4489017,82,pm25,82,26,7.4,2.1,6.4,51.3,35,56,1001,2.5,,
2025-08-09T18:00:00+09:00,Shinjuku (Tokyo),35.713889,139.705556,61,pm25,61,21,19.5,4.3,3.4,64.8,30,73,1008.4,0.2,0.5,
2025-08-09T19:00:00+09:00,Osaka,34.6937378,135.5021651,61,pm25,61,28,15.8,7.2,0.1,41.6,28.6,78,1006,3.6,,
2025-08-09T08:00:00+02:00,Paris,48.856614,2.3522219,56,pm25,56,20,8.4,0.6,0.1,21.1,21.9,56.1,1023.2,3.6,,
2025-08-09T10:00:00+01:00,London,51.5073509,-0.1277583,21,pm25,21,12,12.8,0.9,1.4,18.1,21.9,52.2,1022.1,8.5,,
2025-08-09T12:00:00+02:00,Frankfurt,50.075464,8.576305,35,pm25,35,18,,0.5,0.1,26.8,24.5,57,1020,1.2,8.7,15.5
2025-08-09T12:00:00+02:00,Hamburg,53.564486,9.96834,38,pm25,38,14,5.1,7.6,0.1,25.6,21.5,58,1020,4.1,10.8,13
2025-08-09T13:00:00+03:00,Moscow,55.791842,37.578405,68,pm25,68,18,26.1,0.2,12.7,10,18.6,72.5,1019,3,5,
2025-08-09T18:00:00+08:00,Wuhan,30.593099,114.305393,78,pm25,78,30,12.4,2.1,7.3,,34,66,1000,2.5,,
2025-08-09T12:00:00+02:00,Warsaw (Poland),52.225171,21.014783,40,pm25,40,19,22.9,2,0.1,12,27,39,1022,1.5,,12
2025-08-09T19:00:00+09:30,Winnellie (Australia),-12.424323299931126,130.89335024356842,13,pm10,12,13,1.3,1,4.1,10.1,28.1,50.3,1009.2,2.885,,15.7
2025-08-09T15:00:00+05:30,Bangalore (India),13.0270199,77.494094,71,pm25,71,52,8.8,2.5,9.4,10.4,26,70.35,951.395,0.945,,22
2025-08-09T15:00:00+05:30,Chennai (India),13.1278,80.2642,106,pm25,106,79,4.8,1.1,7.7,,29.715000000000003,67.78,82960.8,2.8,10.2,26
2025-08-09T04:00:00-04:00,Georgia,33.68797,-84.29048,67,pm25,67,30,2.3,,3.4,14.5,21.6,58,1020.9,0.3,0.8,
2025-08-09T03:00:00-07:00,Phoenix,33.403055555556,-112.07527777778,40,pm25,40,27,4.7,,1.2,24.1,36,30,1009.1,6.6,9.2,16
2025-08-09T15:00:00+05:30,Hyderabad (India),17.417094,78.457437,149,pm25,149,72,0.1,15.4,8.2,8,30,57.75,1010,0.8,10.2,22
2025-08-09T03:00:00-06:00,Denver,39.732146,-105.015317,30,pm25,30,15,3.7,0.6,2.1,7.8,18.8889,58,1018.9,3,4.5,
2025-08-09T18:00:00+09:00,Daegu,35.8714354,128.601445,76,pm25,76,20,11.3,3.3,5.2,31.3,7.1,71,1016,3.9,,
2025-08-09T18:00:00+09:00,Nagoya,35.1814464,136.906398,78,pm25,78,20,12.1,2.9,3.4,55.8,30.5,61,1006.2,3.6,,
2025-08-09T19:00:00+09:00,Fukuoka,33.5903547,130.4017155,30,pm25,30,21,10.2,1.5,5.6,16.8,29.5,88,1003,6.1,,
2025-08-09T18:00:00+09:00,Kawasaki,35.5309058,139.7030511,63,pm25,63,30,18.6,2.9,4.5,58.4,29,74,1006,6.6,,
2025-08-09T18:00:00+08:00,Shenzhen,22.543099,114.057868,76,pm25,76,43,17,4.6,5.5,73.4,32.2,79,1006.3,4.6,,
2025-08-09T18:00:00+08:00,Zhongshan (Taiwan),25.062361,121.526528,38,pm25,38,20,10.7,1.6,2.9,22,31.5,72,1007,1.5,11.8,26
2025-08-09T17:00:00+08:00,Chongqing,29.56301,106.551557,90,o3,63,30,3.7,7.6,4.6,90.3,38,47,999,2.5,,
2025-08-09T13:00:00+03:00,Istanbul (Turkey),41.015278,29.025,50,pm25,50,21,10.8,1.6,14.2,38.6,25.8,78.1,1013.5,8.2,,21.7
2025-08-09T18:00:00+07:00,Hanoi,21.0491,105.8831,70,pm25,70,42,31,11,8,11,35.5,56,1002,2.5,,25.5
2025-08-09T18:00:00+07:00,Bangkok,13.7563309,100.5017651,30,pm25,30,20,2.9,0.6,0.1,4.8,33.4,9.2,1006.5,2,,
2025-08-09T20:00:00+09:00,Seoul,37.566535,126.9779692,59,pm25,59,30,19.8,4.8,6.6,36.4,26.1,72.6,992.1,1.5,,
2025-08-09T19:00:00+08:00,Beijing,39.954592,116.468117,39,o3,13,6,8.3,1.6,2.8,38.6,28,69,1004,1.5,,
2025-08-09T19:00:00+08:00,Shanghai,31.2047372,121.4489017,68,pm25,68,29,8.3,1.6,7.3,47.2,34,59,1001,2.5,,
2025-08-09T19:00:00+09:00,Shinjuku (Tokyo),35.713889,139.705556,59,pm25,59,21,10.2,2.9,3.4,59.7,28.2,73.9,1004.3,2.5,,23.1
2025-08-09T20:00:00+09:00,Osaka,34.6937378,135.5021651,55,pm25,55,53,13,7.2,0.1,43.2,27,74,1006,2.5,,
2025-08-09T09:00:00+02:00,Paris,48.856614,2.3522219,48,pm25,48,20,8.7,0.6,0.1,25.4,23.1,53.4,1023,3.4,,
2025-08-09T13:00:00+02:00,Frankfurt,50.075464,8.576305,36,pm25,36,17,,0.5,0.1,34.8,26.5,52,1019.5,1.5,8.7,16
2025-08-09T13:00:00+02:00,Hamburg,53.564486,9.96834,38,pm25,38,14,3.2,4.6,0.1,31.3,23.5,58.5,1019,4.1,10.8,15
2025-08-09T14:00:00+03:00,Moscow,55.791842,37.578405,53,pm25,53,18,27,0.2,11.5,10,20,66.3,1018.7,7.3,10.6,
2025-08-09T19:00:00+08:00,Wuhan,30.593099,114.305393,80,pm25,80,32,6,2.1,8.2,,33,70,1001,2.5,,
2025-08-09T13:00:00+02:00,Warsaw (Poland),52.225171,21.014783,40,pm25,40,17,20.2,2,0.1,12,28,32,1022,1,,10
2025-08-09T20:00:00+09:30,Winnellie (Australia),-12.424323299931126,130.89335024356842,21,pm25,21,10,2.4,1,4.2,8.3,26.5,56,1010.1,3.19,,15.2
2025-08-09T16:00:00+05:30,Bangalore (India),13.0270199,77.494094,58,pm25,58,52,7.5,3.2,8.7,10.6,26,76.03333333333335,951.4033333333333,0.9033333333333333,,22
2025-08-09T16:00:00+05:30,Chennai (India),13.1278,80.2642,94,pm25,94,76,4.6,1.3,5.2,,29.64333333333333,64.74666666666667,82963.96666666667,3.4499999999999997,10.2,25
2025-08-09T05:00:00-04:00,Boston,42.325184,-71.05608,30,pm25,30,11,13,0.5,5.6,11.2,16.6,79,1025,,,
2025-08-09T05:00:00-04:00,Georgia,33.68797,-84.29048,69,pm25,69,31,3.1,,3.4,13.6,21.2,58,1021.4,0.3,0.8,
2025-08-09T04:00:00-07:00,Phoenix,33.403055555556,-112.07527777778,38,pm25,38,26,4.7,,1.2,23.3,35,32,1009.4,4.1,9.2,16
2025-08-09T16:00:00+05:30,Hyderabad (India),17.417094,78.457437,109,pm25,109,68,4.9,16.4,7.5,8.2,30,57.605000000000004,1009.5,0.885,10.2,22.5
2025-08-09T04:00:00-06:00,Denver,39.732146,-105.015317,30,pm25,30,14,4.2,0.6,1.9,11.8,18.3333,60,1019.1,3,1,
2025-08-09T19:00:00+09:00,Daegu,35.8714354,128.601445,31,o3,63,21,11.3,3.3,4.9,31.3,7.1,71,1016,3.9,,
2025-08-09T20:00:00+09:00,Gyeonggi,37.4112,127.2579,57,pm25,57,34,8.8,3.2,6,27.8,25,88,1003.3,0.5,,23
2025-08-09T19:00:00+09:00,Nagoya,35.1814464,136.906398,65,pm25,65,20,11.2,2.9,3.4,48.8,30.5,57,1006.6,4.2,,
2025-08-09T20:00:00+09:00,Fukuoka,33.5903547,130.4017155,38,pm25,38,21,9.3,1.5,5.6,17.6,29.5,83.5,1003,6.1,,
2025-08-09T19:00:00+09:00,Kawasaki,35.5309058,139.7030511,70,pm25,70,45,23.2,2.9,4.5,47.2,29,81,1006.5,6.1,,
2025-08-09T19:00:00+08:00,Shenzhen,22.543099,114.057868,72,pm25,72,38,19.7,4.1,6.4,73.4,31.5,84,1006,4.6,,
2025-08-09T18:00:00+08:00,Chongqing,29.56301,106.551557,87,o3,76,28,3.7,7.1,4.6,87.1,37,50,999,3.6,,
2025-08-09T19:00:00+07:00,Hanoi,21.0491,105.8831,81,pm25,81,49,27,11,6,17,33.5,64.5,1002,3.8,,26
2025-08-09T19:00:00+07:00,Bangkok,13.7563309,100.5017651,43,pm25,43,22,2.9,0.6,0.1,4.8,33.4,9.2,1006.5,2,,
2025-08-09T18:00:00+05:30,Delhi,28.6341,77.2005,85,pm25,85,29,4.9,0.9,8.4,20.9,21.1,94.7,986.6,0.1,10.2,26
2025-08-09T18:00:00+05:30,Mumbai,19.0863,72.8888,125,pm25,125,72,1.3,14.9,0.4,11.6,29.5,90.1725,1006.1474999999999,27.955000000000002,11.3,24.5
2025-08-09T21:00:00+09:00,Seoul,37.566535,126.9779692,70,pm25,70,32,19.1,4.6,7.3,29.7,24.5,75.6,992.9,1.5,,
2025-08-09T20:00:00+08:00,Beijing,39.954592,116.468117,37,o3,17,7,8.7,1.6,3.7,37,25,78,1004,1.5,,
2025-08-09T20:00:00+08:00,Shanghai,31.2047372,121.4489017,63,pm25,63,30,11.5,4.6,7.3,35,34,56,1002,2.5,,
2025-08-09T20:00:00+09:00,Shinjuku (Tokyo),35.713889,139.705556,65,pm25,65,24,12.1,2.9,3.4,53.3,28.8,80,1008.5,0.2,0.5,
2025-08-09T21:00:00+09:00,Osaka,34.6937378,135.5021651,40,o3,38,17,25.1,2.9,0.1,40,28,80,1006,2.5,,
2025-08-09T11:00:00+02:00,Paris,48.856614,2.3522219,49,pm25,49,22,7.6,0.6,0.1,33.3,25,51.2,1023.1,2,,
2025-08-09T12:00:00+01:00,London,51.5073509,-0.1277583,30,pm25,30,17,13.8,1.1,1,12.6,22.5,50.5,1022,8.3,,
2025-08-09T14:00:00+02:00,Frankfurt,50.075464,8.576305,40,o3,33,16,,1,0.1,40,28.5,46.5,1019,1,8.7,16
2025-08-09T15:00:00+03:00,Moscow,55.791842,37.578405,57,pm25,57,20,28.4,0.2,12.7,12.2,21.3,59.5,1018.7,5,8,
2025-08-09T20:00:00+08:00,Wuhan,30.593099,114.305393,85,pm25,85,34,5.5,3.1,7.3,,33,75,1001,1.5,,
2025-08-09T14:00:00+02:00,Warsaw (Poland),52.225171,21.014783,38,pm25,38,16,21.9,2,0.1,12,28,34,1021,2,,11
2025-08-09T22:00:00+09:30,Winnellie (Australia),-12.424323299931126,130.89335024356842,27,pm25,27,10,3.1,1.1,4.5,7.4,24.3,77,1011,0.7,,19.1
2025-08-09T18:00:00+05:30,Bangalore (India),13.0270199,77.494094,55,pm10,48,55,8,2.6,10,10.6,23.5,93.8,951.75,0.95,,20
2025-08-09T18:00:00+05:30,Chennai (India),13.1278,80.2642,76,pm25,76,59,4.8,1,3.7,,29.65,62.02,83009.1,2.69,10.2,25
2025-08-09T07:00:00-04:00,Boston,42.325184,-71.05608,28,pm25,28,10,8.4,0.5,4.5,15.2,19,70.3,1025.4,,,
2025-08-09T06:00:00-04:00,Georgia,33.68797,-84.29048,70,pm25,70,30,3.7,,3.4,11.2,21.6,58,1021.7,0.3,1.5,
2025-08-09T05:00:00-07:00,Phoenix,33.403055555556,-112.07527777778,37,pm25,37,25,4.7,,1.2,20,34,34,1010.1,3,9.2,16
2025-08-09T18:00:00+05:30,Hyderabad (India),17.417094,78.457437,90,pm25,90,66,14.2,14.4,10.7,7.1,28.5,63.82,1010,0.98,10.2,22
2025-08-09T05:00:00-06:00,Denver,39.732146,-105.015317,30,pm25,30,17,6,0.6,2.4,11.8,18.3333,65.5,1019.4,1,0.5,
2025-08-09T21:00:00+09:00,Daegu,35.8714354,128.601445,61,pm25,61,23,15.4,3.3,5,20.3,7.1,71,1016,3.9,,
2025-08-09T21:00:00+09:00,Gyeonggi,37.4112,127.2579,65,pm25,65,35,13.1,2.9,6.8,15.2,25,88,1003.3,0.5,,23
2025-08-09T20:00:00+09:00,Nagoya,35.1814464,136.906398,57,pm25,57,51,8.4,2.9,3.4,44.8,29,70.6,1006.8,3.4,,
2025-08-09T21:00:00+09:00,Fukuoka,33.5903547,130.4017155,38,pm25,38,27,4.7,1.5,4.5,19.2,28,83,1003,4.6,,
2025-08-09T20:00:00+09:00,Kawasaki,35.5309058,139.7030511,63,pm25,63,30,13,2.9,4.5,48.1,29,80,1007,4.8,,
2025-08-09T20:00:00+08:00,Shenzhen,22.543099,114.057868,65,pm25,65,32,15.1,4.1,7.3,37,31.1,88.9,1006.5,5,,
2025-08-09T20:00:00+08:00,Zhongshan (Taiwan),25.062361,121.526528,63,pm25,63,28,15.5,2.6,3.9,20,29,83,1008,3,11.8,26
2025-08-09T20:00:00+08:00,Chongqing,29.56301,106.551557,87,pm25,87,37,6.4,5.1,6.4,61.7,35,56,1000,2.5,,
2025-08-09T15:00:00+03:00,Istanbul (Turkey),41.015278,29.025,49,pm25,49,20,8.2,1.5,14.1,35.7,27.1,76.4,1013.2,7.2,,22.6
2025-08-09T20:00:00+07:00,Hanoi,21.0491,105.8831,81,pm25,81,50,28,10,7,11,32.5,74.5,1002.5,6.4,,27.5
2025-08-09T20:00:00+07:00,Bangkok,13.7563309,100.5017651,54,pm25,54,30,4.1,0.6,0.1,4.8,32.6,78,1006.6,2.5,,
2025-08-09T19:00:00+05:30,Delhi,28.6341,77.2005,93,pm25,93,38,5.2,1.2,9.1,15.9,21,94.725,986.65,0.35000000000000003,10.2,26
2025-08-09T19:00:00+05:30,Mumbai,19.0863,72.8888,132,pm25,132,75,1.2,14.8,0.3,11.6,29.5,94.08,1006.41,28.326666666666668,11.3,24
2025-08-09T22:00:00+09:00,Seoul,37.566535,126.9779692,65,pm25,65,30,17.2,4.5,7.2,25.1,24.5,75.6,992.9,1.5,,
2025-08-09T21:00:00+08:00,Beijing,39.954592,116.468117,40,o3,21,10,9.6,1.6,4.6,39.8,27,69,1005,2.5,,
2025-08-09T21:00:00+08:00,Shanghai,31.2047372,121.4489017,63,pm25,63,36,11.5,4.1,7.3,35,34,56,1002,1.5,,
2025-08-09T21:00:00+09:00,Shinjuku (Tokyo),35.713889,139.705556,59,pm25,59,22,13,1.5,3.4,48.8,28.3,81,1008.2,0.2,0.5,
2025-08-09T12:00:00+02:00,Paris,48.856614,2.3522219,50,pm25,50,17,7,0.6,0.1,36.3,25.9,49.6,1023.4,3.6,,
2025-08-09T13:00:00+01:00,London,51.5073509,-0.1277583,30,pm25,30,17,15.1,1.1,1,13.5,23.6,47,1022,8.1,,
2025-08-09T15:00:00+02:00,Frankfurt,50.075464,8.576305,44,o3,30,15,,0.5,0.1,43.5,29.5,42.5,1019,1.8,8.7,15.5
2025-08-09T15:00:00+02:00,Hamburg,53.564486,9.96834,38,o3,38,14,1.9,1.6,0.1,38.2,25,55,1018,3.8,10.8,15.5
2025-08-09T16:00:00+03:00,Moscow,55.791842,37.578405,61,pm25,61,13,27.9,0.3,12.7,12.4,20.8,61,1018.4,4,7,
2025-08-09T21:00:00+08:00,Wuhan,30.593099,114.305393,91,pm25,91,40,12.8,1.6,7.3,,33,75,1001,1.5,,
2025-08-09T15:00:00+02:00,Warsaw (Poland),52.225171,21.014783,42,pm25,42,18,26.3,2,0.1,12,28,34,1021,2.5,,11
2025-08-09T19:00:00+05:30,Bangalore (India),13.0270199,77.494094,65,pm25,65,54,8.8,0.5,9.5,10.5,23.5,93.775,951.86,0.9075,,20
2025-08-09T19:00:00+05:30,Chennai (India),13.1278,80.2642,87,pm25,87,60,5.4,1.1,3.5,,29.65,66.2225,83018.3,2.2424999999999997,10.2,26
2025-08-09T08:00:00-04:00,Boston,42.325184,-71.05608,25,pm25,25,10,6.5,0.8,2.3,17.6,21.6,61,1025,,,
2025-08-09T07:00:00-04:00,Georgia,33.68797,-84.29048,67,pm25,67,30,3.1,,3.4,14.5,22.7,55,1021.9,0.3,3.2,
2025-08-09T06:00:00-07:00,Phoenix,33.403055555556,-112.07527777778,52,pm25,52,44,4.7,,1.2,16,34,36,1010.8,2.5,9.2,17
2025-08-09T19:00:00+05:30,Hyderabad (India),17.417094,78.457437,122,pm25,122,74,13.3,14.6,11.2,6.9,27,64.5475,1010,0.8675,10.2,22
2025-08-09T06:00:00-06:00,Denver,39.732146,-105.015317,34,pm25,34,21,9.6,0.6,3.3,11,17.7778,61.5,1019.2,2,2,
2025-08-09T22:00:00+09:00,Daegu,35.8714354,128.601445,50,pm25,50,17,11.4,3.3,4.5,21.3,7.1,71,1016,3.9,,
2025-08-09T22:00:00+09:00,Gyeonggi,37.4112,127.2579,68,pm25,68,39,12,2.9,6.9,11.2,23,94,1004.3,0.5,,22
2025-08-09T21:00:00+09:00,Nagoya,35.1814464,136.906398,117,pm25,117,51,10.2,2.9,2.3,45.6,28.8,73,1006.6,3.2,,
2025-08-09T22:00:00+09:00,Fukuoka,33.5903547,130.4017155,46,pm25,46,29,3.8,1.5,4.5,21.6,28,83,1004,4.6,,
2025-08-09T21:00:00+09:00,Kawasaki,35.5309058,139.7030511,61,pm25,61,31,11.2,2.9,4.5,53.3,28,82,1006.5,6.1,,
2025-08-09T21:00:00+08:00,Shenzhen,22.543099,114.057868,59,pm25,59,30,13.3,4.1,7.3,34.2,30.7,88,1007.1,4.6,,
2025-08-09T21:00:00+08:00,Zhongshan (Taiwan),25.062361,121.526528,53,pm25,53,20,11.8,1,3.3,20.5,29,83,1008,3,11.8,26
2025-08-09T21:00:00+08:00,Chongqing,29.56301,106.551557,97,pm25,97,37,8.3,3.1,6.4,49.6,35,56,1000,2.5,,
2025-08-09T16:00:00+03:00,Istanbul (Turkey),41.015278,29.025,49,pm25,49,20,7.2,1.5,14.1,35.8,27.1,76.4,1013.2,7.2,,22.6
2025-08-09T21:00:00+07:00,Hanoi,21.0491,105.8831,71,pm25,71,49,20,10,4,12,31.5,76.5,1003.5,5.4,,27
2025-08-09T21:00:00+07:00,Bangkok,13.7563309,100.5017651,48,pm25,48,18,3.5,0.6,0.1,4.8,30.7,9.3,1008.5,2,,
2025-08-09T20:00:00+05:30,Delhi,28.6341,77.2005,78,pm25,78,47,7.5,0.6,10,20,20.925,94.87500000000001,986.625,0.22499999999999998,10.2,26
2025-08-09T20:00:00+05:30,Mumbai,19.0863,72.8888,109,pm25,109,63,1.3,14.9,0.7,11.5,29,97.67666666666668,1006.9233333333333,28.483333333333334,11.3,24
2025-08-09T23:00:00+09:00,Seoul,37.566535,126.9779692,63,pm25,63,25,20.4,4.8,6.8,16.4,23.5,80.7,993.2,1.5,,
2025-08-09T22:00:00+08:00,Beijing,39.954592,116.468117,33,o3,30,13,12.4,1.1,5.5,33.3,25,83,1005,0.5,,
2025-08-09T22:00:00+08:00,Shanghai,31.2047372,121.4489017,72,pm25,72,41,15.6,4.1,7.3,29.3,34,59,1003,1.5,,
2025-08-09T22:00:00+09:00,Shinjuku (Tokyo),35.713889,139.705556,59,pm25,59,23,12.1,1.5,3.4,44.8,28.3,80,1008.1,0.2,0.5,
2025-08-09T22:00:00+09:00,Osaka,34.6937378,135.5021651,42,pm25,42,16,32.5,7.2,5.6,37.6,28,74,1007,3.6,,
2025-08-09T16:00:00+02:00,Frankfurt,50.075464,8.576305,49,o3,28,14,,0.5,0.1,48.5,30.5,38.5,1018.5,3.8,8.7,15
2025-08-09T16:00:00+02:00,Hamburg,53.564486,9.96834,37,o3,38,14,4.6,1.6,0.1,36.6,25,51.5,1018,2.5,10.8,14.5
2025-08-09T17:00:00+03:00,Moscow,55.791842,37.578405,46,pm25,46,4,25.6,0.3,10.6,14,18.6,71,1019.1,5.5,8.5,
2025-08-09T22:00:00+08:00,Wuhan,30.593099,114.305393,99,pm25,99,40,32,2.6,2.8,,31,89,1002,0.5,,
2025-08-09T16:00:00+02:00,Warsaw (Poland),52.225171,21.014783,41,pm25,41,18,24.4,2,0.1,12,29,32,1021,1.5,,11
2025-08-09T23:00:00+09:30,Winnellie (Australia),-12.424323299931126,130.89335024356842,19,pm25,19,10,2.6,1.1,4.9,7.4,21.6,87.1,1011.9,3.795,,19.2
2025-08-09T20:00:00+05:30,Bangalore (India),13.0270199,77.494094,59,pm25,59,54,6.5,0.3,8.8,10.6,21,93.8,951.9225,0.9225000000000001,,20
2025-08-09T20:00:00+05:30,Chennai (India),13.1278,80.2642,98,pm25,98,58,5.8,1.3,5.5,,29.7725,65.0175,83048.25,1.795,10.2,26
2025-08-09T08:00:00-04:00,Georgia,33.68797,-84.29048,63,pm25,63,27,1.8,,3.4,17.6,24.4,54.2,1021.4,0.3,4.2,
2025-08-09T07:00:00-07:00,Phoenix,33.403055555556,-112.07527777778,42,pm10,35,42,4.7,,1.2,17.6,33,36,1012.1,3,9.2,16
2025-08-09T07:00:00-06:00,Denver,39.732146,-105.015317,34,pm25,34,20,9.6,0.6,3.9,9.8,18.8889,52,1019,3,6.3,
2025-08-09T22:00:00+09:00,Nagoya,35.1814464,136.906398,78,pm25,78,34,10.2,1.5,2.3,45.6,28.8,74,1006.4,2.6,,
2025-08-09T23:00:00+09:00,Fukuoka,33.5903547,130.4017155,42,pm25,42,27,6.5,1.5,4.5,28.9,28,88,1003,7.7,,
2025-08-09T22:00:00+09:00,Kawasaki,35.5309058,139.7030511,59,pm25,59,40,18.6,2.9,4.5,40.8,28,87,1006,6.1,,
2025-08-09T22:00:00+08:00,Shenzhen,22.543099,114.057868,61,pm25,61,30,21.5,4.6,7.3,32.5,31.1,88,1007.2,3.6,,
2025-08-09T22:00:00+08:00,Zhongshan (Taiwan),25.062361,121.526528,70,pm25,70,20,16.6,1.3,3.9,15.1,29,83,1008,1,11.8,26
2025-08-09T22:00:00+08:00,Chongqing,29.56301,106.551557,97,pm25,97,37,7.8,2.1,5.5,49.6,34,59,1001,4.6,,
2025-08-09T17:00:00+03:00,Istanbul (Turkey),41.015278,29.025,48,pm25,48,19,8.7,1.6,14,34.1,26.5,75.9,1012.6,7.7,,21.9
2025-08-09T22:00:00+07:00,Hanoi,21.0491,105.8831,57,pm25,57,43,20,10,3,12,31,79,1005,5.1,,27
2025-08-09T22:00:00+07:00,Bangkok,13.7563309,100.5017651,38,pm25,38,20,2.4,0.6,0.1,4.8,29.8,69.8,1008,0.5,,
2025-08-10T00:00:00+09:00,Seoul,37.566535,126.9779692,59,pm25,59,25,19.5,4.5,6.9,14.5,23.1,81.7,992.8,1,,
2025-08-09T23:00:00+08:00,Beijing,39.954592,116.468117,34,o3,30,13,10.1,1.6,5.5,33.8,23,94,1005,0.5,,
2025-08-09T23:00:00+08:00,Shanghai,31.2047372,121.4489017,76,pm25,76,40,14.2,4.1,6.4,23.6,33,62,1002,1.5,,
2025-08-09T23:00:00+09:00,Shinjuku (Tokyo),35.713889,139.705556,59,pm25,59,23,12.1,1.5,3.4,43.2,28.3,79.2,1007.8,0.2,0.5,
2025-08-09T23:00:00+09:00,Osaka,34.6937378,135.5021651,38,o3,34,13,21.3,5.8,8.9,38.4,28,78,1006,1.5,,
2025-08-09T13:00:00+02:00,Paris,48.856614,2.3522219,43,pm25,43,19,7.9,0.6,0.1,37.7,26.3,48.6,1023.1,1.8,,
2025-08-09T14:00:00+01:00,London,51.5073509,-0.1277583,30,pm25,30,17,13.8,1.1,1,14.3,24.6,43.7,1022.1,10,,
2025-08-09T17:00:00+02:00,Frankfurt,50.075464,8.576305,54,o3,29,14,,0.5,0.1,54.1,31,36,1018,3.3,8.7,14.5
2025-08-09T17:00:00+02:00,Hamburg,53.564486,9.96834,41,o3,38,14,1,1.6,0.1,40.7,25.5,48.5,1017.5,3.6,10.8,14
2025-08-09T18:00:00+03:00,Moscow,55.791842,37.578405,50,pm25,50,4,33.9,0.2,13.3,8.4,18.8,66,1019,5,7.6,
2025-08-09T23:00:00+08:00,Wuhan,30.593099,114.305393,102,pm25,102,41,39.8,2.6,2.8,,30,94,1002,0.5,,
2025-08-09T17:00:00+02:00,Warsaw (Poland),52.225171,21.014783,40,pm25,40,18,34.1,2,0.1,12,29,30,1021,1.5,,10
2025-08-10T00:00:00+09:30,Winnellie (Australia),-12.424323299931126,130.89335024356842,28,pm25,28,12,2,0.8,4.7,7.7,21.5,86.7,1011.7,2.295,,19.2
2025-08-09T10:00:00-04:00,Boston,42.325184,-71.05608,28,o3,28,11,2.8,0.6,2.3,28.1,26.3,47,1024.8,,,
2025-08-09T09:00:00-04:00,Georgia,33.68797,-84.29048,57,pm25,57,23,1.2,,2.3,19.2,25.7,53.2,1021.1,0.3,4.4,
2025-08-09T08:00:00-07:00,Phoenix,33.403055555556,-112.07527777778,40,pm25,40,32,4.7,,1.2,20.8,33,38,1012.8,3,9.2,17
2025-08-09T08:00:00-06:00,Denver,39.732146,-105.015317,25,pm25,25,18,6.9,0.6,3.1,9.8,21.6667,45.3,1018.4,5,4,
2025-08-09T23:00:00+09:00,Daegu,35.8714354,128.601445,55,pm25,55,17,11.9,3.3,4.7,21.3,7.1,71,1016,3.9,,
2025-08-09T23:00:00+09:00,Gyeonggi,37.4112,127.2579,70,pm25,70,33,7.6,2.8,5.8,11.2,22,100,1004,0.5,,22
2025-08-09T23:00:00+09:00,Nagoya,35.1814464,136.906398,55,pm25,55,23,11.2,1.5,2.3,44.8,28.3,73,1006.2,3.2,,
2025-08-10T00:00:00+09:00,Fukuoka,33.5903547,130.4017155,42,pm25,42,27,3.8,1.5,3.4,24.1,27,94,1004,2,,
2025-08-09T23:00:00+09:00,Kawasaki,35.5309058,139.7030511,57,pm25,57,21,15.8,2.9,3.4,44.8,28,78,1006,6.1,,
2025-08-09T23:00:00+08:00,Shenzhen,22.543099,114.057868,63,pm25,63,30,23.4,4.6,5.5,28.1,30,90.5,1007.3,3.6,,
2025-08-09T23:00:00+08:00,Zhongshan (Taiwan),25.062361,121.526528,50,pm25,50,20,15.7,1,4.2,11.5,29,83,1008,1.2,11.8,26
2025-08-09T23:00:00+08:00,Chongqing,29.56301,106.551557,87,pm25,87,58,16,3.1,5.5,34.6,32,66,1002,4.6,,
2025-08-09T18:00:00+03:00,Istanbul (Turkey),41.015278,29.025,48,pm25,48,18,8.7,1.6,14,33.7,25.6,81,1012.3,6.6,,22.1
2025-08-09T23:00:00+07:00,Hanoi,21.0491,105.8831,51,pm25,51,40,17,10,3,15,30,84,1005,3.6,,27
2025-08-09T23:00:00+07:00,Bangkok,13.7563309,100.5017651,44,pm25,44,21,1.2,0.6,0.1,4.8,29.8,81.9,1008.6,0.5,,
2025-08-09T22:00:00+05:30,Mumbai,19.0863,72.8888,101,pm25,101,60,1.5,14.8,0.9,11.7,29,99.92,1007.6433333333333,28.61,11.3,24
2025-08-10T01:00:00+09:00,Seoul,37.566535,126.9779692,59,pm25,59,26,17.7,4.5,6.6,15.4,22.7,83.7,991.9,1.5,,
2025-08-10T00:00:00+08:00,Beijing,39.954592,116.468117,33,o3,30,14,9.6,1.1,5.5,33.3,23,94,1005,0.5,,
2025-08-10T00:00:00+08:00,Shanghai,31.2047372,121.4489017,74,pm25,74,41,16.5,4.1,5.5,21.2,34,59,1002,1.5,,
2025-08-10T00:00:00+09:00,Shinjuku (Tokyo),35.713889,139.705556,50,pm25,50,17,9.3,1.5,3.4,36.1,28.3,76,1007.6,0.2,0.5,
2025-08-10T01:00:00+09:00,Osaka,34.6937378,135.5021651,38,pm25,38,14,12.1,5.8,0.1,37.6,28.3,74,1005,1.5,,
2025-08-09T14:00:00+02:00,Paris,48.856614,2.3522219,54,pm25,54,11,7.9,0.6,0.1,41.1,27,46.6,1023.2,3.6,,
2025-08-09T16:00:00+01:00,London,51.5073509,-0.1277583,22,pm10,21,22,9.6,0.7,1.2,20.6,25.5,39,1022.2,7.4,,
2025-08-09T18:00:00+02:00,Frankfurt,50.075464,8.576305,52,o3,29,15,,0.5,0.1,52.3,31,36,1018,3.8,8.7,14.5
2025-08-09T18:00:00+02:00,Hamburg,53.564486,9.96834,43,o3,38,14,1.9,1.6,0.1,42.7,25.5,50,1017,2.8,10.8,14.5
2025-08-09T19:00:00+03:00,Moscow,55.791842,37.578405,59,pm25,59,9,37.1,0.1,16.9,6.4,17.7,71.6,1019.2,3,6,
2025-08-10T00:00:00+08:00,Wuhan,30.593099,114.305393,89,pm25,89,42,19.2,2.1,2.8,,30,89,1002,0.5,,
2025-08-09T18:00:00+02:00,Warsaw (Poland),52.225171,21.014783,39,pm25,39,17,32.9,2,0.1,12,28,32,1021,2,,10
2025-08-10T01:00:00+09:30,Winnellie (Australia),-12.424323299931126,130.89335024356842,25,pm25,25,9,2,0.8,4.7,7.2,21.5,88.3,1011.7,1.4849999999999999,,19.2
2025-08-09T21:00:00+05:30,Bangalore (India),13.0270199,77.494094,95,pm25,95,53,7.9,4.8,8,10.4,21,93.8,952.07,0.9433333333333334,,20
2025-08-09T21:00:00+05:30,Chennai (India),13.1278,80.2642,96,pm25,96,66,6.1,0.5,7,,29.743333333333336,64.7,83130.46666666667,1.5166666666666666,10.2,25
2025-08-09T11:00:00-04:00,Boston,42.325184,-71.05608,38,pm25,38,17,8.4,0.5,4.5,29.6,27.2,46.5,1024.8,,,
2025-08-09T10:00:00-04:00,Georgia,33.68797,-84.29048,55,pm25,55,20,1.3,,2.7,20.8,26.8,51.4,1020.7,0.4,5.8,
2025-08-09T09:00:00-07:00,Phoenix,33.403055555556,-112.07527777778,42,pm25,42,29,4.7,,2.3,25.6,35,34,1012.8,2,9.2,17
2025-08-09T09:00:00-06:00,Denver,39.732146,-105.015317,25,pm25,25,20,7.8,0.6,3.6,14.3,23.8889,41.3,1018.2,3,7.3,
2025-08-10T00:00:00+09:00,Daegu,35.8714354,128.601445,38,pm25,38,17,13.2,3.5,4.5,17.8,7.1,71,1016,3.9,,
2025-08-10T01:00:00+09:00,Gyeonggi,37.4112,127.2579,68,pm25,68,28,6.4,2.6,5.6,10.6,22,100,1003,0.5,,22
2025-08-10T00:00:00+09:00,Nagoya,35.1814464,136.906398,53,pm25,53,20,6.5,1.5,3.4,45.6,28.3,75,1005.8,2.8,,
2025-08-10T01:00:00+09:00,Fukuoka,33.5903547,130.4017155,33,o3,25,20,4.7,1.5,3.4,32.8,26,94,1003,2,,
2025-08-10T00:00:00+09:00,Kawasaki,35.5309058,139.7030511,59,pm25,59,24,13,2.9,3.4,42.4,28,74,1006,6.1,,
2025-08-10T00:00:00+08:00,Shenzhen,22.543099,114.057868,59,pm25,59,26,23.4,4.1,5.5,27.7,30.1,83.3,1007.2,3.6,,
2025-08-10T00:00:00+08:00,Zhongshan (Taiwan),25.062361,121.526528,38,pm25,38,14,8,1,2.8,11.4,30,79,1008,1.5,11.8,26
2025-08-10T00:00:00+08:00,Chongqing,29.56301,106.551557,85,pm25,85,58,13.8,3.6,6.4,25.2,32,66,1002,3.6,,
2025-08-10T00:00:00+07:00,Hanoi,21.0491,105.8831,56,pm25,56,39,10,9,2,19,30,84,1005,3.8,,27
2025-08-10T02:00:00+09:00,Seoul,37.566535,126.9779692,55,pm25,55,24,16.1,4.3,6.2,17.7,22.7,83.7,991.9,1.5,,
2025-08-10T01:00:00+08:00,Beijing,39.954592,116.468117,31,o3,25,14,10.6,1.1,4.6,30.9,23,94,1005,0.5,,
2025-08-10T01:00:00+08:00,Shanghai,31.2047372,121.4489017,74,pm25,74,43,30.7,4.6,6.4,18.7,33,62,1002,2.5,,
2025-08-10T01:00:00+09:00,Shinjuku (Tokyo),35.713889,139.705556,55,pm25,55,17,5.6,1.5,2.3,36.1,26.8,81.2,1003.6,1.5,,23.3
2025-08-10T02:00:00+09:00,Osaka,34.6937378,135.5021651,38,pm25,38,15,12.1,1.5,5.6,35.2,28.3,69,1004,1,,
2025-08-09T15:00:00+02:00,Paris,48.856614,2.3522219,66,pm25,66,15,9.8,0.6,0.1,40,26.5,47.4,1023.4,4,,
2025-08-09T19:00:00+02:00,Frankfurt,50.075464,8.576305,49,o3,29,14,,0.5,0.1,49.4,31,37,1018,3,8.7,15
2025-08-09T19:00:00+02:00,Hamburg,53.564486,9.96834,46,o3,38,14,2.3,1.6,0.1,45.5,25,51.5,1017,2.3,10.8,14.5
2025-08-09T20:00:00+03:00,Moscow,55.791842,37.578405,68,pm25,68,10,32,0.3,15.7,4.9,17.2,76.3,1019.4,4,6,
2025-08-10T01:00:00+08:00,Wuhan,30.593099,114.305393,80,pm25,80,36,18.3,2.6,1.9,,29,94,1002,1.5,,
2025-08-09T19:00:00+02:00,Warsaw (Poland),52.225171,21.014783,41,pm25,41,19,35.8,2,0.1,12,27,36,1020,1.5,,11
2025-08-10T02:00:00+09:30,Winnellie (Australia),-12.424323299931126,130.89335024356842,30,pm25,30,11,2.3,0.8,4.7,7.2,21.5,89.3,1011.7,2,,19.2
2025-08-09T22:00:00+05:30,Bangalore (India),13.0270199,77.494094,67,pm25,67,54,8,0.4,8.4,10.5,21,93.8,952.2266666666666,0.94,,20
2025-08-09T22:00:00+05:30,Chennai (India),13.1278,80.2642,95,pm25,95,68,5.4,0.5,6,,29.713333333333335,65.75,83143.09999999999,1.07,10.2,24
2025-08-09T11:00:00-04:00,Georgia,33.68797,-84.29048,52,pm25,52,19,1,,2.5,22.4,27.6,49.8,1020.5,0.8,6,
2025-08-09T10:00:00-07:00,Phoenix,33.403055555556,-112.07527777778,52,pm25,52,36,4.7,,1.2,30.4,37,30,1012.8,3,9.2,17
2025-08-09T10:00:00-06:00,Denver,39.732146,-105.015317,30,pm25,30,23,8.7,0.6,4.4,14.3,25,38,1017.9,5,8.5,
2025-08-10T02:00:00+09:00,Daegu,35.8714354,128.601445,50,pm25,50,17,11.5,3,4.5,12,7.1,71,1016,3.9,,
2025-08-10T02:00:00+09:00,Gyeonggi,37.4112,127.2579,65,pm25,65,29,5.2,2.8,5.5,11.8,21,100,1002.3,1,,21
2025-08-10T01:00:00+09:00,Nagoya,35.1814464,136.906398,61,pm25,61,19,6.5,1.5,2.3,44.8,27.7,77,1005.7,2.4,,
2025-08-10T02:00:00+09:00,Fukuoka,33.5903547,130.4017155,32,o3,21,15,3.8,1.5,2.3,32,26,95.9,1003,2,,
2025-08-10T01:00:00+09:00,Kawasaki,35.5309058,139.7030511,53,pm25,53,12,13,2.9,3.4,41.6,29,76,1006,5.9,,
2025-08-10T01:00:00+08:00,Shenzhen,22.543099,114.057868,59,pm25,59,27,8.3,4.6,5.5,30.1,30,85,1007,2.5,,
2025-08-10T01:00:00+08:00,Zhongshan (Taiwan),25.062361,121.526528,38,pm25,38,10,8.2,2.3,3.3,9.6,30,79,1008,1.5,11.8,26
2025-08-10T01:00:00+08:00,Chongqing,29.56301,106.551557,80,pm25,80,24,15.1,4.1,6.4,19.9,32,66,1001,2.5,,
2025-08-09T19:00:00+03:00,Istanbul (Turkey),41.015278,29.025,46,pm25,46,17,7.3,1.5,14,33.7,25.2,87.1,1012.1,7.7,,22.9
2025-08-10T01:00:00+07:00,Hanoi,21.0491,105.8831,56,pm25,56,36,6,9,2,19,30,86.5,1005.5,4.1,,27.5
2025-08-10T01:00:00+07:00,Bangkok,13.7563309,100.5017651,58,pm25,58,13,1.2,0.6,0.1,4.8,30,9,1008.8,1.5,,
2025-08-10T00:00:00+05:30,Mumbai,19.0863,72.8888,140,pm25,140,79,1.4,14.9,0.8,11.5,27,99.92,1008.14,29.45,11.3,24
2025-08-10T03:00:00+09:00,Seoul,37.566535,126.9779692,65,pm25,65,23,12.7,4.5,6.4,20.1,22,85.7,991.2,1,,
2025-08-10T02:00:00+08:00,Beijing,39.954592,116.468117,25,pm25,25,14,13.8,1.1,5.5,21.2,22,100,1005,0.5,,
2025-08-10T02:00:00+08:00,Shanghai,31.2047372,121.4489017,74,pm25,74,35,18.3,4.1,6.4,14.3,32,66,1002,1.5,,
2025-08-10T02:00:00+09:00,Shinjuku (Tokyo),35.713889,139.705556,46,pm25,46,13,6.5,1.5,2.3,36.1,27.1,68.9,1003.5,2.5,,20.9
2025-08-09T16:00:00+02:00,Paris,48.856614,2.3522219,58,pm25,58,22,10.1,0.6,0.1,38.3,26,49,1023.4,2.3,,
2025-08-09T18:00:00+01:00,London,51.5073509,-0.1277583,25,pm25,25,18,10.6,0.7,1.4,19.7,23.8,41.3,1023.4,6.7,,
2025-08-09T20:00:00+02:00,Frankfurt,50.075464,8.576305,42,o3,30,15,,0.5,0.1,41.6,29,47,1018,2,8.7,16.5
2025-08-09T20:00:00+02:00,Hamburg,53.564486,9.96834,45,o3,38,14,3.7,1.6,0.1,44.7,24,53,1017.5,3,10.8,14
2025-08-09T21:00:00+03:00,Moscow,55.791842,37.578405,68,pm25,68,16,32,0.2,18.1,3.8,17.2,76.3,1019.7,4.3,7.3,
2025-08-10T02:00:00+08:00,Wuhan,30.593099,114.305393,76,pm25,76,32,23.8,2.6,1.9,,28,94,1002,1.5,,
2025-08-09T20:00:00+02:00,Warsaw (Poland),52.225171,21.014783,43,pm25,43,19,37.1,2,0.1,12,24,44,1020,1.5,,11
2025-08-10T04:00:00+09:30,Winnellie (Australia),-12.424323299931126,130.89335024356842,30,pm25,30,9,1.6,1,4.6,6.9,20.5,92.69999999999999,1011,1.595,,18.8
2025-08-10T00:00:00+05:30,Bangalore (India),13.0270199,77.494094,59,pm25,59,53,7.7,2.7,5.5,10.6,21,93.8,952.2225,0.9624999999999999,,20
2025-08-10T00:00:00+05:30,Chennai (India),13.1278,80.2642,999,pm10,67,999,5.4,1.6,5.7,,29.532500000000002,66.41,83147.6,1.8275000000000001,10.2,25
2025-08-09T13:00:00-04:00,Boston,42.325184,-71.05608,28,o3,25,13,3.8,0.5,2.3,28.1,26.1,39.3,1023.5,,,
2025-08-09T12:00:00-04:00,Georgia,33.68797,-84.29048,46,pm25,46,18,0.7,,3.4,23.3,28.7,47,1019.9,0.4,4.8,
2025-08-09T11:00:00-07:00,Phoenix,33.403055555556,-112.07527777778,46,pm25,46,29,4.7,,1.2,32,38,25,1012.1,3,9.2,15
2025-08-09T11:00:00-06:00,Denver,39.732146,-105.015317,30,pm25,30,23,10.6,0.6,5.1,15.9,26.6667,35,1017.4,5,9,
2025-08-10T03:00:00+09:00,Daegu,35.8714354,128.601445,50,pm25,50,16,9.9,3.2,4.5,12.5,7.1,71,1016,3.9,,
2025-08-10T03:00:00+09:00,Gyeonggi,37.4112,127.2579,46,pm25,46,25,4.3,2.6,5,13.9,22,94,1002.3,0.5,,21
2025-08-10T02:00:00+09:00,Nagoya,35.1814464,136.906398,55,pm25,55,20,5.6,1.5,2.3,40.8,27.7,79,1005.3,3.7,,
2025-08-10T03:00:00+09:00,Fukuoka,33.5903547,130.4017155,32,o3,17,18,3.8,1.5,3.4,32,26,94,1003,0.7,,
2025-08-10T02:00:00+09:00,Kawasaki,35.5309058,139.7030511,46,pm25,46,20,10.2,1.5,3.4,41.6,28,76,1005.5,6.1,,
2025-08-10T02:00:00+08:00,Shenzhen,22.543099,114.057868,55,pm25,55,28,8.7,4.1,4.6,30.1,29.4,92.1,1006.1,2.5,,
2025-08-10T02:00:00+08:00,Zhongshan (Taiwan),25.062361,121.526528,46,pm25,46,14,7.9,2.8,2.5,8.3,30,74,1007,2.5,11.8,25
2025-08-10T02:00:00+08:00,Chongqing,29.56301,106.551557,80,pm25,80,28,11,3.1,6.4,22.4,31,70,1001,3.6,,
2025-08-09T21:00:00+03:00,Istanbul (Turkey),41.015278,29.025,45,pm25,45,18,7.9,1.5,14.1,39.3,24.9,87.1,1012.6,6.1,,22.6
2025-08-10T02:00:00+07:00,Bangkok,13.7563309,100.5017651,48,pm25,48,22,0.6,0.6,0.1,4.8,29.2,66.8,1008.5,1.5,,
2025-08-10T04:00:00+09:00,Seoul,37.566535,126.9779692,53,pm25,53,23,11.8,4.5,5.6,19.3,22,85.7,991.2,1,,
2025-08-10T03:00:00+08:00,Beijing,39.954592,116.468117,34,pm25,34,19,28.8,1.1,6.4,0.5,22,100,1005,0.5,,
2025-08-10T03:00:00+08:00,Shanghai,31.2047372,121.4489017,63,pm25,63,34,17,6.1,6.4,11.4,32,66,1001,2.5,,
2025-08-10T03:00:00+09:00,Shinjuku (Tokyo),35.713889,139.705556,46,pm25,46,12,4.7,1.5,2.3,36.8,27.1,68.9,1003.5,2.5,,20.9
2025-08-10T03:00:00+09:00,Osaka,34.6937378,135.5021651,61,pm25,61,37,8.4,5.8,2.3,31.2,29,69,1004,1.3,,
2025-08-09T17:00:00+02:00,Paris,48.856614,2.3522219,56,pm25,56,25,11.4,0.6,0.1,36.9,25.1,50.1,1024,7.1,,
2025-08-09T21:00:00+02:00,Frankfurt,50.075464,8.576305,36,pm25,36,18,,0.5,0.1,29.5,26,55.5,1018.5,2.8,8.7,16.5
2025-08-09T21:00:00+02:00,Hamburg,53.564486,9.96834,42,o3,42,14,4.6,1.6,0.1,42.3,22,66.5,1018.5,4.6,10.8,15.5
2025-08-10T03:00:00+08:00,Wuhan,30.593099,114.305393,55,pm25,55,24,7.4,2.1,1.9,,28,100,1002,1.5,,
2025-08-09T13:00:00-04:00,Georgia,33.68797,-84.29048,38,pm25,38,15,0.5,,2.4,20.8,29.1,46.2,1020.8,0.2,5,
2025-08-09T12:00:00-07:00,Phoenix,33.403055555556,-112.07527777778,44,pm25,44,24,4.7,,1.2,32,39,24,1011.5,5.1,8.7,15
2025-08-09T12:00:00-06:00,Denver,39.732146,-105.015317,30,pm25,30,21,11.5,0.6,4.9,19.5,27.2222,33.5,1016.8,6,10,
2025-08-10T03:00:00+09:00,Nagoya,35.1814464,136.906398,53,pm25,53,20,5.6,1.5,2.3,38.4,27.2,81,1004.8,2.8,,
2025-08-10T04:00:00+09:00,Fukuoka,33.5903547,130.4017155,30,o3,21,11,3.8,1.5,3.4,29.6,25.8,100,1002,3,,
2025-08-10T03:00:00+09:00,Kawasaki,35.5309058,139.7030511,53,pm25,53,32,12.1,1.5,2.3,40,28,78,1005,4.1,,
2025-08-10T03:00:00+08:00,Shenzhen,22.543099,114.057868,53,pm25,53,26,12.8,5.1,4.6,28.5,30,85,1006,2.5,,
2025-08-10T03:00:00+08:00,Zhongshan (Taiwan),25.062361,121.526528,46,pm25,46,11,7.4,1.8,2.2,8,30,79,1007,1.5,11.8,26
2025-08-10T03:00:00+08:00,Chongqing,29.56301,106.551557,82,pm25,82,28,14.7,4.1,7.3,17.1,31,70,1001,3.6,,
2025-08-09T22:00:00+03:00,Istanbul (Turkey),41.015278,29.025,47,pm25,47,18,6.4,1.5,14.3,39.3,25,92,1012.8,4.1,,23.6
2025-08-10T03:00:00+07:00,Hanoi,21.0491,105.8831,52,pm25,52,33,7,9,2,18,30,89,1004.5,4.3,,28
2025-08-10T03:00:00+07:00,Bangkok,13.7563309,100.5017651,37,pm25,37,10,0.6,0.6,0.1,4.8,28.9,9.8,1008.5,1.5,,
2025-08-10T02:00:00+05:30,Delhi,28.6341,77.2005,142,pm25,142,62,5.1,4.9,9.1,13.8,21.174999999999997,95.67500000000001,986.575,0.32499999999999996,10.2,25
2025-08-10T01:00:00+05:30,Mumbai,19.0863,72.8888,85,pm25,85,50,1.4,14.9,0.9,11.6,27,99.92,1007.28,45.084999999999994,11.3,25
2025-08-10T05:00:00+09:00,Seoul,37.566535,126.9779692,53,pm25,53,24,10.9,4.8,5,20.8,21.2,82.5,991.2,1,,
2025-08-10T04:00:00+08:00,Beijing,39.954592,116.468117,34,pm25,34,19,23.8,1.1,6.4,0.9,22,100,1005,0.5,,
2025-08-10T04:00:00+08:00,Shanghai,31.2047372,121.4489017,68,pm25,68,35,16.5,4.6,6.4,9,32,66,1002,2.5,,
2025-08-10T04:00:00+09:00,Shinjuku (Tokyo),35.713889,139.705556,46,pm25,46,11,4.7,1.5,2.3,36.8,27.3,74.2,1003.2,3.6,,22.3
2025-08-10T04:00:00+09:00,Osaka,34.6937378,135.5021651,53,pm25,53,40,13,7.2,2.3,24.8,30,78,1004,3.9,,
2025-08-09T18:00:00+02:00,Paris,48.856614,2.3522219,59,pm25,59,25,9.7,0.6,0.1,34.9,23.4,50.5,1024.9,6.1,,
2025-08-09T19:00:00+01:00,London,51.5073509,-0.1277583,30,pm25,30,18,6.4,0.7,1.8,20.3,22,45.4,1024.4,4.2,,
2025-08-09T22:00:00+02:00,Frankfurt,50.075464,8.576305,49,pm25,49,19,,0.5,0.1,42.4,26.5,54,1019.5,4.8,10.8,16.5
2025-08-09T22:00:00+02:00,Hamburg,53.564486,9.96834,42,pm25,42,15,4.2,1.6,0.1,39.4,19.5,77,1019,4.3,10.8,15.5
2025-08-09T23:00:00+03:00,Moscow,55.791842,37.578405,65,pm25,65,19,29.3,0.2,13,3.5,16.1,82,1019.6,4.5,6.5,
2025-08-10T04:00:00+08:00,Wuhan,30.593099,114.305393,46,pm25,46,17,10.1,2.1,8.2,,28,94,1002,2.5,,
2025-08-09T22:00:00+02:00,Warsaw (Poland),52.225171,21.014783,56,pm25,56,30,58.1,2,0.1,12,20,60,1020,1.5,,12
2025-08-10T05:00:00+09:30,Winnellie (Australia),-12.424323299931126,130.89335024356842,16,pm25,16,6,1.7,1.2,4.6,5.6,20.1,95.19999999999999,1011.1,2.005,,19.1
2025-08-10T01:00:00+05:30,Bangalore (India),13.0270199,77.494094,51,pm10,45,51,8,2.2,5.2,10.6,21,93.8,952,0.9433333333333334,,20
2025-08-10T01:00:00+05:30,Chennai (India),13.1278,80.2642,88,pm25,88,58,4.5,1.3,5,,29.376666666666665,65.34000000000002,83075.36666666665,1.1666666666666667,10.2,24
2025-08-09T14:00:00-04:00,Boston,42.325184,-71.05608,28,o3,23,12,3.8,0.5,2.3,28.1,25,51.3,1022.3,,,
2025-08-09T14:00:00-04:00,Georgia,33.68797,-84.29048,41,pm25,41,16,0.5,,2.6,21.6,29.3,45.5,1020.4,0.2,4.8,
2025-08-09T13:00:00-07:00,Phoenix,33.403055555556,-112.07527777778,33,o3,27,20,4.7,,1.2,32.8,39,24,1010.4,6.1,8.7,15
2025-08-09T13:00:00-06:00,Denver,39.732146,-105.015317,34,pm25,34,23,10.6,0.6,3.9,21.6,28.8889,28.5,1016.1,6,11,
2025-08-10T05:00:00+09:00,Daegu,35.8714354,128.601445,42,pm25,42,15,8.2,3.2,4.3,12.8,7.1,71,1016,3.9,,
2025-08-10T05:00:00+09:00,Gyeonggi,37.4112,127.2579,53,pm25,53,25,3.6,2.6,5.6,13.2,20,100,1002.3,0.5,,20
2025-08-10T04:00:00+09:00,Nagoya,35.1814464,136.906398,50,pm25,50,20,4.7,1.5,2.3,37.6,26.6,82,1005,3.5,,
2025-08-10T05:00:00+09:00,Fukuoka,33.5903547,130.4017155,28,o3,13,6,2.8,1.5,3.4,28.1,26,95.9,1001,1.5,,
2025-08-10T04:00:00+09:00,Kawasaki,35.5309058,139.7030511,55,pm25,55,32,9.3,1.5,2.3,38.4,28,83,1005,5.1,,
2025-08-10T04:00:00+08:00,Shenzhen,22.543099,114.057868,42,pm25,42,27,11,4.1,4.6,24.4,29.4,88,1006.1,1.5,,
2025-08-10T04:00:00+08:00,Zhongshan (Taiwan),25.062361,121.526528,42,pm25,42,11,7.3,1.6,2,7.6,30,74,1007,2,11.8,25
2025-08-10T04:00:00+08:00,Chongqing,29.56301,106.551557,78,pm25,78,31,14.7,4.1,6.4,15.5,31,70,1001,2.5,,
2025-08-09T23:00:00+03:00,Istanbul (Turkey),41.015278,29.025,48,pm25,48,18,6.4,1.5,14.6,42,25,92,1012.8,4.1,,23.6
2025-08-10T04:00:00+07:00,Bangkok,13.7563309,100.5017651,55,pm25,55,24,0.6,0.6,0.1,4.8,28.9,9.9,1008.5,1.5,,
2025-08-10T02:00:00+05:30,Mumbai,19.0863,72.8888,83,pm25,83,48,1.5,14.8,1,11.4,27,99.92,1006.905,45.24,11.3,25
2025-08-10T06:00:00+09:00,Seoul,37.566535,126.9779692,46,pm25,46,21,12,4.5,4.8,17.6,21.2,82.5,991.2,1,,
2025-08-10T05:00:00+08:00,Beijing,39.954592,116.468117,38,pm25,38,20,20.2,1.1,5.5,0.9,21,100,1005,0.5,,
2025-08-10T05:00:00+08:00,Shanghai,31.2047372,121.4489017,68,pm25,68,33,14.2,4.1,6.4,8.2,32,66,1002,2.5,,
2025-08-10T05:00:00+09:00,Shinjuku (Tokyo),35.713889,139.705556,42,pm25,42,18,4.7,4.3,3.4,39.2,26.7,82.1,1002.9,1.5,,23.4
2025-08-10T06:00:00+09:00,Osaka,34.6937378,135.5021651,57,pm25,57,33,9.3,7.2,0.1,14.5,29.5,83,1004,2,,
2025-08-09T19:00:00+02:00,Paris,48.856614,2.3522219,46,pm25,46,16,9.2,0.6,0.1,30.9,20.1,62.3,1026.7,5.3,,
2025-08-09T20:00:00+01:00,London,51.5073509,-0.1277583,28,pm25,28,16,8.8,0.6,1.9,19.5,22,46.1,1024.6,4.5,,
2025-08-09T23:00:00+02:00,Frankfurt,50.075464,8.576305,55,pm25,55,28,,0.5,0.1,30.4,24.5,57,1020,4.8,11.3,15.5
2025-08-09T23:00:00+02:00,Hamburg,53.564486,9.96834,42,pm25,42,15,3.7,1.6,0.1,37.8,18,82,1020,3.3,10.8,15
2025-08-10T00:00:00+03:00,Moscow,55.791842,37.578405,61,pm25,61,9,28.4,0.2,10.3,4.6,16.1,80,1019.6,4,5.5,
2025-08-10T05:00:00+08:00,Wuhan,30.593099,114.305393,42,pm25,42,15,10.6,2.1,6.4,,27,100,1002,1.5,,
2025-08-10T06:00:00+09:30,Winnellie (Australia),-12.424323299931126,130.89335024356842,30,pm25,30,9,1.7,1.1,4.8,7,20.1,97,1011.5,3.29,,19.4
2025-08-10T02:00:00+05:30,Bangalore (India),13.0270199,77.494094,69,pm25,69,51,7.9,1.2,6.9,10.4,21,93.8,951.8066666666667,0.9633333333333333,,20
2025-08-10T02:00:00+05:30,Chennai (India),13.1278,80.2642,76,pm25,76,46,3.4,1.5,5.3,,29.350000000000005,68.14666666666666,83033.53333333334,1.2866666666666668,10.2,24
2025-08-09T15:00:00-04:00,Georgia,33.68797,-84.29048,40,pm25,40,16,0.5,,2.3,21.6,30.3,42.2,1020,0.2,7.2,
2025-08-09T14:00:00-07:00,Phoenix,33.403055555556,-112.07527777778,39,pm25,39,22,4.7,,1.2,35.2,42,20,1009.4,4.6,8.7,15
2025-08-09T14:00:00-06:00,Denver,39.732146,-105.015317,42,pm25,42,22,8.7,0.6,4.2,23.6,30,24,1015.6,6,8,
2025-08-10T05:00:00+09:00,Nagoya,35.1814464,136.906398,55,pm25,55,18,5.6,1.5,2.3,33.6,26.6,84,1005,3.2,,
2025-08-10T06:00:00+09:00,Fukuoka,33.5903547,130.4017155,26,o3,17,13,4.7,1.5,2.3,25.6,27,94,1002,2.5,,
2025-08-10T05:00:00+09:00,Kawasaki,35.5309058,139.7030511,53,pm25,53,16,7.5,1.5,2.3,38.4,29,70,1006,6.6,,
2025-08-10T05:00:00+08:00,Shenzhen,22.543099,114.057868,38,pm25,38,26,8.3,3.6,3.7,21.2,29.2,97.7,1006.4,1.5,,
2025-08-10T05:00:00+08:00,Zhongshan (Taiwan),25.062361,121.526528,34,pm25,34,19,7.3,1.3,2,6.2,30,74,1007,1.5,11.8,25
2025-08-10T05:00:00+08:00,Chongqing,29.56301,106.551557,74,pm25,74,36,12.4,4.1,6.4,15.5,31,70,1001,2.5,,
2025-08-10T00:00:00+03:00,Istanbul (Turkey),41.015278,29.025,50,pm25,50,19,6.4,1.5,14.9,42.8,24.8,88.7,1013,4.6,,22.8
2025-08-10T05:00:00+07:00,Hanoi,21.0491,105.8831,62,pm25,62,40,8,9,3,24,29,94,1005,3,,28
2025-08-10T05:00:00+07:00,Bangkok,13.7563309,100.5017651,50,pm25,50,15,0.6,0.6,0.1,4.8,28.5,92,1008.1,0.5,,
2025-08-10T04:00:00+05:30,Delhi,28.6341,77.2005,93,pm25,93,51,7.3,7.3,7.9,4.3,21.133333333333336,95.80000000000001,986.5666666666666,0.3,10.2,25
2025-08-10T04:00:00+05:30,Mumbai,19.0863,72.8888,84,pm25,84,49,1.4,14.7,0.8,11.7,26,99.92,1006.585,43.599999999999994,11.3,25
2025-08-10T07:00:00+09:00,Seoul,37.566535,126.9779692,46,pm25,46,22,12.8,4.2,4.8,16.4,21,84.6,991.7,1.5,,
2025-08-10T06:00:00+08:00,Beijing,39.954592,116.468117,38,pm25,38,20,18.3,1.1,5.5,0.9,22,94,1006,2.5,,
2025-08-10T06:00:00+09:00,Shinjuku (Tokyo),35.713889,139.705556,50,pm25,50,14,5.6,1.5,3.4,33.6,27.3,77.9,1003.5,4.1,,23.1
2025-08-10T07:00:00+09:00,Osaka,34.6937378,135.5021651,57,pm25,57,35,9.3,4.3,0.1,12.1,30,79,1004,3.6,,
2025-08-09T20:00:00+02:00,Paris,48.856614,2.3522219,38,pm25,38,16,8.5,0.6,0.1,29,19.4,60.5,1026.9,6.5,,
2025-08-09T21:00:00+01:00,London,51.5073509,-0.1277583,32,pm25,32,16,13.9,0.6,1.9,19.1,20.7,51.5,1025.2,4,,
2025-08-10T00:00:00+02:00,Frankfurt,50.075464,8.576305,59,pm25,59,39,,0.5,0.1,17.8,23.5,53,1021,4.1,11.3,13.5
2025-08-10T00:00:00+02:00,Hamburg,53.564486,9.96834,46,pm25,46,15,3.7,1.6,0.1,35,17.5,85,1020.5,3.6,10.8,15
2025-08-10T01:00:00+03:00,Moscow,55.791842,37.578405,61,pm25,61,10,27.9,0.2,7,4.3,15.8,80.2,1019.6,4,5,
2025-08-10T00:00:00+02:00,Warsaw (Poland),52.225171,21.014783,56,pm25,56,29,50.4,2,0.1,12,18,67,1020,1.5,,12
2025-08-10T07:00:00+09:30,Winnellie (Australia),-12.424323299931126,130.89335024356842,37,pm25,37,10,1.8,1,4.6,7.1,20.3,96.69999999999999,1011.6,3.9,,19.8
2025-08-10T03:00:00+05:30,Bangalore (India),13.0270199,77.494094,51,pm10,45,51,7.8,4.6,7.4,10.7,21,93.8,951.75,0.9466666666666667,,20
2025-08-10T03:00:00+05:30,Chennai (India),13.1278,80.2642,51,pm25,51,24,3.1,1.3,4.1,,29.533333333333335,66.12333333333333,83009.90000000001,1.6233333333333333,10.2,24
2025-08-09T15:00:00-04:00,Boston,42.325184,-71.05608,28,o3,28,13,3.8,0.5,2.3,28.1,25,56.3,1022.2,,,
2025-08-09T16:00:00-04:00,Georgia,33.68797,-84.29048,38,pm25,38,14,0.5,,2.3,21.6,29.4,45,1019.3,0.2,2,
2025-08-09T15:00:00-07:00,Phoenix,33.403055555556,-112.07527777778,52,pm25,52,28,4.7,,1.2,37.6,42,18,1008.4,4.6,10.8,13
2025-08-09T15:00:00-06:00,Denver,39.732146,-105.015317,46,pm25,46,22,7.4,0.6,3.5,23.2,30.5556,22.6,1015.2,6,10.3,
2025-08-10T07:00:00+09:00,Daegu,35.8714354,128.601445,42,pm25,42,6,7,3.3,4,27.5,7.1,71,1016,3.9,,
2025-08-10T07:00:00+09:00,Gyeonggi,37.4112,127.2579,50,pm25,50,26,4.2,2.6,4.7,15.2,22,94,1002.7,0.5,,21
2025-08-10T06:00:00+09:00,Nagoya,35.1814464,136.906398,31,o3,30,14,5.6,1.5,3.4,31.2,27.2,83,1005.3,2.4,,
2025-08-10T07:00:00+09:00,Fukuoka,33.5903547,130.4017155,38,pm25,38,24,4.7,1.5,2.3,25.6,28,88,1002,4.6,,
2025-08-10T06:00:00+09:00,Kawasaki,35.5309058,139.7030511,42,pm25,42,14,10.2,1.5,2.3,36.1,28.5,77,1005,5.9,,
2025-08-10T06:00:00+08:00,Zhongshan (Taiwan),25.062361,121.526528,53,pm25,53,9,7.6,1,2.5,5.2,29,83,1007,1,11.8,26
2025-08-10T06:00:00+08:00,Chongqing,29.56301,106.551557,85,pm25,85,37,10.1,3.6,6.4,16.7,30,74,1001,2.5,,
2025-08-10T06:00:00+07:00,Hanoi,21.0491,105.8831,78,pm25,78,47,7,10,6,32,29,94,1005,3,,28
2025-08-10T06:00:00+07:00,Bangkok,13.7563309,100.5017651,45,pm25,45,17,0.6,0.6,0.1,4.8,28.5,92,1008.1,0.5,,
2025-08-10T08:00:00+09:00,Seoul,37.566535,126.9779692,30,pm25,30,21,13.1,4.5,4.9,24.1,23.3,80.7,992.2,0.5,,
2025-08-10T07:00:00+08:00,Beijing,39.954592,116.468117,30,pm25,30,18,11.5,1.6,4.6,5.3,24,88,1007,1.5,,
2025-08-10T07:00:00+08:00,Shanghai,31.2047372,121.4489017,61,pm25,61,33,11.9,4.6,5.5,7.4,32,66,1002,3.6,,
2025-08-10T07:00:00+09:00,Shinjuku (Tokyo),35.713889,139.705556,38,pm25,38,12,4.7,1.5,2.3,36.8,27.2,77.9,1003.3,2.5,,23
2025-08-10T08:00:00+09:00,Osaka,34.6937378,135.5021651,59,pm25,59,36,6.5,7.2,0.1,12.1,30.6,65.1,994.9,3.6,,
2025-08-09T21:00:00+02:00,Paris,48.856614,2.3522219,48,pm25,48,23,7.2,0.6,0.1,27.6,19,60.6,1027,5,,
2025-08-09T22:00:00+01:00,London,51.5073509,-0.1277583,30,pm25,30,17,12.3,0.6,1.9,18.3,19.6,56.2,1025.9,3.6,,
2025-08-10T01:00:00+02:00,Hamburg,53.564486,9.96834,46,pm25,46,15,3.7,1.6,0.1,35,16.5,84.5,1021,2.3,10.8,14
2025-08-10T07:00:00+08:00,Wuhan,30.593099,114.305393,38,pm25,38,15,6.4,6.6,2.8,,27,100,1003,1.5,,
2025-08-10T01:00:00+02:00,Warsaw (Poland),52.225171,21.014783,61,pm25,61,31,49.5,2,0.1,12,17,72,1020,1.5,,12
2025-08-10T08:00:00+09:30,Winnellie (Australia),-12.424323299931126,130.89335024356842,32,pm25,32,10,2.3,1,4.6,8,21.3,86.5,1012.2,4.085,,20.8
2025-08-10T04:00:00+05:30,Bangalore (India),13.0270199,77.494094,61,pm25,61,52,8.4,2.9,6.5,10.5,21,93.8,951.7266666666668,0.9466666666666667,,20
2025-08-10T04:00:00+05:30,Chennai (India),13.1278,80.2642,40,pm25,40,20,2.6,1.3,2.8,,29.59,66.83999999999999,82999.53333333334,1.2033333333333334,10.2,24
2025-08-09T18:00:00-04:00,Boston,42.325184,-71.05608,28,pm25,28,12,4.7,0.5,2.3,26.4,23.8,65.5,1022.7,,,
2025-08-09T17:00:00-04:00,Georgia,33.68797,-84.29048,38,pm25,38,14,0.5,,2.5,20,28.3,48,1019.4,0.2,1.5,
2025-08-09T16:00:00-07:00,Phoenix,33.403055555556,-112.07527777778,44,pm25,44,28,4.7,,1.2,39.2,43,17,1007.1,4.6,9.2,13
2025-08-09T16:00:00-06:00,Denver,39.732146,-105.015317,38,pm25,38,20,7.8,0.6,4.2,23.2,31.1111,25,1015.4,7,11,
2025-08-10T08:00:00+09:00,Daegu,35.8714354,128.601445,34,o3,30,10,7.7,3.3,3.9,33.7,7.1,71,1016,3.9,,
2025-08-10T08:00:00+09:00,Gyeonggi,37.4112,127.2579,53,pm25,53,22,4.3,2.6,4.8,16.1,24,83,1003.3,0.5,,21
2025-08-10T07:00:00+09:00,Nagoya,35.1814464,136.906398,34,pm25,34,15,6.5,1.5,1.2,28.9,27.2,85,1005.5,2.7,,
2025-08-10T08:00:00+09:00,Fukuoka,33.5903547,130.4017155,34,pm25,34,25,3.8,1.5,2.3,24.8,28.3,94,1002,5.1,,
2025-08-10T07:00:00+09:00,Kawasaki,35.5309058,139.7030511,38,pm25,38,14,12.1,1.5,3.4,32.8,28,78,1006,7.7,,
2025-08-10T07:00:00+08:00,Shenzhen,22.543099,114.057868,50,pm25,50,39,13.3,4.1,6.4,16.3,29.4,86.2,1007,1,,
2025-08-10T07:00:00+08:00,Zhongshan (Taiwan),25.062361,121.526528,42,pm25,42,10,7.9,1.3,3.3,5.7,31,74,1008,2,11.8,26
2025-08-10T07:00:00+08:00,Chongqing,29.56301,106.551557,80,pm25,80,38,9.2,4.1,6.4,18.7,30,74,1002,2.5,,
2025-08-10T01:00:00+03:00,Istanbul (Turkey),41.015278,29.025,53,pm25,53,20,8.9,1.6,15.2,44.1,24.7,90.8,1012.7,5.6,,23.1
2025-08-10T09:00:00+07:00,Hanoi,21.0491,105.8831,69,pm25,69,50,25,10,5,24,32,79,1006,3.6,,28
2025-08-10T09:00:00+07:00,Bangkok,13.7563309,100.5017651,32,pm25,32,31,0.6,0.6,0.1,4.8,29.3,8.8,1009.5,2.5,,
2025-08-10T08:00:00+05:30,Delhi,28.6341,77.2005,89,pm25,89,56,5.3,9.2,4.6,20,22.333333333333332,95.36666666666667,986.6,0.20000000000000004,10.2,25
2025-08-10T08:00:00+05:30,Mumbai,19.0863,72.8888,80,pm25,80,45,1.4,14.8,0.7,11.7,26,99.92,1007.2833333333334,43.86333333333334,11.3,25
2025-08-10T11:00:00+09:00,Seoul,37.566535,126.9779692,51,o3,50,24,8.7,4.5,4.5,51.2,28.2,63.8,991.6,1.5,,
2025-08-10T10:00:00+08:00,Beijing,39.954592,116.468117,50,pm25,50,30,7.4,2.1,5.5,32.9,30,66,1007,0.5,,
2025-08-10T10:00:00+08:00,Shanghai,31.2047372,121.4489017,70,pm25,70,35,10.1,4.6,5.5,7.4,33,66,1004,3.6,,
2025-08-10T10:00:00+09:00,Shinjuku (Tokyo),35.713889,139.705556,34,pm25,34,11,4.7,1.5,1.2,36.8,25.3,98.2,1003.5,4.6,,25
2025-08-10T11:00:00+09:00,Osaka,34.6937378,135.5021651,59,pm25,59,30,8.4,5.8,0.1,15.2,30.9,74,1004,6.6,,
2025-08-10T00:00:00+02:00,Paris,48.856614,2.3522219,37,pm25,37,6,5.1,0.6,0.1,25.4,16.6,70.5,1027.8,3.8,,
2025-08-10T01:00:00+01:00,London,51.5073509,-0.1277583,39,pm25,39,14,6.1,0.6,1.7,20.4,16.1,72.1,1027.3,1,,
2025-08-10T04:00:00+02:00,Frankfurt,50.075464,8.576305,44,pm25,44,20,,0.5,0.1,14.5,19.5,61.5,1023.5,2,11.3,12
2025-08-10T04:00:00+02:00,Hamburg,53.564486,9.96834,22,o3,46,16,4.2,1.6,0.1,21.6,15,87,1022,2.5,10.8,13
2025-08-10T04:00:00+03:00,Moscow,55.791842,37.578405,53,pm25,53,12,17.4,0.1,4.3,3.8,15,85,1019.4,2.5,4.5,
2025-08-10T10:00:00+08:00,Wuhan,30.593099,114.305393,46,pm25,46,17,4.2,3.6,6.4,,30,84,1004,2.5,,
2025-08-10T04:00:00+02:00,Warsaw (Poland),52.225171,21.014783,64,pm25,64,29,33,2,0.1,12,15,82,1019,2,,12
2025-08-10T11:00:00+09:30,Winnellie (Australia),-12.424323299931126,130.89335024356842,27,pm25,27,11,1.2,1.1,4.2,12.8,27.9,30.3,1013,11.84,,11
2025-08-10T08:00:00+05:30,Bangalore (India),13.0270199,77.494094,83,pm25,83,51,8.3,1.8,6.9,10.4,21,93.52499999999999,951.9875,0.9450000000000001,,20
2025-08-10T08:00:00+05:30,Chennai (India),13.1278,80.2642,65,pm25,65,65,3.7,1.1,4.2,,29.357499999999998,69.1375,83139.82499999998,1.4625,10.2,25
2025-08-09T20:00:00-04:00,Boston,42.325184,-71.05608,28,pm25,28,13,6.5,0.6,3.4,19.2,23.3,71,1023.7,,,
2025-08-09T20:00:00-04:00,Georgia,33.68797,-84.29048,47,pm25,47,18,3.5,,3.4,13.6,25,56,1019.6,0.2,1.2,
2025-08-09T19:00:00-07:00,Phoenix,33.403055555556,-112.07527777778,38,o3,18,20,4.7,,1.2,38.4,42,15,1005.4,6.1,10.2,11
2025-08-09T19:00:00-06:00,Denver,39.732146,-105.015317,43,pm10,42,43,1.9,0.6,1.8,19.5,26.1111,52.6,1018.3,11,17.3,
2025-08-10T11:00:00+09:00,Daegu,35.8714354,128.601445,42,o3,25,11,6.7,3.3,3.9,42,7.1,71,1016,3.9,,
2025-08-10T10:00:00+09:00,Gyeonggi,37.4112,127.2579,46,pm25,46,16,3.6,2.6,3.9,35.2,29,58,1002.7,2,,20
2025-08-10T10:00:00+09:00,Nagoya,35.1814464,136.906398,38,pm25,38,17,7.5,1.5,1.2,14.5,29,87.9,1005.4,5,,
2025-08-10T11:00:00+09:00,Fukuoka,33.5903547,130.4017155,46,pm25,46,24,7.5,1.5,3.4,25.6,28.5,83,1002.3,5.4,,
2025-08-10T10:00:00+09:00,Kawasaki,35.5309058,139.7030511,34,pm25,34,22,7.5,1.5,2.3,15.2,27,98,1006,7.4,,
2025-08-10T09:00:00+08:00,Shenzhen,22.543099,114.057868,21,pm10,13,21,8.7,4.1,6.4,15.5,30.5,85.5,1008,2,,
2025-08-10T10:00:00+08:00,Zhongshan (Taiwan),25.062361,121.526528,34,pm25,34,10,7.9,1.2,2.6,18.8,33.5,73,1009,3.6,11.8,28
2025-08-10T10:00:00+08:00,Chongqing,29.56301,106.551557,76,pm25,76,33,6.4,4.1,6.4,32.5,34,59,1003,1.5,,
2025-08-10T05:00:00+03:00,Istanbul (Turkey),41.015278,29.025,52,pm25,52,20,2.8,1.7,15.8,35,24.3,93,1011.8,3,,23.1
2025-08-10T10:00:00+07:00,Hanoi,21.0491,105.8831,69,pm25,69,50,21,11,6,18,32,79,1006,3.8,,28
2025-08-10T10:00:00+07:00,Bangkok,13.7563309,100.5017651,43,pm25,43,23,0.6,0.6,0.1,4.8,31.3,8.9,1009.3,2.5,,
2025-08-10T09:00:00+05:30,Delhi,28.6341,77.2005,114,pm25,114,65,4.1,9.1,4.3,19.5,27.35,87.5,986.7,0.65,10.2,25.5
2025-08-10T09:00:00+05:30,Mumbai,19.0863,72.8888,85,pm25,85,50,1.3,14.8,0.7,11.7,27.5,99.92,1008.2,44.24,11.3,25.5
2025-08-10T12:00:00+09:00,Seoul,37.566535,126.9779692,60,o3,42,23,8,4.8,4.3,59.5,29.7,62.6,991.1,2,,
2025-08-10T11:00:00+08:00,Beijing,39.954592,116.468117,51,o3,50,29,7.4,2.1,5.5,51.3,31,62,1007,0.5,,
2025-08-10T11:00:00+08:00,Shanghai,31.2047372,121.4489017,72,pm25,72,35,8.7,4.1,5.5,7.4,35,56,1004,2.5,,
2025-08-10T12:00:00+09:00,Shinjuku (Tokyo),35.713889,139.705556,30,pm25,30,13,5.6,1.5,1.2,36.8,27.2,89,1006.1,0.2,0.7,
2025-08-10T13:00:00+09:00,Osaka,34.6937378,135.5021651,55,pm25,55,46,9.3,5.8,0.1,16,30,79,1004,8.2,,
2025-08-10T03:00:00+02:00,Paris,48.856614,2.3522219,26,o3,23,10,7.1,0.6,0.1,25.8,15.6,77.7,1027.8,0.1,,
2025-08-10T03:00:00+01:00,London,51.5073509,-0.1277583,30,pm25,30,18,6.9,0.6,1.9,12.6,13,81.5,1027.8,0.1,,
2025-08-10T05:00:00+02:00,Frankfurt,50.075464,8.576305,37,pm25,37,14,,0.5,0.1,15.2,18,67,1024,2.3,11.3,12
2025-08-10T06:00:00+02:00,Hamburg,53.564486,9.96834,42,pm25,42,15,8.3,1.6,0.1,15.5,14,87,1022.5,2.5,10.8,12
2025-08-10T06:00:00+03:00,Moscow,55.791842,37.578405,55,pm25,55,12,15.1,0.3,3.7,5.2,15,86.7,1019.7,2.7,5,
2025-08-10T11:00:00+08:00,Wuhan,30.593099,114.305393,38,pm25,38,13,5.1,4.1,12.7,,29,88,1004,0.5,,
2025-08-10T05:00:00+02:00,Warsaw (Poland),52.225171,21.014783,65,pm25,65,28,19.7,2,0.1,12,15,87,1018,3,,13
2025-08-10T13:00:00+09:30,Winnellie (Australia),-12.424323299931126,130.89335024356842,12,o3,6,9,0.9,1.2,3.5,11.8,29.4,21,1011.9,10.61,,8.5
2025-08-10T09:00:00+05:30,Bangalore (India),13.0270199,77.494094,57,pm25,57,51,8.5,0.6,5.9,10.7,24,93.8,952.19,0.915,,22
2025-08-10T09:00:00+05:30,Chennai (India),13.1278,80.2642,64,pm10,60,64,2.9,1.1,4.3,,29.325,66.81,83174.55,1.815,10.2,24
2025-08-09T21:00:00-04:00,Boston,42.325184,-71.05608,28,pm25,28,11,5.6,0.5,3.4,21.6,21.8,73.6,1023.7,,,
2025-08-09T21:00:00-04:00,Georgia,33.68797,-84.29048,50,pm25,50,20,3.1,,2.9,13.6,24.4,58,1019.6,0.2,1,
2025-08-09T20:00:00-07:00,Phoenix,33.403055555556,-112.07527777778,36,pm25,36,25,4.7,,2.3,34.4,41,16,1005.7,4.6,10.2,11
2025-08-09T21:00:00-06:00,Denver,39.732146,-105.015317,34,pm25,34,17,6,0.6,1.9,16.7,22.7778,60,1021.3,3,1,
2025-08-10T12:00:00+09:00,Daegu,35.8714354,128.601445,44,o3,21,9,6.1,3.3,3.8,44.3,7.1,71,1016,3.9,,
2025-08-10T12:00:00+09:00,Gyeonggi,37.4112,127.2579,37,o3,34,18,5.1,2.8,3.8,37,30,55,1002.3,2.5,,20
2025-08-10T12:00:00+09:00,Nagoya,35.1814464,136.906398,42,pm25,42,19,8.4,1.5,1.2,14.5,28.3,85,1004.9,3.6,,
2025-08-10T12:00:00+09:00,Fukuoka,33.5903547,130.4017155,42,pm25,42,35,8.4,1.5,4.5,22.4,27,88,1001,1,,
2025-08-10T12:00:00+09:00,Kawasaki,35.5309058,139.7030511,53,pm25,53,11,8.4,1.5,1.2,9.6,28.5,90,1005,8.4,,
2025-08-10T11:00:00+08:00,Shenzhen,22.543099,114.057868,38,pm25,38,24,6,4.1,6.4,23.6,32.9,86.4,1008,2,,
2025-08-10T12:00:00+08:00,Zhongshan (Taiwan),25.062361,121.526528,34,pm25,34,20,11.9,1.6,3.7,21.8,34,66,1008,4.1,,27
2025-08-10T11:00:00+08:00,Chongqing,29.56301,106.551557,85,pm25,85,36,6.9,4.6,5.5,46.3,35,56,1003,0.5,,
2025-08-10T06:00:00+03:00,Istanbul (Turkey),41.015278,29.025,55,pm25,55,21,2.2,1.6,15.6,31.3,24.2,93,1011.8,4.6,,23
2025-08-10T11:00:00+07:00,Hanoi,21.0491,105.8831,75,pm25,75,49,20,10,6,12,32,79,1005,5.6,,28
2025-08-10T11:00:00+07:00,Bangkok,13.7563309,100.5017651,58,pm25,58,18,0.6,0.6,0.1,4.8,32.5,63.9,1008.4,3.6,,
2025-08-10T10:00:00+05:30,Delhi,28.6341,77.2005,134,pm25,134,81,3.7,9.1,3.2,12.5,28.3,84,986.7,0.2,10.2,26
2025-08-10T10:00:00+05:30,Mumbai,19.0863,72.8888,91,pm25,91,54,1.4,14.9,0.8,11.4,26.5,99.92,1008.2574999999999,40.745,11.3,24.5
2025-08-10T13:00:00+09:00,Seoul,37.566535,126.9779692,60,o3,46,20,8,4.8,4.8,60.4,30.5,59.8,990.8,2,,
2025-08-10T12:00:00+08:00,Beijing,39.954592,116.468117,70,o3,50,26,6.4,1.6,5.5,70.1,31,62,1006,2.5,,
2025-08-10T12:00:00+08:00,Shanghai,31.2047372,121.4489017,70,pm25,70,37,5.1,4.1,6.4,7.4,35,59,1003,4.6,,
2025-08-10T04:00:00+01:00,London,51.5073509,-0.1277583,41,pm25,41,19,7.4,1.1,1.9,11.8,12.2,85.3,1028.2,0.1,,
2025-08-10T07:00:00+03:00,Moscow,55.791842,37.578405,53,pm25,53,12,16,0.2,4.6,7.1,15.7,82.3,1019.6,3.3,6,
2025-08-10T12:00:00+08:00,Wuhan,30.593099,114.305393,38,pm25,38,12,7.8,8.2,19,,29,88,1004,1.5,,
2025-08-10T06:00:00+02:00,Warsaw (Poland),52.225171,21.014783,88,pm25,88,42,18.1,2,0.1,12,16,82,1018,2.5,,13
2025-08-10T14:00:00+09:30,Winnellie (Australia),-12.424323299931126,130.89335024356842,12,o3,6,4,1.2,1.1,3.6,11.7,31.6,20.1,1010.1,10.93,,6.6
2025-08-10T10:00:00+05:30,Bangalore (India),13.0270199,77.494094,60,pm25,60,50,8.5,2.5,5.2,10.7,24,93.7,952.1675,0.92,,22
2025-08-10T10:00:00+05:30,Chennai (India),13.1278,80.2642,58,pm10,54,58,2.5,1.2,3.6,,29.352500000000003,66.8475,83170.95000000001,1.7600000000000002,10.2,24
2025-08-09T22:00:00-04:00,Georgia,33.68797,-84.29048,49,pm25,49,19,3.1,,3.4,13.6,24.4,58,1019.6,0.2,1,
2025-08-09T21:00:00-07:00,Phoenix,33.403055555556,-112.07527777778,30,o3,25,20,4.7,,2.3,29.6,41,16,1006.7,4.1,10.2,11
2025-08-10T13:00:00+09:00,Daegu,35.8714354,128.601445,47,o3,30,10,6,3.3,3.8,46.6,7.1,71,1016,3.9,,
2025-08-10T13:00:00+09:00,Gyeonggi,37.4112,127.2579,39,o3,25,13,4.2,2.6,3.5,39.2,30,51,1001.6,1.5,,19
2025-08-10T13:00:00+09:00,Fukuoka,33.5903547,130.4017155,34,pm25,34,26,15.8,1.5,4.5,20.8,27,88,1001,1,,
2025-08-10T12:00:00+08:00,Shenzhen,22.543099,114.057868,50,pm25,50,30,5.5,4.1,5.5,23.6,32.2,76.8,1008,2.5,,
2025-08-10T12:00:00+08:00,Chongqing,29.56301,106.551557,76,pm25,76,29,5.5,5.6,5.5,65.6,36,53,1002,1.5,,
2025-08-10T07:00:00+03:00,Istanbul (Turkey),41.015278,29.025,57,pm25,57,21,1.6,1.7,15.4,27.4,24.7,89.2,1012.1,5.1,,22.8
2025-08-10T12:00:00+07:00,Hanoi,21.0491,105.8831,72,pm25,72,46,18,10,5,17,28,94,1005,2,,27
2025-08-10T12:00:00+07:00,Bangkok,13.7563309,100.5017651,31,pm25,31,23,0.6,0.6,0.1,4.8,34.7,7.8,1009.2,1,,
2025-08-10T11:00:00+05:30,Delhi,28.6341,77.2005,114,pm25,114,58,3.6,9.6,2.8,27.9,28.974999999999998,80.325,986.675,0.7750000000000001,10.2,25
2025-08-10T11:00:00+05:30,Mumbai,19.0863,72.8888,98,pm25,98,58,1.4,14.9,0.9,11.4,28,99.92,1008.4433333333333,29.71666666666667,11.3,25
2025-08-10T14:00:00+09:00,Seoul,37.566535,126.9779692,58,o3,42,21,7.3,4.8,4.6,58.3,30.5,59.8,990.8,2,,
2025-08-10T13:00:00+08:00,Beijing,39.954592,116.468117,70,o3,42,20,4.6,1.6,4.6,70.1,33,52,1005,3.6,,
2025-08-10T13:00:00+08:00,Shanghai,31.2047372,121.4489017,72,pm25,72,41,4.2,4.1,6.4,7.4,35,56,1003,4.6,,
2025-08-10T13:00:00+09:00,Shinjuku (Tokyo),35.713889,139.705556,34,pm25,34,13,4.7,1.5,1.2,36.8,27.2,88,1005.3,0.2,12,
2025-08-10T04:00:00+02:00,Paris,48.856614,2.3522219,29,pm25,29,10,9.2,0.6,0.1,24.3,14.4,81.5,1028.4,0.1,,
2025-08-10T05:00:00+01:00,London,51.5073509,-0.1277583,34,pm25,34,17,7.8,0.7,1.4,12.6,11.6,87.5,1028.6,0.2,,
2025-08-10T07:00:00+02:00,Frankfurt,50.075464,8.576305,44,pm25,44,28,,0.5,0.1,7.1,15,84.5,1025,1.5,11.3,12.5
2025-08-10T07:00:00+02:00,Hamburg,53.564486,9.96834,42,pm25,42,15,10.1,1.6,0.1,13.5,14.5,87,1023,2.5,10.8,12.5
2025-08-10T13:00:00+08:00,Wuhan,30.593099,114.305393,53,pm25,53,16,5.5,6.1,3.7,,31,79,1003,1.5,,
2025-08-10T07:00:00+02:00,Warsaw (Poland),52.225171,21.014783,69,pm25,69,30,13.8,2,0.1,12,18,72,1018,2.5,,13
2025-08-10T15:00:00+09:30,Winnellie (Australia),-12.424323299931126,130.89335024356842,12,o3,7,5,0.9,0.9,3.7,12,32.6,19.4,1008.4,10.22,,6
2025-08-10T00:00:00-04:00,Boston,42.325184,-71.05608,27,pm25,27,11,6.5,0.5,3.4,23.3,19.7,80,1023.8,,,
2025-08-09T23:00:00-04:00,Georgia,33.68797,-84.29048,47,pm25,47,19,1.9,,2.3,14.5,23.8,58,1019.8,0.2,1.8,
2025-08-09T22:00:00-07:00,Phoenix,33.403055555556,-112.07527777778,31,pm25,31,23,4.7,,2.3,28.9,39,20,1007.1,5.1,10.2,12
2025-08-09T22:00:00-06:00,Denver,39.732146,-105.015317,34,pm25,34,15,6,0.6,3.2,14.3,22.2222,62,1020.7,3,2,
2025-08-10T14:00:00+09:00,Daegu,35.8714354,128.601445,45,o3,30,12,6,3.2,3.9,44.8,7.1,71,1016,3.9,,
2025-08-10T14:00:00+09:00,Gyeonggi,37.4112,127.2579,43,o3,25,18,4.2,2.9,3.5,43.2,32,46,1001.3,1.5,,19
2025-08-10T13:00:00+09:00,Nagoya,35.1814464,136.906398,38,pm25,38,16,4.7,1.5,1.2,16,28.8,82,1004.4,4.1,,
2025-08-10T14:00:00+09:00,Fukuoka,33.5903547,130.4017155,38,pm25,38,30,18.6,1.5,4.5,20,26.8,94,1001.6,3.7,,
2025-08-10T13:00:00+09:00,Kawasaki,35.5309058,139.7030511,50,pm25,50,24,7.5,1.5,3.4,9.6,28,90,1005,10.2,,
2025-08-10T13:00:00+08:00,Shenzhen,22.543099,114.057868,55,pm25,55,26,10.1,4.1,5.5,35.8,33,75.7,1007.2,4.5,,
2025-08-10T13:00:00+08:00,Zhongshan (Taiwan),25.062361,121.526528,53,pm25,53,20,8.2,1.5,2.5,25.2,33.3,69,1008,3.2,,27
2025-08-10T13:00:00+08:00,Chongqing,29.56301,106.551557,83,o3,63,26,5.1,6.6,5.5,83.2,37,53,1001,1.5,,
2025-08-10T08:00:00+03:00,Istanbul (Turkey),41.015278,29.025,58,pm25,58,21,2.7,1.8,15.2,26.4,25.5,87.1,1012.2,5.6,,23.2
2025-08-10T12:00:00+05:30,Delhi,28.6341,77.2005,119,pm25,119,75,2.5,10,2.3,25.7,31,70.975,986.75,0.525,10.2,25
2025-08-10T15:00:00+09:00,Seoul,37.566535,126.9779692,62,o3,38,18,6.9,4.6,4.4,61.7,31.8,52.9,990.2,1.5,,
2025-08-10T14:00:00+08:00,Beijing,39.954592,116.468117,73,o3,42,21,5.1,1.6,4.6,73.4,34,52,1004,3.6,,
2025-08-10T14:00:00+08:00,Shanghai,31.2047372,121.4489017,80,pm25,80,39,4.6,4.1,6.4,7.4,34,59,1003,3.6,,
2025-08-10T14:00:00+09:00,Shinjuku (Tokyo),35.713889,139.705556,17,pm25,17,6,3.8,1.5,1.2,36.8,27.7,84,1005.4,0.2,6,
2025-08-10T15:00:00+09:00,Osaka,34.6937378,135.5021651,74,pm25,74,48,10.2,15.8,0.1,15.2,29,83,1003,3,,
2025-08-10T05:00:00+02:00,Paris,48.856614,2.3522219,34,pm25,34,12,7.4,0.6,0.1,17.3,15.5,77.8,1028.8,1.4,,
2025-08-10T06:00:00+01:00,London,51.5073509,-0.1277583,39,pm25,39,18,10.1,0.5,1.9,11.9,11.7,87.4,1028.7,0.2,,
2025-08-10T08:00:00+02:00,Frankfurt,50.075464,8.576305,38,pm25,38,15,,0.5,0.1,11.5,17.5,74.5,1025.5,3,11.3,13
2025-08-10T14:00:00+08:00,Wuhan,30.593099,114.305393,59,pm25,59,21,5.5,2.6,4.6,,31,84,1003,1.5,,
2025-08-10T08:00:00+02:00,Warsaw (Poland),52.225171,21.014783,65,pm25,65,28,17.1,2,0.1,12,20,68,1017,3.6,,14
2025-08-10T12:00:00+05:30,Bangalore (India),13.0270199,77.494094,51,pm10,45,51,8.9,2.1,7.4,10.5,25.5,72.825,952.0074999999999,0.88,,21
2025-08-10T12:00:00+05:30,Chennai (India),13.1278,80.2642,51,pm10,20,51,2.3,1.4,2.5,,29.662499999999998,67.9675,83177.55,1.0125,10.2,24.5
2025-08-10T01:00:00-04:00,Boston,42.325184,-71.05608,35,pm25,35,10,6.5,0.5,3.4,19.2,19.4,80.5,1023.6,,,
2025-08-10T00:00:00-04:00,Georgia,33.68797,-84.29048,47,pm25,47,19,1.8,,2.5,14.5,23.3,60,1019.8,0.2,2.8,
2025-08-09T23:00:00-07:00,Phoenix,33.403055555556,-112.07527777778,30,pm25,30,19,4.7,,1.2,29.6,39,21,1007.7,5.6,10.2,13
2025-08-10T15:00:00+09:00,Daegu,35.8714354,128.601445,43,o3,30,10,5.8,3.2,4.3,42.9,7.1,71,1016,3.9,,
2025-08-10T15:00:00+09:00,Gyeonggi,37.4112,127.2579,45,o3,25,14,5.1,2.9,3.2,44.9,32,40,1001.3,1.5,,17
2025-08-10T14:00:00+09:00,Nagoya,35.1814464,136.906398,30,pm25,30,13,3.8,1.5,1.2,14.5,28.8,81,1004.4,5.1,,
2025-08-10T15:00:00+09:00,Fukuoka,33.5903547,130.4017155,34,pm25,34,24,17.6,1.5,4.5,20.8,27,94,1001,2,,
2025-08-10T14:00:00+09:00,Kawasaki,35.5309058,139.7030511,25,pm25,25,16,5.6,1.5,2.3,8.8,27.5,89,1004,9.7,,
2025-08-10T14:00:00+08:00,Shenzhen,22.543099,114.057868,63,pm25,63,32,7.8,4.1,5.5,42.3,34,73.3,1007,4,,
2025-08-10T14:00:00+08:00,Zhongshan (Taiwan),25.062361,121.526528,42,pm25,42,22,6.5,1.5,1.8,21.3,32,74,1007,3,,27
2025-08-10T14:00:00+08:00,Chongqing,29.56301,106.551557,83,o3,74,26,5.5,7.6,5.5,83.2,36,53,1001,1.5,,
2025-08-10T09:00:00+03:00,Istanbul (Turkey),41.015278,29.025,58,pm25,58,22,3.8,1.8,15.1,26.9,27.6,83.7,1012.3,6.1,,24.6
2025-08-10T14:00:00+07:00,Hanoi,21.0491,105.8831,41,pm25,41,29,10,9,4,20,25.5,94,1004,4.3,,24.5
2025-08-10T14:00:00+07:00,Bangkok,13.7563309,100.5017651,29,pm25,29,12,0.6,0.6,0.1,4.8,35.4,52.5,1006.3,1.5,,
2025-08-10T12:00:00+05:30,Mumbai,19.0863,72.8888,84,pm25,84,49,1.4,14.9,0.9,11.7,30,99.92,1007.5833333333334,29.936666666666667,11.3,25
2025-08-10T16:00:00+09:00,Seoul,37.566535,126.9779692,61,o3,42,21,8,4.6,4.2,61.1,32.7,52.8,990.1,3,,
2025-08-10T15:00:00+08:00,Beijing,39.954592,116.468117,70,o3,38,20,4.6,1.6,4.6,69.5,34,52,1003,4.6,,
2025-08-10T15:00:00+08:00,Shanghai,31.2047372,121.4489017,74,pm25,74,45,6.9,4.1,7.3,7.4,31,70,1003,4.6,,
2025-08-10T15:00:00+09:00,Shinjuku (Tokyo),35.713889,139.705556,17,pm25,17,6,2.8,1.5,1.2,36.8,28.3,82,1005.3,0.2,1,
2025-08-10T09:00:00+02:00,Frankfurt,50.075464,8.576305,39,pm25,39,15,,0.5,0.1,31.8,19,68,1026,5.4,11.3,13
2025-08-10T09:00:00+02:00,Hamburg,53.564486,9.96834,20,o3,42,15,3.2,1.6,0.1,19.9,18,82,1025,3,10.8,15
2025-08-10T15:00:00+08:00,Wuhan,30.593099,114.305393,63,pm25,63,25,11.9,2.1,4.6,,30,89,1002,1.5,,
2025-08-10T16:00:00+09:30,Winnellie (Australia),-12.424323299931126,130.89335024356842,26,pm25,26,10,1.3,1,3.6,13,32.5,26.4,1007.8,8.45,,5.9
2025-08-10T02:00:00-04:00,Boston,42.325184,-71.05608,29,pm25,29,9,5.6,0.5,3.4,16.8,18.8,83,1023.3,,,
2025-08-10T01:00:00-04:00,Georgia,33.68797,-84.29048,47,pm25,47,19,2.1,,2.3,12.8,22.7,60,1019.7,0.2,3.5,
2025-08-10T00:00:00-07:00,Phoenix,33.403055555556,-112.07527777778,40,pm25,40,21,4.7,,1.2,28.1,38,24,1008.4,5.6,10.2,14
2025-08-10T16:00:00+09:00,Daegu,35.8714354,128.601445,44,o3,25,13,5.8,3.3,4.3,44,7.1,71,1016,3.9,,
2025-08-10T16:00:00+09:00,Gyeonggi,37.4112,127.2579,45,o3,42,15,5.1,3.5,3.2,44.9,33,43,1001,1,,19
2025-08-10T15:00:00+09:00,Nagoya,35.1814464,136.906398,34,pm25,34,18,8.4,1.5,1.2,14.5,28.8,87,1004.2,3.8,,
2025-08-10T16:00:00+09:00,Fukuoka,33.5903547,130.4017155,27,o3,25,24,22.3,1.5,4.5,27.2,28,88,1000,5.1,,
2025-08-10T15:00:00+09:00,Kawasaki,35.5309058,139.7030511,30,pm25,30,23,6.5,1.5,3.4,11.2,28,90,1003.5,9.7,,
2025-08-10T15:00:00+08:00,Shenzhen,22.543099,114.057868,65,pm25,65,31,6.9,4.1,5.5,53.2,33.7,76,1006,3.6,,
2025-08-10T15:00:00+08:00,Zhongshan (Taiwan),25.062361,121.526528,34,pm25,34,20,12.4,1.3,3.2,12.4,30.6,75.6,1007,2.5,,26
2025-08-10T15:00:00+08:00,Chongqing,29.56301,106.551557,68,pm25,68,38,5.1,7.1,4.6,66.9,28,78,1001,9.7,,
2025-08-10T15:00:00+07:00,Bangkok,13.7563309,100.5017651,35,pm25,35,16,0.6,0.6,0.1,4.8,35.4,52.5,1007.1,1.5,,
2025-08-10T14:00:00+05:30,Delhi,28.6341,77.2005,99,pm25,99,64,2.6,9.6,1.2,32.4,31.025,67.9,986.8,0.625,10.2,26
2025-08-10T14:00:00+05:30,Mumbai,19.0863,72.8888,110,pm25,110,64,1.3,14.9,0.6,11.5,29,96.55666666666667,1007.0266666666666,27.826666666666664,11.3,25
2025-08-10T17:00:00+09:00,Seoul,37.566535,126.9779692,62,o3,46,20,8.2,4.6,4.2,61.8,33.1,49.7,989.9,3,,
2025-08-10T16:00:00+08:00,Beijing,39.954592,116.468117,77,o3,42,23,5.1,1.6,4.6,77.3,33,52,1003,4.6,,
2025-08-10T16:00:00+08:00,Shanghai,31.2047372,121.4489017,61,pm25,61,33,6.9,4.1,7.3,7.4,31,70,1003,3.6,,
2025-08-10T16:00:00+09:00,Shinjuku (Tokyo),35.713889,139.705556,25,pm25,25,19,3.8,1.5,1.2,36.8,27.7,86.3,1005.2,0.2,10,
2025-08-10T17:00:00+09:00,Osaka,34.6937378,135.5021651,68,pm25,68,58,9.3,7.2,0.1,12.8,29,83,1003,4.6,,
2025-08-10T07:00:00+02:00,Paris,48.856614,2.3522219,35,pm25,35,23,9.6,0.6,0.1,18.9,18.7,66.7,1029.3,1,,
2025-08-10T08:00:00+01:00,London,51.5073509,-0.1277583,42,pm25,42,22,14.7,0.6,1.7,11.6,19.2,71.4,1029.8,0.4,,
2025-08-10T10:00:00+02:00,Frankfurt,50.075464,8.576305,35,pm25,35,14,,0.5,0.1,32.8,20.5,64,1027,4.1,11.3,13.5
2025-08-10T10:00:00+02:00,Hamburg,53.564486,9.96834,23,o3,42,15,2.3,1.6,0.1,23.2,18.5,79.5,1025,3.8,10.8,15
2025-08-10T16:00:00+08:00,Wuhan,30.593099,114.305393,65,pm25,65,28,9.2,2.1,3.7,,30,89,1002,1.5,,
2025-08-10T10:00:00+02:00,Warsaw (Poland),52.225171,21.014783,60,pm25,60,25,16.3,2,0.1,12,23,64,1017,3,,16
2025-08-10T17:00:00+09:30,Winnellie (Australia),-12.424323299931126,130.89335024356842,12,o3,10,8,1.3,1,4.7,11.8,32.5,49.9,1007.8,8.209999999999999,,5.9
2025-08-10T14:00:00+05:30,Bangalore (India),13.0270199,77.494094,56,pm25,56,54,7.4,0.4,8.3,10.5,22,89.72500000000001,951.6700000000001,0.9049999999999999,,20.5
2025-08-10T14:00:00+05:30,Chennai (India),13.1278,80.2642,51,pm10,12,51,3.1,1,5.2,,29.832500000000003,66.375,83016.9,2.3125,10.2,24
2025-08-10T03:00:00-04:00,Boston,42.325184,-71.05608,27,pm25,27,9,4.7,0.5,3.4,16.8,18.3,84.5,1023.3,,,
2025-08-10T02:00:00-04:00,Georgia,33.68797,-84.29048,48,pm25,48,19,1.8,,2.3,15.2,22.7,60,1019.2,0.2,2.8,
2025-08-10T01:00:00-07:00,Phoenix,33.403055555556,-112.07527777778,30,pm25,30,20,4.7,,1.2,24.1,37,28,1009.1,7.2,10.2,16
2025-08-10T17:00:00+09:00,Daegu,35.8714354,128.601445,49,o3,38,15,6.1,3.6,4.7,48.6,7.1,71,1016,3.9,,
2025-08-10T17:00:00+09:00,Gyeonggi,37.4112,127.2579,47,o3,17,13,4.7,2.9,3.2,46.9,33,43,1001,1,,19
2025-08-10T16:00:00+09:00,Nagoya,35.1814464,136.906398,46,pm25,46,18,6.5,1.5,1.2,13.6,28.8,81,1004.1,3,,
2025-08-10T17:00:00+09:00,Fukuoka,33.5903547,130.4017155,38,pm25,38,24,7.5,1.5,2.3,28.9,29,79,1001,4.1,,
2025-08-10T16:00:00+09:00,Kawasaki,35.5309058,139.7030511,38,pm25,38,36,7.5,1.5,4.5,9.6,28,88,1004,9.7,,
2025-08-10T16:00:00+08:00,Shenzhen,22.543099,114.057868,82,pm25,82,50,11,5.1,6.4,57.1,33.4,75,1005.6,3.6,,
2025-08-10T16:00:00+08:00,Zhongshan (Taiwan),25.062361,121.526528,42,pm25,42,17,14.8,2.2,3.4,12.9,30,82.3,1007,2.5,,26.6
2025-08-10T16:00:00+08:00,Chongqing,29.56301,106.551557,91,pm25,91,47,7.8,4.6,5.5,66.9,29,65,1001,3.6,,
2025-08-10T11:00:00+03:00,Istanbul (Turkey),41.015278,29.025,59,pm25,59,21,2.5,1.7,14.8,27.4,27.1,85.7,1012.5,7.7,,24.5
2025-08-10T18:00:00+09:00,Seoul,37.566535,126.9779692,59,o3,42,19,8.8,4.6,4.4,59,32.8,50,990.1,3,,
2025-08-10T17:00:00+08:00,Beijing,39.954592,116.468117,79,o3,50,26,5.1,1.6,4.6,79.3,33,49,1003,4.6,,
2025-08-10T17:00:00+08:00,Shanghai,31.2047372,121.4489017,68,pm25,68,40,9.2,1.6,7.3,7.4,32,70,1003,1.5,,
2025-08-10T17:00:00+09:00,Shinjuku (Tokyo),35.713889,139.705556,30,pm25,30,11,2.8,1.5,1.2,36.8,27.2,91,1005.6,0.2,7.7,
2025-08-10T18:00:00+09:00,Osaka,34.6937378,135.5021651,59,pm25,59,30,9.3,7.2,0.1,13.6,27,94,1003,3.6,,
2025-08-10T11:00:00+02:00,Frankfurt,50.075464,8.576305,34,o3,30,11,,0.5,0.1,33.6,21.5,54.5,1027,3.6,11.3,12
2025-08-10T11:00:00+02:00,Hamburg,53.564486,9.96834,28,o3,42,15,1,1.6,0.1,28.1,20,68,1025,5.1,10.8,14
2025-08-10T11:00:00+02:00,Warsaw (Poland),52.225171,21.014783,59,pm25,59,27,17.3,2,0.1,12,25,57,1017,3,,16
2025-08-10T18:00:00+09:30,Winnellie (Australia),-12.424323299931126,130.89335024356842,32,pm25,32,12,1.2,1.2,4.4,11.5,27.7,55,1008.3,5.885,,16.6
2025-08-10T04:00:00-04:00,Boston,42.325184,-71.05608,26,pm25,26,9,3.8,0.3,2.3,16.8,18.3,86.5,1023.2,,,
2025-08-10T03:00:00-04:00,Georgia,33.68797,-84.29048,50,pm25,50,20,1.5,,2.3,16.8,22.2,61,1020.4,0.2,3.5,
2025-08-10T02:00:00-07:00,Phoenix,33.403055555556,-112.07527777778,22,o3,11,15,4.7,,1.2,22.4,36,32,1010.8,2.8,8.7,17
2025-08-10T18:00:00+09:00,Daegu,35.8714354,128.601445,46,o3,42,12,6.5,3,4.6,46.1,7.1,71,1016,3.9,,
2025-08-10T18:00:00+09:00,Gyeonggi,37.4112,127.2579,48,o3,17,11,6.6,2.8,3.4,47.9,32,40,1001,1.5,,17
2025-08-10T17:00:00+09:00,Nagoya,35.1814464,136.906398,55,pm25,55,21,9.3,1.5,1.2,11.2,28.8,81,1003.9,2.8,,
2025-08-10T18:00:00+09:00,Fukuoka,33.5903547,130.4017155,59,pm25,59,41,6.5,1.5,2.3,36.8,26,100,1002,6.6,,
2025-08-10T17:00:00+09:00,Kawasaki,35.5309058,139.7030511,46,pm25,46,28,3.8,1.5,2.3,8,28,97,1004,9.6,,
2025-08-10T17:00:00+08:00,Zhongshan (Taiwan),25.062361,121.526528,46,pm25,46,10,16.1,1.9,3.5,14.1,30,79,1007,2.5,,26
2025-08-10T12:00:00+03:00,Istanbul (Turkey),41.015278,29.025,59,pm25,59,21,10.2,1.7,14.7,29.2,27.8,81.8,1012.6,8.7,,24.4
2025-08-10T17:00:00+07:00,Bangkok,13.7563309,100.5017651,37,pm25,37,20,0.6,0.6,0.1,4.8,34,8.1,1004.3,2,,
2025-08-10T15:00:00+05:30,Delhi,28.6341,77.2005,95,pm25,95,68,1.8,0.8,6.4,27.5,28.375,75.05,986.7249999999999,0.55,10.2,26
2025-08-10T16:00:00+05:30,Mumbai,19.0863,72.8888,125,pm25,125,71,1.3,14.9,0.6,9.6,29,96.7,1005.9466666666667,28.666666666666668,11.3,25
2025-08-10T19:00:00+09:00,Seoul,37.566535,126.9779692,50,o3,42,20,10,4,4.4,49.6,32.3,50.8,990,3,,
2025-08-10T18:00:00+08:00,Beijing,39.954592,116.468117,82,o3,50,29,6,1.6,3.7,81.9,32,55,1003,3.6,,
2025-08-10T18:00:00+08:00,Shanghai,31.2047372,121.4489017,70,pm25,70,43,10.1,1.6,8.2,7.4,32,70,1003,1.5,,
2025-08-10T18:00:00+09:00,Shinjuku (Tokyo),35.713889,139.705556,25,pm25,25,23,3.8,1.5,1.2,36.8,27.2,90,1006.1,0.2,10,
2025-08-10T08:00:00+02:00,Paris,48.856614,2.3522219,35,pm25,35,23,11.1,0.6,0.1,25.9,19.7,61,1029.4,1,,
2025-08-10T10:00:00+01:00,London,51.5073509,-0.1277583,45,pm25,45,22,18.3,0.9,2,19.9,24.4,50.7,1029.9,1.7,,
2025-08-10T12:00:00+02:00,Frankfurt,50.075464,8.576305,34,o3,30,12,,0.5,0.1,34.3,22.5,44.5,1027,4.3,11.3,10
2025-08-10T12:00:00+02:00,Hamburg,53.564486,9.96834,29,o3,42,15,1,1.6,0.1,28.5,20.5,56,1026,5.9,10.8,11.5
2025-08-10T18:00:00+08:00,Wuhan,30.593099,114.305393,63,pm25,63,28,6.9,3.6,3.7,,29,94,1002,0.5,,
2025-08-10T12:00:00+02:00,Warsaw (Poland),52.225171,21.014783,58,pm25,58,26,11.2,2,0.1,12,27,47,1017,6.6,,15
2025-08-10T19:00:00+09:30,Winnellie (Australia),-12.424323299931126,130.89335024356842,35,pm25,35,13,1.1,1.1,4.3,11.2,26.5,64.7,1008.5,2.095,,17.3
2025-08-10T16:00:00+05:30,Bangalore (India),13.0270199,77.494094,53,pm10,45,53,8.4,0.2,31.6,10.9,21,93.8,951.405,0.9275,,19
2025-08-10T16:00:00+05:30,Chennai (India),13.1278,80.2642,83,pm25,83,56,2.9,1.3,3.8,,29.8275,65.2075,82882.29999999999,2.5975,10.2,26
2025-08-10T05:00:00-04:00,Boston,42.325184,-71.05608,26,pm25,26,9,4.7,0.5,2.3,16.8,17.7,88,1023.4,,,
2025-08-10T04:00:00-04:00,Georgia,33.68797,-84.29048,50,pm25,50,20,1.3,,2.3,17.6,22.2,60,1020.5,0.2,4.4,
2025-08-10T03:00:00-07:00,Phoenix,33.403055555556,-112.07527777778,65,pm10,41,65,4.7,,1.2,24.1,33,38,1011.5,8.7,12.8,17
2025-08-10T16:00:00+05:30,Hyderabad (India),17.417094,78.457437,156,pm25,156,70,13.3,14.3,6.5,7.3,27,69.36749999999999,1009,1.465,10.2,22
2025-08-10T02:00:00-06:00,Denver,39.732146,-105.015317,42,pm25,42,18,7.4,0.6,5.2,13.9,20.5556,66.8,1020.7,1,6.5,
2025-08-10T18:00:00+09:00,Nagoya,35.1814464,136.906398,50,pm25,50,21,10.2,1.5,1.2,10.4,28.3,84.5,1004.4,3.2,,
2025-08-10T19:00:00+09:00,Fukuoka,33.5903547,130.4017155,55,pm25,55,33,5.6,1.5,2.3,43.2,27,94,1002,5.1,,
2025-08-10T18:00:00+09:00,Kawasaki,35.5309058,139.7030511,53,pm25,53,36,6.5,1.5,2.3,8,28,88,1005,10.8,,
2025-08-10T18:00:00+08:00,Shenzhen,22.543099,114.057868,63,pm25,63,40,12.8,4.6,6.4,50.6,31.9,78,1005.3,5.6,,
2025-08-10T18:00:00+08:00,Zhongshan (Taiwan),25.062361,121.526528,57,pm25,57,17,11.8,1.8,3.4,18.3,29,83,1007,2.5,,26
2025-08-10T18:00:00+08:00,Chongqing,29.56301,106.551557,87,pm25,87,44,7.4,2.1,4.6,43.9,29,74,1002,1.5,,
2025-08-10T13:00:00+03:00,Istanbul (Turkey),41.015278,29.025,59,pm25,59,21,4.8,1.7,14.5,29.2,28,80.8,1012.5,8.7,,24.4
2025-08-10T18:00:00+07:00,Bangkok,13.7563309,100.5017651,56,pm25,56,20,0.6,0.6,0.1,4.8,34,8.1,1004.3,2,,
2025-08-10T20:00:00+09:00,Seoul,37.566535,126.9779692,46,pm25,46,20,9.9,4.5,5,42.3,32.3,50.8,990,3,,
2025-08-10T19:00:00+08:00,Beijing,39.954592,116.468117,75,o3,50,29,6,1.6,3.7,75.3,30,62,1003,3.6,,
2025-08-10T19:00:00+09:00,Shinjuku (Tokyo),35.713889,139.705556,25,pm25,25,8,3.8,1.5,1.2,36.8,26.6,84,1006.7,1,14,
2025-08-10T19:00:00+09:00,Osaka,34.6937378,135.5021651,57,pm25,57,41,9.3,4.3,2.3,12.1,28,88,1004,5.1,,
2025-08-10T09:00:00+02:00,Paris,48.856614,2.3522219,28,pm25,28,15,8.3,0.6,0.1,28.2,21.5,53.5,1029.2,0.4,,
2025-08-10T13:00:00+02:00,Frankfurt,50.075464,8.576305,38,pm25,38,13,,0.5,0.1,33.5,23.5,43.5,1027,3.8,11.3,10.5
2025-08-10T13:00:00+02:00,Hamburg,53.564486,9.96834,28,o3,42,15,1,1.6,0.1,27.7,21,52.5,1026,6.1,10.8,11
2025-08-10T13:00:00+02:00,Warsaw (Poland),52.225171,21.014783,55,pm25,55,28,11.8,2,0.1,12,29,37,1017,9.7,,13
2025-08-10T20:00:00+09:30,Winnellie (Australia),-12.424323299931126,130.89335024356842,22,pm25,22,11,1.7,1,4.2,10.8,24.8,64.7,1009.4,1.69,,17.8
2025-08-10T05:00:00-04:00,Georgia,33.68797,-84.29048,50,pm25,50,20,1.7,,2.3,16,22.2,60.4,1020.9,0.2,4.6,
2025-08-10T04:00:00-07:00,Phoenix,33.403055555556,-112.07527777778,458,pm10,151,458,4.7,,1.2,32.8,33,37,1012,7.2,11.8,16.5
2025-08-10T03:00:00-06:00,Denver,39.732146,-105.015317,42,pm25,42,15,4.2,0.6,2.7,14.3,20,65.4,1020.1,4,4.1,
2025-08-10T19:00:00+09:00,Daegu,35.8714354,128.601445,46,pm25,46,11,7.1,3.3,4.5,42.9,7.1,71,1016,3.9,,
2025-08-10T19:00:00+09:00,Gyeonggi,37.4112,127.2579,25,pm25,25,20,7.9,2.5,3.6,38.4,30,55,1001.6,1,,20
2025-08-10T19:00:00+09:00,Nagoya,35.1814464,136.906398,53,pm25,53,27,12.1,1.5,1.2,10.4,28.3,86,1005.5,3.6,,
2025-08-10T20:00:00+09:00,Fukuoka,33.5903547,130.4017155,42,o3,25,29,13.9,1.5,5.6,42.4,27,91,1002,4.3,,
2025-08-10T19:00:00+09:00,Kawasaki,35.5309058,139.7030511,42,pm25,42,30,5.6,1.5,2.3,9.6,27.7,95,1005,9.5,,
2025-08-10T19:00:00+08:00,Zhongshan (Taiwan),25.062361,121.526528,53,pm25,53,18,13,2.2,3.5,15.3,29,83,1007,2,,26
2025-08-10T19:00:00+07:00,Bangkok,13.7563309,100.5017651,41,pm25,41,12,1.8,0.6,0.1,4.8,32.5,65.9,1004.4,2.5,,
2025-08-10T18:00:00+05:30,Delhi,28.6341,77.2005,95,pm25,95,75,2.2,0.6,6.4,38.6,28.2,73.8,986.7,0.9,10.2,24.5
2025-08-10T18:00:00+05:30,Mumbai,19.0863,72.8888,100,pm25,100,59,1.2,14.9,0.5,11.5,29,98.84,1005.4975,28.1725,11.3,24
2025-08-10T21:00:00+09:00,Seoul,37.566535,126.9779692,65,pm25,65,27,13.8,4.8,5.8,34.9,28.6,69.6,992.2,2,,
2025-08-10T20:00:00+08:00,Beijing,39.954592,116.468117,63,o3,53,30,7.4,1.6,5.5,63,29,62,1003,2.5,,
2025-08-10T20:00:00+08:00,Shanghai,31.2047372,121.4489017,91,pm25,91,51,15.1,2.1,8.2,7.4,32,70,1003,1.5,,
2025-08-10T20:00:00+09:00,Shinjuku (Tokyo),35.713889,139.705556,43,pm10,38,43,3.8,1.5,1.2,36.8,25,98.8,1003.5,4.1,,24.8
2025-08-10T21:00:00+09:00,Osaka,34.6937378,135.5021651,38,pm25,38,23,8.4,5.8,0.1,10.4,27,94,1004,7.2,,
2025-08-10T12:00:00+02:00,Paris,48.856614,2.3522219,28,o3,28,15,11.1,0.6,0.1,28.2,24.8,45.5,1028.4,0.5,,
2025-08-10T12:00:00+01:00,London,51.5073509,-0.1277583,56,pm25,56,20,15.6,1.1,1.9,12.2,26.2,42.8,1029.5,2.8,,
2025-08-10T14:00:00+02:00,Frankfurt,50.075464,8.576305,48,pm25,48,15,,0.5,0.1,33.2,24.5,42.5,1027,5.4,11.3,11
2025-08-10T14:00:00+02:00,Hamburg,53.564486,9.96834,30,o3,42,15,1,1.6,0.1,30.1,21,49,1026,6.1,10.8,10
2025-08-10T15:00:00+03:00,Moscow,55.791842,37.578405,42,pm25,42,10,29.8,0.3,7.5,22.6,24.1,41.2,1017.8,8.2,12.8,
2025-08-10T20:00:00+08:00,Wuhan,30.593099,114.305393,78,pm25,78,26,6,3.1,2.8,,28,94,1004,1.5,,
2025-08-10T14:00:00+02:00,Warsaw (Poland),52.225171,21.014783,51,pm25,51,30,10,2,0.1,12,29,37,1017,10.2,,13
2025-08-10T21:00:00+09:30,Winnellie (Australia),-12.424323299931126,130.89335024356842,25,pm25,25,10,1.7,1,4.4,8.3,21.3,73.95,1010.5,1.1,,16.7
2025-08-10T18:00:00+05:30,Bangalore (India),13.0270199,77.494094,58,pm25,58,50,7.2,4.9,9.1,10.4,21,93.8,951.54,0.96,,20
2025-08-10T18:00:00+05:30,Chennai (India),13.1278,80.2642,67,pm25,67,40,2.2,0.8,6.5,,29.85,68.38,82973.6,4.05,10.2,24
2025-08-10T07:00:00-04:00,Boston,42.325184,-71.05608,27,pm25,27,8,3.8,0.5,3.4,13.6,19.7,82,1024.1,,,
2025-08-10T06:00:00-04:00,Georgia,33.68797,-84.29048,48,pm25,48,18,2,,2.3,16,22.2,60.1,1021.1,0.2,3.9,
2025-08-10T05:00:00-07:00,Phoenix,33.403055555556,-112.07527777778,142,pm10,79,142,4.7,,1.2,36.8,33,36,1012.8,2,11.8,16
2025-08-10T18:00:00+05:30,Hyderabad (India),17.417094,78.457437,159,pm25,159,75,13.3,15,8.5,6.9,26.5,78.52,1009,1.61,10.2,22
2025-08-10T05:00:00-06:00,Denver,39.732146,-105.015317,42,pm25,42,15,4.6,0.6,2.4,14.7,19.4444,68.8,1021.1,1,0.2,
2025-08-10T21:00:00+09:00,Daegu,35.8714354,128.601445,42,o3,34,15,7.5,4.9,4.9,42.4,7.1,71,1016,3.9,,
2025-08-10T21:00:00+09:00,Gyeonggi,37.4112,127.2579,41,o3,34,31,10.3,3.2,5.2,40.5,27,78,1003.3,1.5,,23
2025-08-10T20:00:00+09:00,Nagoya,35.1814464,136.906398,53,pm25,53,29,13,1.5,1.2,8.8,27.2,88,1005.8,3,,
2025-08-10T21:00:00+09:00,Fukuoka,33.5903547,130.4017155,42,o3,21,16,12.1,1.5,5.6,41.6,27,94,1003,2.2,,
2025-08-10T20:00:00+09:00,Kawasaki,35.5309058,139.7030511,52,pm10,42,52,10.2,1.5,1.2,12.8,28,88,1005,9.7,,
2025-08-10T20:00:00+08:00,Shenzhen,22.543099,114.057868,63,pm25,63,29,19.2,4.1,5.5,35,31.1,84,1006.6,5.6,,
2025-08-10T20:00:00+08:00,Zhongshan (Taiwan),25.062361,121.526528,53,pm25,53,17,12.8,2.3,3.2,14,28.5,88.5,1008,1.5,,26.5
2025-08-10T20:00:00+08:00,Chongqing,29.56301,106.551557,74,pm25,74,30,7.4,2.1,5.5,37.8,29,79,1003,4.6,,
2025-08-10T15:00:00+03:00,Istanbul (Turkey),41.015278,29.025,58,pm25,58,21,5.8,1.6,14.3,29.5,27.3,83.2,1011.9,8.2,,24.2
2025-08-10T20:00:00+07:00,Hanoi,21.0491,105.8831,51,pm25,51,48,14,10,16,11,27,88,1004,1,,25
2025-08-10T20:00:00+07:00,Bangkok,13.7563309,100.5017651,42,pm25,42,18,0.6,0.6,0.1,4.8,31.9,74,1006.2,1,,
2025-08-10T19:00:00+05:30,Delhi,28.6341,77.2005,80,pm25,80,73,4.1,0.2,6.4,32.1,27.225,76.47500000000001,986.7249999999999,0.5499999999999999,10.2,24
2025-08-10T19:00:00+05:30,Mumbai,19.0863,72.8888,95,pm25,95,56,1.2,14.9,0.5,11.5,28,99.92,1005.6766666666666,28.19333333333333,11.3,24
2025-08-10T22:00:00+09:00,Seoul,37.566535,126.9779692,68,pm25,68,33,16.3,4.8,5.9,30.2,28.6,69.6,992.2,2,,
2025-08-10T21:00:00+08:00,Beijing,39.954592,116.468117,57,pm25,57,32,8.3,1.6,5.5,50,27,74,1004,1.5,,
2025-08-10T21:00:00+08:00,Shanghai,31.2047372,121.4489017,93,pm25,93,52,24.7,2.1,9.1,7.4,32,70,1004,1.5,,
2025-08-10T21:00:00+09:00,Shinjuku (Tokyo),35.713889,139.705556,55,pm25,55,43,3.8,1.5,1.2,36.8,25,98.8,1003.5,4.1,,24.8
2025-08-10T22:00:00+09:00,Osaka,34.6937378,135.5021651,38,pm25,38,23,8.4,5.8,0.1,12.1,27.2,88,1005,3,,
2025-08-10T13:00:00+01:00,London,51.5073509,-0.1277583,34,pm25,34,13,15.6,0.7,1.8,34,26.3,42.8,1029.5,2.8,,
2025-08-10T15:00:00+02:00,Frankfurt,50.075464,8.576305,52,pm25,52,17,,0.5,0.1,34.2,25,37,1027,5.1,11.3,9.5
2025-08-10T15:00:00+02:00,Hamburg,53.564486,9.96834,31,o3,42,14,1,1.6,0.1,30.9,22,49,1027,6.9,10.8,11
2025-08-10T21:00:00+08:00,Wuhan,30.593099,114.305393,70,pm25,70,28,5.1,3.1,2.8,,28,94,1004,1.5,,
2025-08-10T15:00:00+02:00,Warsaw (Poland),52.225171,21.014783,52,pm25,52,33,15,2,0.1,12,28,37,1018,10.2,,12
2025-08-10T22:00:00+09:30,Winnellie (Australia),-12.424323299931126,130.89335024356842,36,pm25,36,14,4,1,4.7,5.1,20.6,82.9,1010.5,2.99,,17
2025-08-10T19:00:00+05:30,Bangalore (India),13.0270199,77.494094,58,pm25,58,48,7.3,2.7,11.3,10.5,22,93.8,951.6949999999999,0.96,,21
2025-08-10T19:00:00+05:30,Chennai (India),13.1278,80.2642,60,pm25,60,44,2.7,0.5,4.3,,29.877499999999998,65.41,83014.67500000002,3.0549999999999997,9.2,24
2025-08-10T08:00:00-04:00,Boston,42.325184,-71.05608,28,pm25,28,8,3.8,0.5,3.4,14.5,22.2,75.3,1024.3,,,
2025-08-10T07:00:00-04:00,Georgia,33.68797,-84.29048,49,pm25,49,18,2.2,,2.3,14.5,22.2,59,1021.2,0.2,3,
2025-08-10T06:00:00-07:00,Phoenix,33.403055555556,-112.07527777778,51,pm10,36,51,4.7,,1.2,36.1,33,36,1013.5,2,11.8,16
2025-08-10T19:00:00+05:30,Hyderabad (India),17.417094,78.457437,170,pm25,170,82,13.3,15.5,11,6.9,26,78.2725,1009,1.4025,10.2,22
2025-08-10T06:00:00-06:00,Denver,39.732146,-105.015317,38,pm25,38,16,4.2,0.6,2.7,15.5,18.8889,67.6,1022.4,4,12,
2025-08-10T22:00:00+09:00,Daegu,35.8714354,128.601445,42,pm25,42,17,7.8,5.2,5.3,41.4,7.1,71,1016,3.9,,
2025-08-10T22:00:00+09:00,Gyeonggi,37.4112,127.2579,63,pm25,63,32,13.5,2.8,5.4,25.2,27,78,1003.7,0.5,,23
2025-08-10T21:00:00+09:00,Nagoya,35.1814464,136.906398,53,pm25,53,27,9.3,1.5,1.2,8.8,27.2,87,1005.6,2.6,,
2025-08-10T22:00:00+09:00,Fukuoka,33.5903547,130.4017155,39,o3,17,18,11.2,1.5,5.6,39.2,26.5,97,1004,2,,
2025-08-10T21:00:00+09:00,Kawasaki,35.5309058,139.7030511,52,pm10,46,52,6.5,1.5,1.2,9.6,28,94,1005,9.7,,
2025-08-10T21:00:00+08:00,Shenzhen,22.543099,114.057868,30,pm10,25,30,15.6,4.1,4.6,27.3,31.1,84,1007.1,4.6,,
2025-08-10T21:00:00+08:00,Zhongshan (Taiwan),25.062361,121.526528,38,pm25,38,14,10.4,1.2,2.9,14.1,29,83,1008,2,,26
2025-08-10T21:00:00+08:00,Chongqing,29.56301,106.551557,76,pm25,76,37,9.2,2.6,5.5,30.5,28,83,1004,3.6,,
2025-08-10T16:00:00+03:00,Istanbul (Turkey),41.015278,29.025,58,pm25,58,21,5,1.5,14.1,30.3,26.8,79.2,1011.7,8.7,,22.9
2025-08-10T21:00:00+07:00,Hanoi,21.0491,105.8831,67,pm25,67,54,14,11,14,12,27,88,1004.5,1.2,,25
2025-08-10T21:00:00+07:00,Bangkok,13.7563309,100.5017651,60,pm25,60,15,0.6,0.6,0.1,4.8,31.9,74,1006.2,1,,
2025-08-10T23:00:00+09:00,Seoul,37.566535,126.9779692,61,pm25,61,31,15.7,4.9,6,29.6,27.5,76.5,992.8,1,,
2025-08-10T22:00:00+08:00,Beijing,39.954592,116.468117,55,pm25,55,31,7.4,1.6,5.5,47.6,28,69,1004,1.5,,
2025-08-10T22:00:00+08:00,Shanghai,31.2047372,121.4489017,91,pm25,91,51,25.6,2.1,9.1,7.4,32,74,1004,0.5,,
2025-08-10T22:00:00+09:00,Shinjuku (Tokyo),35.713889,139.705556,46,pm25,46,25,4.7,1.5,1.2,36.8,26.3,97.1,1002.8,4.6,,25.8
2025-08-10T23:00:00+09:00,Osaka,34.6937378,135.5021651,46,pm25,46,29,9.3,7.2,0.1,12.8,27.6,88,1004,2,,
2025-08-10T13:00:00+02:00,Paris,48.856614,2.3522219,40,o3,32,17,11,0.6,0.1,40.4,26.1,39.7,1028,1.1,,
2025-08-10T16:00:00+02:00,Frankfurt,50.075464,8.576305,55,pm25,55,17,,0.5,0.1,36.2,26.5,36,1026.5,5.1,11.3,10.5
2025-08-10T16:00:00+02:00,Hamburg,53.564486,9.96834,38,pm25,38,14,1,1.6,0.1,31.7,21,50.5,1027,7.2,10.8,10.5
2025-08-10T17:00:00+03:00,Moscow,55.791842,37.578405,61,pm25,61,12,31.6,0.5,9.1,7.4,24.7,43,1017.2,10,14,
2025-08-10T22:00:00+08:00,Wuhan,30.593099,114.305393,55,pm25,55,23,5.1,3.1,2.8,,27,94,1004,1.5,,
2025-08-10T16:00:00+02:00,Warsaw (Poland),52.225171,21.014783,51,pm25,51,30,18.3,2,0.1,12,28,39,1018,7.7,,13
2025-08-10T23:00:00+09:30,Winnellie (Australia),-12.424323299931126,130.89335024356842,26,pm25,26,11,3.6,0.9,4.7,7.2,20.6,84.4,1010.5,2.99,,17
2025-08-10T09:00:00-04:00,Boston,42.325184,-71.05608,33,pm25,33,10,3.8,0.5,2.3,17.6,24,68.3,1024.4,,,
2025-08-10T08:00:00-04:00,Georgia,33.68797,-84.29048,51,pm25,51,19,2.2,,2.3,13.6,22.7,58.2,1021.6,0.1,3.6,
2025-08-10T07:00:00-07:00,Phoenix,33.403055555556,-112.07527777778,58,pm25,58,55,4.7,,1.2,24.1,33,36,1013.5,4.1,11.8,16
2025-08-10T07:00:00-06:00,Denver,39.732146,-105.015317,17,pm25,17,10,3.7,0.6,2.6,10.6,17.7778,49,1023.3,7,10,
2025-08-10T22:00:00+09:00,Nagoya,35.1814464,136.906398,53,pm25,53,26,10.2,1.5,3.4,7.3,27.3,92,1005.6,3.1,,
2025-08-10T23:00:00+09:00,Fukuoka,33.5903547,130.4017155,36,o3,13,15,7.5,1.5,4.5,36.1,26.4,100,1004,2.5,,
2025-08-10T22:00:00+09:00,Kawasaki,35.5309058,139.7030511,55,pm25,55,28,6.5,1.5,2.3,5.6,28,92,1005,9.2,,
2025-08-10T22:00:00+08:00,Shenzhen,22.543099,114.057868,21,pm10,13,21,11.9,4.1,4.6,20.4,31.1,88,1007.7,4.6,,
2025-08-10T22:00:00+08:00,Zhongshan (Taiwan),25.062361,121.526528,50,pm25,50,11,11.4,1,3.4,9.9,29,83,1008,0.7,,26
2025-08-10T22:00:00+08:00,Chongqing,29.56301,106.551557,85,pm25,85,39,10.1,3.1,6.4,24.4,28,83,1004,3.6,,
2025-08-10T17:00:00+03:00,Istanbul (Turkey),41.015278,29.025,58,pm25,58,21,4.7,1.5,14,31.1,26.8,79.2,1011.7,8.7,,22.9
2025-08-10T22:00:00+07:00,Hanoi,21.0491,105.8831,89,pm25,89,61,13,13,12,11,27,94,1006,1.5,,26
2025-08-10T22:00:00+07:00,Bangkok,13.7563309,100.5017651,50,pm25,50,18,0.6,0.6,0.1,4.8,31,60.3,1006.5,1,,
2025-08-10T20:00:00+05:30,Delhi,28.6341,77.2005,89,pm25,89,74,4,0.2,7.5,11,23.833333333333332,88.43333333333334,986.6333333333333,0.3,10.2,25
2025-08-10T20:00:00+05:30,Mumbai,19.0863,72.8888,104,pm25,104,61,1.3,14.8,0.6,11.6,27,99.92,1006.7249999999999,44.96,11.3,24
2025-08-11T00:00:00+09:00,Seoul,37.566535,126.9779692,57,pm25,57,30,12.6,4.6,5.9,27.4,27.5,76.5,992.8,1,,
2025-08-10T23:00:00+08:00,Beijing,39.954592,116.468117,57,pm25,57,32,7.4,1.1,5.5,45.1,28,69,1004,3.6,,
2025-08-10T23:00:00+08:00,Shanghai,31.2047372,121.4489017,89,pm25,89,54,23.8,2.1,9.1,7.4,31,74,1004,2.5,,
2025-08-10T23:00:00+09:00,Shinjuku (Tokyo),35.713889,139.705556,46,pm25,46,25,4.7,1.5,1.2,36.8,26.3,97.1,1002.8,4.6,,25.8
2025-08-11T00:00:00+09:00,Osaka,34.6937378,135.5021651,55,pm25,55,17,4.7,7.2,0.1,13.6,28.7,70.1,995.3,4.1,,
2025-08-10T15:00:00+02:00,Paris,48.856614,2.3522219,40,o3,32,17,12,0.6,0.1,40.4,27.2,36,1026.9,3.5,,
2025-08-10T14:00:00+01:00,London,51.5073509,-0.1277583,71,pm25,71,26,17.4,0.6,1.9,17.1,26.6,40.6,1028.7,3.6,,
2025-08-10T17:00:00+02:00,Frankfurt,50.075464,8.576305,56,pm25,56,18,,0.5,0.1,37.2,26,35,1026,4.3,11.3,9.5
2025-08-10T17:00:00+02:00,Hamburg,53.564486,9.96834,38,pm25,38,14,1,1.6,0.1,31.7,21.5,47.5,1027,6.1,10.8,10
2025-08-10T23:00:00+08:00,Wuhan,30.593099,114.305393,57,pm25,57,17,4.2,3.6,9.1,,27,100,1004,1.5,,
2025-08-10T17:00:00+02:00,Warsaw (Poland),52.225171,21.014783,41,pm25,41,20,22.7,2,0.1,12,27,36,1018,9.7,,11
2025-08-11T00:00:00+09:30,Winnellie (Australia),-12.424323299931126,130.89335024356842,42,pm25,42,13,3.1,1,4.9,6.8,19.3,89.19999999999999,1010.7,2.09,,17.6
2025-08-10T20:00:00+05:30,Bangalore (India),13.0270199,77.494094,53,pm25,53,48,8,1.6,20.2,10.6,21,93.8,952.0133333333333,0.9033333333333333,,20
2025-08-10T20:00:00+05:30,Chennai (India),13.1278,80.2642,51,pm25,51,45,3.2,0.3,4.7,,29.96666666666667,63.38333333333333,83111.96666666666,2.12,9.2,24
2025-08-10T09:00:00-04:00,Georgia,33.68797,-84.29048,46,pm25,46,18,1.9,,2.3,14.5,23.3,57.2,1021.3,0.4,5.4,
2025-08-10T08:00:00-07:00,Phoenix,33.403055555556,-112.07527777778,89,pm10,58,89,4.7,,1.2,24.1,33,38,1013.8,5.1,8.7,17
2025-08-10T20:00:00+05:30,Hyderabad (India),17.417094,78.457437,168,pm25,168,88,13.3,14.4,9.3,6.9,25,79.95,1010,1.67,10.2,22
2025-08-10T08:00:00-06:00,Denver,39.732146,-105.015317,13,pm25,13,9,3.7,0.6,2.3,9,18.8889,48,1023.4,6,10,
2025-08-11T00:00:00+09:00,Daegu,35.8714354,128.601445,46,pm25,46,13,7.6,5.2,5.4,41,7.1,71,1016,3.9,,
2025-08-11T00:00:00+09:00,Gyeonggi,37.4112,127.2579,61,pm25,61,31,10.7,2.9,5.3,25.8,25,88,1004,0.5,,23
2025-08-10T23:00:00+09:00,Nagoya,35.1814464,136.906398,38,pm25,38,24,6.5,1.5,2.3,8.8,27.7,90,1005.5,2.8,,
2025-08-11T00:00:00+09:00,Fukuoka,33.5903547,130.4017155,34,o3,13,10,6.5,1.5,4.5,33.6,26,94,1004,2.5,,
2025-08-10T23:00:00+09:00,Kawasaki,35.5309058,139.7030511,53,pm25,53,30,5.6,1.5,1.2,5.6,28,92,1005,11,,
2025-08-10T23:00:00+08:00,Shenzhen,22.543099,114.057868,21,pm10,13,21,11,4.1,7.3,17.5,30.5,85.3,1007.4,3.6,,
2025-08-10T23:00:00+08:00,Zhongshan (Taiwan),25.062361,121.526528,38,pm25,38,14,12,0.9,3.3,7.5,28,88,1008,1,,26
2025-08-10T23:00:00+08:00,Chongqing,29.56301,106.551557,78,pm25,78,40,12.4,2.6,5.5,24.4,28,78,1005,4.6,,
2025-08-10T18:00:00+03:00,Istanbul (Turkey),41.015278,29.025,58,pm25,58,21,5.3,1.6,13.8,34.7,25.9,77.7,1011.2,9.7,,21.7
2025-08-10T23:00:00+07:00,Hanoi,21.0491,105.8831,107,pm25,107,68,14,15,13,12,27,94,1006,1.8,,26
2025-08-10T23:00:00+07:00,Bangkok,13.7563309,100.5017651,53,pm25,53,18,0.6,0.6,0.1,4.8,31,60.3,1006.5,1,,
2025-08-10T22:00:00+05:30,Delhi,28.6341,77.2005,102,pm25,102,71,5.2,0.6,10.4,20.5,23.675,90.125,986.625,0.3,10.2,26
2025-08-10T22:00:00+05:30,Mumbai,19.0863,72.8888,94,pm25,94,55,1.5,14.9,1.1,11.7,27,99.92,1007.3766666666666,44.63666666666666,11.3,24
2025-08-11T01:00:00+09:00,Seoul,37.566535,126.9779692,59,pm25,59,31,16.1,4.6,5.9,24.1,27,77.8,992.9,1,,
2025-08-11T00:00:00+08:00,Beijing,39.954592,116.468117,57,pm25,57,31,6.9,1.6,5.5,43.1,27,69,1003,2.5,,
2025-08-11T00:00:00+08:00,Shanghai,31.2047372,121.4489017,91,pm25,91,52,17.9,2.6,8.2,7.4,31,74,1004,2.5,,
2025-08-11T00:00:00+09:00,Shinjuku (Tokyo),35.713889,139.705556,38,pm25,38,23,3.8,1.5,1.2,36.8,26.6,95.9,1003,6.6,,25.9
2025-08-10T14:00:00+02:00,Paris,48.856614,2.3522219,41,pm25,41,17,12.5,0.6,0.1,41,27.6,35.2,1026.8,2.5,,
2025-08-10T16:00:00+01:00,London,51.5073509,-0.1277583,66,pm25,66,27,12.8,0.6,2.2,42.1,26.9,40.5,1028,3.2,,
2025-08-10T18:00:00+02:00,Frankfurt,50.075464,8.576305,49,pm25,49,15,,0.5,0.1,36.6,26,34,1026,4.3,11.3,9
2025-08-10T18:00:00+02:00,Hamburg,53.564486,9.96834,38,pm25,38,14,1,1.6,0.1,30.9,21,50.5,1027,6.1,10.8,10.5
2025-08-10T18:00:00+03:00,Moscow,55.791842,37.578405,46,pm25,46,12,32.5,0.3,9.7,19.5,24,42.5,1017,8,13,
2025-08-11T00:00:00+08:00,Wuhan,30.593099,114.305393,63,pm25,63,19,5.1,3.1,8.2,,27,100,1004,1.5,,
2025-08-10T18:00:00+02:00,Warsaw (Poland),52.225171,21.014783,42,pm25,42,21,17.4,2,0.1,12,26,41,1019,9.2,,12
2025-08-11T01:00:00+09:30,Winnellie (Australia),-12.424323299931126,130.89335024356842,35,pm25,35,13,2.2,0.9,4.7,5.4,18.9,91.8,1010.1,3.48,,17.7
2025-08-10T22:00:00+05:30,Bangalore (India),13.0270199,77.494094,77,pm25,77,47,9.4,3.1,12,10.5,21,93.8,952.1775,0.955,,20
2025-08-10T22:00:00+05:30,Chennai (India),13.1278,80.2642,54,pm25,54,13,2.9,0.9,4.4,,29.9075,67.1825,83154.25,1.23,9.2,24
2025-08-10T11:00:00-04:00,Boston,42.325184,-71.05608,51,pm25,51,12,4.7,0.5,3.4,29.6,29.8,52,1023.6,,,
2025-08-10T10:00:00-04:00,Georgia,33.68797,-84.29048,41,pm25,41,16,1.8,,2.3,14.5,24.2,54.6,1021.3,0.2,6.4,
2025-08-10T09:00:00-07:00,Phoenix,33.403055555556,-112.07527777778,78,pm10,48,78,4.7,,1.2,25.6,34,36,1013.8,4.1,8.7,17
2025-08-10T22:00:00+05:30,Hyderabad (India),17.417094,78.457437,170,pm25,170,82,13.3,14.4,7.1,6.9,25,79.7825,1011,1.525,10.2,22
2025-08-10T09:00:00-06:00,Denver,39.732146,-105.015317,13,pm25,13,10,3.2,0.6,1.9,11.4,20,45.5,1023,4,7.5,
2025-08-11T01:00:00+09:00,Daegu,35.8714354,128.601445,42,pm25,42,15,7.6,5.2,5.4,37.3,7.1,71,1016,3.9,,
2025-08-11T01:00:00+09:00,Gyeonggi,37.4112,127.2579,63,pm25,63,38,10.7,2.9,5.3,20.3,25,88,1004.3,1.5,,23
2025-08-11T00:00:00+09:00,Nagoya,35.1814464,136.906398,42,pm25,42,30,5.6,1.5,2.3,8,27.7,89,1005.3,2.8,,
2025-08-11T01:00:00+09:00,Fukuoka,33.5903547,130.4017155,32,o3,9,5,5.6,1.5,4.5,32,26,94,1004,2,,
2025-08-11T00:00:00+09:00,Kawasaki,35.5309058,139.7030511,50,pm25,50,31,6.5,1.5,2.3,4.8,28,91,1005,11.8,,
2025-08-11T00:00:00+08:00,Shenzhen,22.543099,114.057868,18,pm10,13,18,9.2,4.1,7.3,17.9,30,87.1,1007.5,2.5,,
2025-08-11T00:00:00+08:00,Zhongshan (Taiwan),25.062361,121.526528,34,pm25,34,12,9.5,0.6,2.8,7,28,88,1008,0.7,,26
2025-08-11T00:00:00+08:00,Chongqing,29.56301,106.551557,70,pm25,70,37,8.3,2.6,5.5,20.8,28,78,1005,4.6,,
2025-08-11T00:00:00+07:00,Hanoi,21.0491,105.8831,112,pm25,112,68,13,10,8,17,27,91,1006,1.5,,25.5
2025-08-11T02:00:00+09:00,Seoul,37.566535,126.9779692,57,pm25,57,30,14.2,4.6,5.6,22.7,26.5,78.7,993.1,1,,
2025-08-11T01:00:00+08:00,Beijing,39.954592,116.468117,61,pm25,61,35,7.4,1.1,5.5,36.6,27,69,1003,2.5,,
2025-08-11T01:00:00+08:00,Shanghai,31.2047372,121.4489017,82,pm25,82,47,17,2.1,8.2,7.4,31,74,1003,0.5,,
2025-08-11T01:00:00+09:00,Shinjuku (Tokyo),35.713889,139.705556,34,pm25,34,12,2.8,1.5,1.2,36.8,27.2,91,1006.7,0.2,1,
2025-08-11T01:00:00+09:00,Osaka,34.6937378,135.5021651,63,pm25,63,51,6.5,5.8,1.2,13.6,28,88,1003,5.1,,
2025-08-10T19:00:00+02:00,Frankfurt,50.075464,8.576305,48,pm25,48,17,,0.5,0.1,35.5,26,33.5,1025.5,4.1,11.3,9
2025-08-10T19:00:00+03:00,Moscow,55.791842,37.578405,63,pm25,63,14,33.9,0.2,10.6,14.6,22,51.2,1017,5.5,8.5,
2025-08-11T01:00:00+08:00,Wuhan,30.593099,114.305393,50,pm25,50,20,4.2,3.1,8.2,,26,100,1004,1.5,,
2025-08-10T19:00:00+02:00,Warsaw (Poland),52.225171,21.014783,39,pm25,39,30,22.9,2,0.1,12,21,64,1021,7.2,,14
2025-08-11T02:00:00+09:30,Winnellie (Australia),-12.424323299931126,130.89335024356842,24,pm25,24,15,2.2,0.9,4.7,5.4,18.9,92.9,1010.1,3.99,,17.7
2025-08-10T11:00:00-04:00,Georgia,33.68797,-84.29048,44,pm25,44,16,1.8,,2.5,16,26,54.4,1020.7,0.4,4.2,
2025-08-10T10:00:00-07:00,Phoenix,33.403055555556,-112.07527777778,64,pm10,51,64,4.7,,1.2,31.2,36,30,1014.2,2,8.7,16
2025-08-10T10:00:00-06:00,Denver,39.732146,-105.015317,17,pm25,17,12,2.8,0.6,1.6,12.6,21.1111,44.5,1022.7,4,9.5,
2025-08-11T02:00:00+09:00,Daegu,35.8714354,128.601445,42,pm25,42,19,7.6,5.2,6,31.2,7.1,71,1016,3.9,,
2025-08-11T02:00:00+09:00,Gyeonggi,37.4112,127.2579,87,pm25,87,32,9.6,2.9,5.2,9.2,25,88,1004.3,1.5,,23
2025-08-11T01:00:00+09:00,Nagoya,35.1814464,136.906398,42,pm25,42,30,5.6,1.5,2.3,8,27.7,89,1004.9,2.8,,
2025-08-11T01:00:00+09:00,Kawasaki,35.5309058,139.7030511,53,pm25,53,31,3.8,1.5,1.2,4.8,28,94,1005,10.8,,
2025-08-11T01:00:00+08:00,Shenzhen,22.543099,114.057868,21,pm10,13,21,10.1,4.1,7.3,14.7,30,87,1007.1,2.5,,
2025-08-11T01:00:00+08:00,Zhongshan (Taiwan),25.062361,121.526528,50,pm25,50,14,8.7,0.8,2.5,5.6,28,88,1008,0.7,,26
2025-08-11T01:00:00+08:00,Chongqing,29.56301,106.551557,70,pm25,70,36,10.1,2.6,6.4,23.6,27,83,1004,2.5,,
2025-08-10T19:00:00+03:00,Istanbul (Turkey),41.015278,29.025,59,pm25,59,21,5.9,1.6,13.7,34.7,25.7,79.6,1010.7,7.7,,21.9
2025-08-11T01:00:00+07:00,Hanoi,21.0491,105.8831,106,pm25,106,65,7,10,8,21,27,88,1006,1.5,,25
2025-08-11T01:00:00+07:00,Bangkok,13.7563309,100.5017651,30,pm25,30,14,0.6,0.6,0.1,4.8,29.6,67.3,1007.3,1.5,,
2025-08-11T00:00:00+05:30,Delhi,28.6341,77.2005,104,pm25,104,74,8.1,0.4,10.9,19.3,24.1,89.375,986.625,0.475,10.2,26
2025-08-11T00:00:00+05:30,Mumbai,19.0863,72.8888,95,pm25,95,56,2,14.9,2.1,11.6,27,99.92,1007.5799999999999,44.43333333333333,11.3,25
2025-08-11T03:00:00+09:00,Seoul,37.566535,126.9779692,61,pm25,61,30,14.2,4.5,5.8,20.2,25.7,78.6,993.1,1,,
2025-08-11T02:00:00+08:00,Beijing,39.954592,116.468117,65,pm25,65,37,7.8,1.6,5.5,33.3,26,73,1003,2.5,,
2025-08-11T02:00:00+08:00,Shanghai,31.2047372,121.4489017,80,pm25,80,46,18.8,2.1,8.2,7.4,30,79,1003,0.5,,
2025-08-11T02:00:00+09:00,Shinjuku (Tokyo),35.713889,139.705556,25,pm25,25,21,2.8,1.5,1.2,36.8,27.2,91.3,1006.5,0.2,3.3,
2025-08-11T03:00:00+09:00,Osaka,34.6937378,135.5021651,38,pm25,38,23,12.1,7.2,0.1,16,27,88,1002,6.1,,
2025-08-10T16:00:00+02:00,Paris,48.856614,2.3522219,50,pm25,50,26,14.9,0.6,0.1,42.1,27.3,34.5,1025.7,0.7,,
2025-08-10T18:00:00+01:00,London,51.5073509,-0.1277583,50,pm25,50,24,32,1.1,2.8,27.3,26.1,43,1026.8,0.8,,
2025-08-10T20:00:00+02:00,Frankfurt,50.075464,8.576305,48,pm25,48,18,,0.5,0.1,34.7,25.5,36,1025,4.1,11.3,9.5
2025-08-10T20:00:00+02:00,Hamburg,53.564486,9.96834,34,pm25,34,13,1,1.6,0.1,26.4,19,52,1027,5.1,10.8,9
2025-08-10T21:00:00+03:00,Moscow,55.791842,37.578405,74,pm25,74,14,40.7,0.2,17.5,6,20.5,60,1016.7,2,3.3,
2025-08-11T02:00:00+08:00,Wuhan,30.593099,114.305393,38,pm25,38,12,4.2,3.6,5.5,,26,100,1004,1.5,,
2025-08-10T20:00:00+02:00,Warsaw (Poland),52.225171,21.014783,28,pm25,28,14,19.7,2,0.1,12,20,68,1021,5.6,,14
2025-08-11T03:00:00+09:30,Winnellie (Australia),-12.424323299931126,130.89335024356842,43,pm25,43,12,2.2,0.9,4.6,7,17.8,96.13333333333333,1009.4,2.7866666666666666,,16.7
2025-08-11T00:00:00+05:30,Bangalore (India),13.0270199,77.494094,47,pm10,45,47,7.8,1.2,8.5,10.6,20.5,93.8,952.1075,0.9675,,19.5
2025-08-11T00:00:00+05:30,Chennai (India),13.1278,80.2642,172,pm10,20,172,2.6,1.3,2.7,,29.58,67.68,83107.6,1.4075,9.2,24
2025-08-10T13:00:00-04:00,Boston,42.325184,-71.05608,51,pm25,51,16,12.1,0.5,5.6,37.6,29.4,55.5,1022.7,,,
2025-08-10T12:00:00-04:00,Georgia,33.68797,-84.29048,55,pm25,55,20,1.6,0.2,3.4,19.2,27.6,52.8,1020.1,0.4,5.6,
2025-08-10T11:00:00-07:00,Phoenix,33.403055555556,-112.07527777778,58,pm10,50,58,4.7,,1.2,38.4,38,27,1013.8,2.5,8.7,16
2025-08-11T00:00:00+05:30,Hyderabad (India),17.417094,78.457437,165,pm25,165,84,13.3,14.1,5.6,6.9,25,96.425,1011,1.3724999999999998,10.2,22
2025-08-10T11:00:00-06:00,Denver,39.732146,-105.015317,25,pm25,25,15,2.3,0.6,1.5,18.3,22.7778,42.5,1022.2,6,11.5,
2025-08-11T03:00:00+09:00,Daegu,35.8714354,128.601445,50,pm25,50,17,7,5.2,6,27.6,7.1,71,1016,3.9,,
2025-08-11T03:00:00+09:00,Gyeonggi,37.4112,127.2579,72,pm25,72,30,10.8,2.9,5.2,6.1,24,94,1004,2,,23
2025-08-11T02:00:00+09:00,Nagoya,35.1814464,136.906398,38,pm25,38,29,8.4,1.5,1.2,7.3,27.7,86,1004.6,3.2,,
2025-08-11T03:00:00+09:00,Fukuoka,33.5903547,130.4017155,32,o3,9,6,4.7,1.5,3.4,32,26,94,1003,5.1,,
2025-08-11T02:00:00+09:00,Kawasaki,35.5309058,139.7030511,42,pm25,42,29,4.7,1.5,1.2,4.8,28,94,1005,10.6,,
2025-08-11T02:00:00+08:00,Shenzhen,22.543099,114.057868,21,pm10,13,21,10.1,4.1,5.5,14.3,29,90.2,1006.8,2.5,,
2025-08-11T02:00:00+08:00,Zhongshan (Taiwan),25.062361,121.526528,46,pm25,46,14,6.2,0.6,2,7.1,28,88,1007,1,,26
2025-08-11T02:00:00+08:00,Chongqing,29.56301,106.551557,76,pm25,76,31,11.5,2.6,6.4,21.2,27,88,1004,4.6,,
2025-08-10T21:00:00+03:00,Istanbul (Turkey),41.015278,29.025,60,pm25,60,21,6.4,1.6,13.8,34.4,25.2,83,1010.7,4.6,,22.1
2025-08-11T02:00:00+07:00,Hanoi,21.0491,105.8831,96,pm25,96,62,6,10,6,21,27,94,1005,1.5,,26
2025-08-11T02:00:00+07:00,Bangkok,13.7563309,100.5017651,35,pm25,35,14,0.6,0.6,0.1,4.8,29.6,67.3,1007.3,1.5,,
2025-08-11T04:00:00+09:00,Seoul,37.566535,126.9779692,57,pm25,57,29,15.8,4.5,5.5,14.4,25.7,78.6,993.1,1,,
2025-08-11T03:00:00+08:00,Beijing,39.954592,116.468117,65,pm25,65,37,8.3,1.6,5.5,30.1,25,78,1002,2.5,,
2025-08-11T03:00:00+09:00,Shinjuku (Tokyo),35.713889,139.705556,34,pm25,34,21,2.8,1.5,1.2,36.8,26.2,98.2,1002.5,5.6,,25.9
2025-08-11T04:00:00+09:00,Osaka,34.6937378,135.5021651,53,pm25,53,50,7.5,5.8,0.1,15.2,27.4,88,1003,6.1,,
2025-08-10T18:00:00+02:00,Paris,48.856614,2.3522219,50,pm25,50,24,18.6,0.6,0.1,40.4,25.5,38,1025.7,0.6,,
2025-08-10T21:00:00+02:00,Frankfurt,50.075464,8.576305,49,pm25,49,17,,0.5,0.1,32,24.5,38.5,1025,4.1,11.3,9.5
2025-08-10T21:00:00+02:00,Hamburg,53.564486,9.96834,34,pm25,34,12,2.3,1.6,0.1,24.4,17.5,65,1027,3.6,10.8,11
2025-08-10T22:00:00+03:00,Moscow,55.791842,37.578405,91,pm25,91,22,42.5,0.2,20.6,3.8,19.6,65,1016.5,0.3,1.3,
2025-08-10T21:00:00+02:00,Warsaw (Poland),52.225171,21.014783,34,pm25,34,14,17.9,2,0.1,12,19,72,1023,4.6,,14
2025-08-11T04:00:00+09:30,Winnellie (Australia),-12.424323299931126,130.89335024356842,26,pm25,26,7,1.7,1,4.7,8.1,17.8,96.2,1009.4,3.79,,16.7
2025-08-10T12:00:00-07:00,Phoenix,33.403055555556,-112.07527777778,51,pm10,47,51,4.7,,1.2,40,39,25,1013.2,5.1,8.7,16
2025-08-10T12:00:00-06:00,Denver,39.732146,-105.015317,30,pm25,30,15,5.1,0.6,3.1,19.9,23.3333,44.3,1021.5,6,10,
2025-08-11T04:00:00+09:00,Daegu,35.8714354,128.601445,50,pm25,50,18,8.4,3.5,5.6,21.8,7.1,71,1016,3.9,,
2025-08-11T04:00:00+09:00,Gyeonggi,37.4112,127.2579,65,pm25,65,30,10.6,2.6,4.9,4.3,25,88,1004,2,,23
2025-08-11T03:00:00+09:00,Nagoya,35.1814464,136.906398,38,pm25,38,29,9.3,1.5,1.2,6.4,27.7,94.3,1004.6,3.2,,
2025-08-11T04:00:00+09:00,Fukuoka,33.5903547,130.4017155,31,o3,13,6,4.7,1.5,3.4,31.2,26.3,92,1003,6.1,,
2025-08-11T03:00:00+09:00,Kawasaki,35.5309058,139.7030511,42,pm25,42,24,5.6,1.5,3.4,6.4,28,95,1005,11.4,,
2025-08-11T03:00:00+08:00,Zhongshan (Taiwan),25.062361,121.526528,34,pm25,34,17,6.7,0.8,2.2,6.1,28,88,1007,1,,26
2025-08-10T22:00:00+03:00,Istanbul (Turkey),41.015278,29.025,59,pm25,59,21,6.8,1.6,13.9,34.5,25.2,83,1010.7,4.6,,22.1
2025-08-11T03:00:00+07:00,Hanoi,21.0491,105.8831,94,pm25,94,61,7,9,4,19,27,91,1005,1.5,,25.5
2025-08-11T03:00:00+07:00,Bangkok,13.7563309,100.5017651,33,pm25,33,16,0.6,0.6,0.1,4.8,30,65.3,1007,4.3,,
2025-08-11T01:00:00+05:30,Delhi,28.6341,77.2005,114,pm25,114,78,7,1.6,9.8,11.2,23.4,89.85,986.6,0.25,10.2,25
2025-08-11T01:00:00+05:30,Mumbai,19.0863,72.8888,93,pm25,93,55,2,14.9,1.9,11.6,27,99.92,1007.0350000000001,44.945,11.3,25
2025-08-11T05:00:00+09:00,Seoul,37.566535,126.9779692,70,pm25,70,29,16.4,4.5,5.6,12.1,25.5,79.5,993.1,1,,
2025-08-11T04:00:00+08:00,Beijing,39.954592,116.468117,65,pm25,65,35,8.3,1.6,5.5,30.1,24,83,1002,1.5,,
2025-08-11T04:00:00+08:00,Shanghai,31.2047372,121.4489017,72,pm25,72,40,15.6,4.6,8.2,35.8,30,79,1002,1.5,,
2025-08-11T04:00:00+09:00,Shinjuku (Tokyo),35.713889,139.705556,34,pm25,34,17,1.9,1.5,1.2,36.8,26.2,98.2,1002.5,5.6,,25.9
2025-08-11T05:00:00+09:00,Osaka,34.6937378,135.5021651,46,pm25,46,37,7.5,7.2,0.1,12.8,27.6,86.8,994.8,4.1,,
2025-08-10T19:00:00+01:00,London,51.5073509,-0.1277583,69,pm25,69,25,22.9,1.1,2.8,28.5,23.7,51.2,1026.9,0.6,,
2025-08-10T22:00:00+02:00,Frankfurt,50.075464,8.576305,53,pm25,53,26,,0.5,0.1,15.8,23,43.5,1026,3.6,11.3,10
2025-08-10T22:00:00+02:00,Hamburg,53.564486,9.96834,30,pm25,30,12,3.7,1.6,0.1,22.8,15.5,74,1027,2.3,10.8,11
2025-08-10T23:00:00+03:00,Moscow,55.791842,37.578405,87,pm25,87,27,39.8,0.2,19.9,3.3,18.8,70,1016.1,0.3,1,
2025-08-11T04:00:00+08:00,Wuhan,30.593099,114.305393,68,pm25,68,15,5.1,3.1,5.5,,25,100,1003,1.5,,
2025-08-10T22:00:00+02:00,Warsaw (Poland),52.225171,21.014783,39,pm25,39,15,20.5,2,0.1,12,18,77,1023,3,,14
2025-08-11T05:00:00+09:30,Winnellie (Australia),-12.424323299931126,130.89335024356842,29,pm25,29,8,3.5,1.3,4.7,6.6,17.8,89.1,1009.3,4,,17.2
2025-08-11T01:00:00+05:30,Bangalore (India),13.0270199,77.494094,47,pm10,46,47,7.9,3,9.3,10.5,20,93.8,951.7233333333334,0.9366666666666666,,20
2025-08-11T01:00:00+05:30,Chennai (India),13.1278,80.2642,999,pm10,6,999,2.1,1,3.8,,29.44333333333333,67.49,82979.16666666667,1.21,9.2,24
2025-08-10T14:00:00-04:00,Boston,42.325184,-71.05608,42,o3,42,20,8.4,0.6,3.4,42.4,30.7,52.6,1022.2,,,
2025-08-10T14:00:00-04:00,Georgia,33.68797,-84.29048,30,pm25,30,11,0.9,0.2,2.3,20.8,27,54.1,1019.3,0.1,5,
2025-08-10T13:00:00-07:00,Phoenix,33.403055555556,-112.07527777778,63,pm10,55,63,4.7,,1.2,36.1,40,21,1012.1,5.6,14.9,14
2025-08-11T01:00:00+05:30,Hyderabad (India),17.417094,78.457437,160,pm25,160,76,7.4,15.5,6.1,7,25,98.58999999999999,1011,1.7333333333333332,10.2,22
2025-08-10T13:00:00-06:00,Denver,39.732146,-105.015317,34,pm25,34,17,6.4,0.6,3.6,22.4,23.8889,44.6,1021.5,6,10,
2025-08-11T04:00:00+09:00,Nagoya,35.1814464,136.906398,46,pm25,46,29,7.5,1.5,1.2,6.4,27.7,88.3,1004.7,3,,
2025-08-11T05:00:00+09:00,Fukuoka,33.5903547,130.4017155,30,o3,13,10,2.8,1.5,3.4,29.6,26.3,92,1003,5.9,,
2025-08-11T04:00:00+09:00,Kawasaki,35.5309058,139.7030511,42,pm25,42,28,5.6,1.5,4.5,6.4,27,88,1005,10.2,,
2025-08-11T04:00:00+08:00,Shenzhen,22.543099,114.057868,17,pm10,13,17,17.4,3.6,5.5,12.2,28.6,91,1006.5,1,,
2025-08-11T04:00:00+08:00,Zhongshan (Taiwan),25.062361,121.526528,50,pm25,50,14,4.8,0.6,1.7,6.8,27,88,1007,2,,25
2025-08-11T04:00:00+08:00,Chongqing,29.56301,106.551557,68,pm25,68,31,9.2,3.1,5.5,17.9,27,88,1004,3.6,,
2025-08-10T23:00:00+03:00,Istanbul (Turkey),41.015278,29.025,57,pm25,57,20,7.4,1.6,14.1,37,25,84,1011.1,6.1,,22.1
2025-08-11T04:00:00+07:00,Hanoi,21.0491,105.8831,78,pm25,78,56,8,9,3,18,27,94,1005,2.5,,26
2025-08-11T04:00:00+07:00,Bangkok,13.7563309,100.5017651,31,pm25,31,16,0.6,0.6,0.1,4.8,29,62,1006,5.1,,
2025-08-11T02:00:00+05:30,Mumbai,19.0863,72.8888,87,pm25,87,51,1.8,14.9,1.6,11.5,27,99.92,1006.46,45.135,11.3,25
2025-08-11T06:00:00+09:00,Seoul,37.566535,126.9779692,59,pm25,59,29,19.2,4.3,5.8,12.1,25.5,79.5,993.1,1,,
2025-08-11T05:00:00+08:00,Beijing,39.954592,116.468117,68,pm25,68,35,6.9,1.6,5.5,30.5,24,83,1002,2.5,,
2025-08-11T05:00:00+08:00,Shanghai,31.2047372,121.4489017,74,pm25,74,40,14.2,5.1,8.2,21.6,30,74,1002,1.5,,
2025-08-11T05:00:00+09:00,Shinjuku (Tokyo),35.713889,139.705556,34,pm25,34,16,1.9,1.5,1.2,36.8,26.3,97.1,1002.8,5.6,,25.8
2025-08-10T19:00:00+02:00,Paris,48.856614,2.3522219,40,o3,39,26,21.3,0.6,0.1,39.8,24.1,41.7,1026.1,0.2,,
2025-08-10T20:00:00+01:00,London,51.5073509,-0.1277583,55,pm25,55,25,20.2,1.1,2.8,28.5,22.4,56.7,1027.3,4.8,,
2025-08-10T23:00:00+02:00,Frankfurt,50.075464,8.576305,57,pm25,57,41,,0.5,0.1,12.8,21,51,1026,3.6,11.3,10.5
2025-08-10T23:00:00+02:00,Hamburg,53.564486,9.96834,30,pm25,30,12,5.1,1.6,0.1,21.6,14,82,1027,1.2,10.8,11
2025-08-11T00:00:00+03:00,Moscow,55.791842,37.578405,85,pm25,85,40,38,0.1,16.6,2.9,18.3,70,1015.9,0.1,1,
2025-08-10T23:00:00+02:00,Warsaw (Poland),52.225171,21.014783,43,pm25,43,17,20.6,2,0.1,12,16,87,1024,2,,14
2025-08-11T06:00:00+09:30,Winnellie (Australia),-12.424323299931126,130.89335024356842,32,pm25,32,9,4.1,1.1,4.5,6.6,16.4,67,1010.1,5.99,,12.6
2025-08-11T02:00:00+05:30,Bangalore (India),13.0270199,77.494094,46,pm10,45,46,8.2,2.8,6.8,10.6,20,93.8,951.54,0.9333333333333335,,19
2025-08-11T02:00:00+05:30,Chennai (India),13.1278,80.2642,9,pm25,9,9,2.1,1.1,3.9,,29.426666666666666,67.78333333333333,82962.90000000001,1.6500000000000001,9.2,24
2025-08-10T15:00:00-04:00,Georgia,33.68797,-84.29048,30,pm25,30,11,1.5,0.2,2.3,18.4,27.2,53.6,1020,0.3,5.8,
2025-08-10T14:00:00-07:00,Phoenix,33.403055555556,-112.07527777778,84,pm10,63,84,4.7,,1.2,36.8,41,20,1011.1,6.6,9.2,14
2025-08-11T02:00:00+05:30,Hyderabad (India),17.417094,78.457437,149,pm25,149,72,6.4,15.2,5.7,6.9,25,99.29,1011,0.9833333333333334,10.2,22
2025-08-10T14:00:00-06:00,Denver,39.732146,-105.015317,34,pm25,34,16,6,0.6,3.1,22.4,25,43.5,1020.8,6,8,
2025-08-11T05:00:00+09:00,Daegu,35.8714354,128.601445,46,pm25,46,18,7.5,3.6,5.7,21.6,7.1,71,1016,3.9,,
2025-08-11T05:00:00+09:00,Gyeonggi,37.4112,127.2579,57,pm25,57,27,10,2.5,4.9,4.1,25,88,1004.3,1.5,,23
2025-08-11T05:00:00+09:00,Nagoya,35.1814464,136.906398,34,pm25,34,25,6.5,1.5,1.2,8.8,27.2,89,1004.7,4.6,,
2025-08-11T06:00:00+09:00,Fukuoka,33.5903547,130.4017155,33,o3,9,4,3.8,1.5,3.4,32.8,26.3,90.9,1002.3,6.9,,
2025-08-11T05:00:00+09:00,Kawasaki,35.5309058,139.7030511,42,pm25,42,19,6.5,1.5,3.4,6.4,28,93,1005,10,,
2025-08-11T05:00:00+08:00,Zhongshan (Taiwan),25.062361,121.526528,46,pm25,46,14,4.8,0.6,1.7,5.5,27,88,1007,2,,25
2025-08-11T05:00:00+08:00,Chongqing,29.56301,106.551557,76,pm25,76,34,7.8,3.1,5.5,16.3,27,88,1004,1.5,,
2025-08-11T00:00:00+03:00,Istanbul (Turkey),41.015278,29.025,56,pm25,56,20,7.4,1.6,14.4,38.8,25,84,1011.1,6.1,,22.1
2025-08-11T05:00:00+07:00,Hanoi,21.0491,105.8831,52,pm25,52,46,6,9,5,23,27,94,1005,2.5,,26
2025-08-11T04:00:00+05:30,Mumbai,19.0863,72.8888,87,pm25,87,51,1.6,14.9,1.2,11.5,27,99.92,1006.075,44.06,11.3,25
2025-08-11T07:00:00+09:00,Seoul,37.566535,126.9779692,59,pm25,59,30,18.2,4.6,5.6,10.7,25.1,83,993.8,1.5,,
2025-08-11T06:00:00+08:00,Beijing,39.954592,116.468117,70,pm25,70,36,8.3,1.6,5.5,26.4,23,88,1003,0.5,,
2025-08-11T06:00:00+08:00,Shanghai,31.2047372,121.4489017,74,pm25,74,43,12.8,4.6,7.3,21.6,30,79,1002,1.5,,
2025-08-11T06:00:00+09:00,Osaka,34.6937378,135.5021651,50,pm10,42,50,8.4,7.2,3.4,12.8,28,94,1004.6,4.6,,
2025-08-10T20:00:00+02:00,Paris,48.856614,2.3522219,35,pm25,35,20,32.2,0.6,0.1,18.5,23.1,44.8,1026.1,0.2,,
2025-08-10T21:00:00+01:00,London,51.5073509,-0.1277583,55,pm25,55,22,17.9,0.6,2.8,38,21.7,58.5,1027.6,3.2,,
2025-08-11T00:00:00+02:00,Frankfurt,50.075464,8.576305,55,pm25,55,33,,0.5,0.1,9,20.5,52.5,1026,4.1,11.3,10.5
2025-08-11T00:00:00+02:00,Hamburg,53.564486,9.96834,30,pm25,30,11,5.1,1.6,0.1,20.4,13,82,1027.5,1,10.8,10
2025-08-11T06:00:00+08:00,Wuhan,30.593099,114.305393,38,pm25,38,17,4.6,2.1,4.6,,24,100,1003,1.5,,
2025-08-11T00:00:00+02:00,Warsaw (Poland),52.225171,21.014783,43,pm25,43,17,23.9,2,0.1,12,15,87,1024,2,,13
2025-08-11T07:00:00+09:30,Winnellie (Australia),-12.424323299931126,130.89335024356842,46,pm25,46,15,5.2,1.3,5,6,16.6,53.2,1010.4,7.09,,11.1
2025-08-11T03:00:00+05:30,Bangalore (India),13.0270199,77.494094,65,pm25,65,46,8.3,2.2,10.4,10.5,20,93.8,951.4366666666668,0.9366666666666666,,19
2025-08-11T03:00:00+05:30,Chennai (India),13.1278,80.2642,266,pm25,266,11,2.2,1.4,3,,29.623333333333335,65.67,82975.46666666666,1.5899999999999999,9.2,24
2025-08-10T17:00:00-04:00,Boston,42.325184,-71.05608,50,pm25,50,19,9.3,0.5,5.6,42.4,30,53.6,1022.4,,,
2025-08-10T16:00:00-04:00,Georgia,33.68797,-84.29048,29,pm25,29,12,1.4,0.2,2.3,19.2,27.5,52.5,1019.8,0.2,4.2,
2025-08-10T15:00:00-07:00,Phoenix,33.403055555556,-112.07527777778,94,pm10,63,94,4.7,,1.2,36.1,42,20,1010.1,7.7,10.2,15
2025-08-11T03:00:00+05:30,Hyderabad (India),17.417094,78.457437,124,pm25,124,69,5.2,15.1,5.2,7,25,99.34333333333332,1011,1.5200000000000002,10.2,22
2025-08-10T15:00:00-06:00,Denver,39.732146,-105.015317,30,pm25,30,14,4.2,0.6,2.7,22.8,23.8889,49.5,1020.8,7,7.5,
2025-08-11T07:00:00+09:00,Daegu,35.8714354,128.601445,61,pm25,61,19,11.6,3.3,5.7,20.7,7.1,71,1016,3.9,,
2025-08-11T07:00:00+09:00,Gyeonggi,37.4112,127.2579,50,pm25,50,27,8.1,2.5,5.3,4.6,25,88,1004.7,1.5,,23
2025-08-11T06:00:00+09:00,Nagoya,35.1814464,136.906398,46,pm25,46,26,6.5,1.5,1.2,7.3,26.6,90,1005.7,3.9,,
2025-08-11T07:00:00+09:00,Fukuoka,33.5903547,130.4017155,33,o3,9,5,7.5,1.5,3.4,32.8,26,94,1004,4.1,,
2025-08-11T06:00:00+09:00,Kawasaki,35.5309058,139.7030511,42,pm25,42,17,3.8,1.5,2.3,5.6,28,89,1005,10.2,,
2025-08-11T06:00:00+08:00,Shenzhen,22.543099,114.057868,22,pm10,13,22,15.1,3.6,5.5,10.6,29,92.6,1006.5,1.5,,
2025-08-11T06:00:00+08:00,Zhongshan (Taiwan),25.062361,121.526528,46,pm25,46,14,4.5,0.6,1.8,4.2,27,88,1007,2,,25
2025-08-11T06:00:00+08:00,Chongqing,29.56301,106.551557,78,pm25,78,38,8.3,4.1,6.4,16.3,27,88,1004,1.5,,
2025-08-11T06:00:00+07:00,Hanoi,21.0491,105.8831,41,pm25,41,35,3,10,14,30,27,94,1005,1.5,,26
2025-08-11T06:00:00+07:00,Bangkok,13.7563309,100.5017651,34,pm25,34,22,0.6,0.6,0.1,4.8,28,69,1006,1.5,,
2025-08-11T05:00:00+05:30,Mumbai,19.0863,72.8888,86,pm25,86,51,1.6,14.9,1.3,11.4,27,99.92,1006.14,44.053333333333335,11.3,25
2025-08-11T08:00:00+09:00,Seoul,37.566535,126.9779692,61,pm25,61,30,18,4.6,6,12.3,25.1,83,993.8,1.5,,
2025-08-11T07:00:00+08:00,Beijing,39.954592,116.468117,74,pm25,74,40,9.6,1.6,6.4,23.6,26,78,1003,0.5,,
2025-08-11T07:00:00+08:00,Shanghai,31.2047372,121.4489017,76,pm25,76,45,17.4,4.1,7.3,21.6,31,74,1003,0.5,,
2025-08-11T07:00:00+09:00,Shinjuku (Tokyo),35.713889,139.705556,31,pm10,34,31,3.8,1.5,2.3,7.3,28.3,86,1007.1,0.2,2,
2025-08-11T07:00:00+09:00,Osaka,34.6937378,135.5021651,46,pm25,46,37,10.2,7.2,2.3,16,27,94,1005,2.6,,
2025-08-10T23:00:00+02:00,Paris,48.856614,2.3522219,20,pm10,39,20,32.2,0.6,0.1,18.5,21.6,53.2,1025.7,0.2,,
2025-08-10T22:00:00+01:00,London,51.5073509,-0.1277583,57,pm25,57,22,17.9,1.1,2.8,35.1,21.7,59,1027.6,3.2,,
2025-08-11T01:00:00+02:00,Hamburg,53.564486,9.96834,25,pm25,25,11,5.1,1.6,0.1,20.4,11.5,96.5,1028,0.5,10.8,11
2025-08-11T02:00:00+03:00,Moscow,55.791842,37.578405,76,pm25,76,38,31.6,0.3,11.8,3.6,17.7,73,1015.2,0.3,2,
2025-08-11T01:00:00+02:00,Warsaw (Poland),52.225171,21.014783,42,pm25,42,16,14.3,2,0.1,12,14,87,1024,2.5,,12
2025-08-11T08:00:00+09:30,Winnellie (Australia),-12.424323299931126,130.89335024356842,61,pm25,61,24,6.8,1.2,4.7,6.4,21,40.6,1011.4,8.879999999999999,,7.6
2025-08-11T04:00:00+05:30,Bangalore (India),13.0270199,77.494094,77,pm25,77,47,8.2,3.7,22.5,10.5,20,93.8,951.5433333333334,0.9366666666666666,,19
2025-08-11T04:00:00+05:30,Chennai (India),13.1278,80.2642,623,pm25,623,11,2.2,0.7,2.1,,29.626666666666665,68.12666666666667,82980.26666666666,1.8333333333333333,9.2,24
2025-08-10T17:00:00-04:00,Georgia,33.68797,-84.29048,28,pm25,28,11,1.8,0.2,2.3,17.6,26.6,54.6,1019.5,0.1,2,
2025-08-10T16:00:00-07:00,Phoenix,33.403055555556,-112.07527777778,116,pm10,75,116,4.7,,1.2,36.8,42,19,1009.1,7.2,11.8,14
2025-08-11T04:00:00+05:30,Hyderabad (India),17.417094,78.457437,117,pm25,117,66,4.7,15.1,4.9,6.9,25,98.05333333333333,1011,1.7466666666666668,10.2,22
2025-08-10T16:00:00-06:00,Denver,39.732146,-105.015317,30,pm25,30,10,1.9,0.6,1.5,21.2,23.8889,46.5,1018.8,4,7,
2025-08-11T08:00:00+09:00,Daegu,35.8714354,128.601445,63,pm25,63,23,11.6,3.3,7.5,16.5,7.1,71,1016,3.9,,
2025-08-11T08:00:00+09:00,Gyeonggi,37.4112,127.2579,53,pm25,53,27,8.1,2.5,4.7,4.3,25,88,1004.7,1.5,,23
2025-08-11T07:00:00+09:00,Nagoya,35.1814464,136.906398,46,pm25,46,21,6.5,1.5,1.2,9.6,26.1,92,1006,4.8,,
2025-08-11T08:00:00+09:00,Fukuoka,33.5903547,130.4017155,31,o3,13,7,8.4,1.5,3.4,31.2,25,94,1004,4.6,,
2025-08-11T07:00:00+09:00,Kawasaki,35.5309058,139.7030511,46,pm25,46,40,4.7,1.5,2.3,6.4,28,91,1006,10.2,,
2025-08-11T07:00:00+08:00,Shenzhen,22.543099,114.057868,34,pm25,34,22,15.1,4.1,6.4,7,29,89,1006.9,2.5,,
2025-08-11T07:00:00+08:00,Zhongshan (Taiwan),25.062361,121.526528,34,pm25,34,18,4.8,0.6,2.2,5.2,29,83,1007,1,,26
2025-08-11T07:00:00+08:00,Chongqing,29.56301,106.551557,72,pm25,72,36,6.4,3.6,6.4,15.1,25,100,1004,1.5,,
2025-08-11T01:00:00+03:00,Istanbul (Turkey),41.015278,29.025,54,pm25,54,20,8.4,1.7,14.8,39,24.3,93,1010.5,5.1,,23.1
2025-08-11T09:00:00+07:00,Hanoi,21.0491,105.8831,89,pm25,89,60,35,11,12,25,30.5,86.5,1005.5,2.8,,28
2025-08-11T09:00:00+07:00,Bangkok,13.7563309,100.5017651,60,pm25,60,18,0.6,0.6,0.1,4.8,29.5,63.5,1007.5,2.5,,
2025-08-11T08:00:00+05:30,Mumbai,19.0863,72.8888,91,pm25,91,54,1.6,14.9,1.2,12.1,28,99.92,1007.1166666666667,44.026666666666664,11.3,25
2025-08-11T11:00:00+09:00,Seoul,37.566535,126.9779692,72,pm25,72,33,21.4,4.9,6.4,32.6,26.7,75.9,994.6,1.5,,
2025-08-11T10:00:00+08:00,Beijing,39.954592,116.468117,59,pm25,59,29,4.6,2.1,5.5,47.2,31,55,1003,4.6,,
2025-08-11T10:00:00+08:00,Shanghai,31.2047372,121.4489017,102,pm25,102,49,9.6,4.6,6.4,39.4,35,59,1003,1.5,,
2025-08-11T10:00:00+09:00,Shinjuku (Tokyo),35.713889,139.705556,38,pm25,38,23,3.8,1.5,2.3,7.3,26.5,94.8,1003.8,4.6,,25.6
2025-08-11T10:00:00+09:00,Osaka,34.6937378,135.5021651,53,pm25,53,42,9.3,5.8,3.4,16,29,82.9,997.5,3.6,,
2025-08-11T00:00:00+02:00,Paris,48.856614,2.3522219,53,pm25,53,14,22.7,0.6,0.1,13.7,19.2,62.3,1025.1,0.2,,
2025-08-11T01:00:00+01:00,London,51.5073509,-0.1277583,61,pm25,61,19,9.6,0.7,2.7,24.8,15.3,79.6,1027.1,0.3,,
2025-08-11T04:00:00+02:00,Frankfurt,50.075464,8.576305,48,pm25,48,16,,0.5,0.1,16.1,17.5,61,1026,3.8,11.3,10
2025-08-11T03:00:00+02:00,Hamburg,53.564486,9.96834,25,pm25,25,11,6,1.6,0.1,13,9,100,1027,0.5,10.8,9
2025-08-11T04:00:00+03:00,Moscow,55.791842,37.578405,72,pm25,72,29,28.4,0.2,8.8,2.9,16.8,78.6,1014.3,0.6,2,
2025-08-11T09:00:00+08:00,Wuhan,30.593099,114.305393,25,pm25,25,10,5.5,1.6,7.3,,24,100,1004,1.5,,
2025-08-11T04:00:00+02:00,Warsaw (Poland),52.225171,21.014783,30,pm25,30,12,5.8,2,0.1,12,12,87,1025,1.5,,10
2025-08-11T11:00:00+09:30,Winnellie (Australia),-12.424323299931126,130.89335024356842,54,pm10,23,54,1.9,0.8,3.7,12.8,26.7,19.700000000000003,1011.5,13.5,,3.2
2025-08-11T07:00:00+05:30,Bangalore (India),13.0270199,77.494094,51,pm10,45,51,7.3,0.6,18.1,10.5,21,93.8,952.0033333333334,0.9433333333333334,,19
2025-08-11T07:00:00+05:30,Chennai (India),13.1278,80.2642,25,pm25,25,15,2.5,0.9,1.3,,29.316666666666666,65.65666666666667,83110.16666666667,2.22,9.2,25
2025-08-10T20:00:00-04:00,Boston,42.325184,-71.05608,35,pm25,35,18,6.5,0.6,3.4,34.4,25.2,68.5,1022.9,,,
2025-08-10T20:00:00-04:00,Georgia,33.68797,-84.29048,28,pm25,28,10,3.5,0.2,2.5,8.8,24.6,60,1020.2,0.1,2.4,
2025-08-10T19:00:00-07:00,Phoenix,33.403055555556,-112.07527777778,86,pm10,75,86,4.7,,1.2,36.8,41,20,1008.1,5.6,9.2,14
2025-08-11T07:00:00+05:30,Hyderabad (India),17.417094,78.457437,154,pm25,154,71,6.8,15.4,5.7,6.9,24,90.56,1011,2.1399999999999997,10.2,22
2025-08-10T19:00:00-06:00,Denver,39.732146,-105.015317,34,pm25,34,12,3.2,0.6,2.5,16.7,21.6667,59.6,1021.3,3,4.6,
2025-08-11T11:00:00+09:00,Daegu,35.8714354,128.601445,46,pm25,46,20,12.8,4.3,5.5,41.4,7.1,71,1016,3.9,,
2025-08-11T11:00:00+09:00,Gyeonggi,37.4112,127.2579,53,pm25,53,29,11.8,3,4.9,28.8,28,74,1005.7,1,,23
2025-08-11T10:00:00+09:00,Nagoya,35.1814464,136.906398,30,pm25,30,18,11.2,1.5,2.3,19.2,26.6,92,1007.1,3.7,,
2025-08-11T11:00:00+09:00,Fukuoka,33.5903547,130.4017155,36,o3,13,8,13.9,1.5,5.6,36.1,26.3,100,1006,2.8,,
2025-08-11T10:00:00+09:00,Kawasaki,35.5309058,139.7030511,57,pm25,57,33,7.5,1.5,2.3,4,27.3,95,1006,10.9,,
2025-08-11T09:00:00+08:00,Shenzhen,22.543099,114.057868,34,pm25,34,20,11,4.6,7.3,9.8,32.2,83.8,1007,2.2,,
2025-08-11T10:00:00+08:00,Zhongshan (Taiwan),25.062361,121.526528,42,pm25,42,15,10,1,3.8,24.5,33.5,64.5,1007,1.8,,26
2025-08-11T10:00:00+08:00,Chongqing,29.56301,106.551557,59,pm25,59,37,6.9,2.1,5.5,21.6,25,100,1006,2.5,,
2025-08-11T05:00:00+03:00,Istanbul (Turkey),41.015278,29.025,51,pm25,51,20,7.1,1.9,15.3,44.7,23.5,92.4,1009.7,4.1,,22.2
2025-08-11T11:00:00+07:00,Hanoi,21.0491,105.8831,78,pm25,78,57,27,12,8,11,31.5,76.5,1006,2,,27
2025-08-11T10:00:00+07:00,Bangkok,13.7563309,100.5017651,66,pm25,66,29,0.6,0.6,0.1,4.8,30.5,62,1008.5,4.3,,
2025-08-11T09:00:00+05:30,Mumbai,19.0863,72.8888,101,pm25,101,60,1.8,14.8,1.7,11.7,28.5,97.56,1008.04,30.47,11.3,24.5
2025-08-11T13:00:00+09:00,Seoul,37.566535,126.9779692,61,pm25,61,33,18.3,5,5.6,42.6,28.2,68.7,994.6,2.5,,
2025-08-11T11:00:00+08:00,Beijing,39.954592,116.468117,59,pm25,59,28,4.2,1.6,5.5,55.8,31,55,1003,5.6,,
2025-08-11T11:00:00+08:00,Shanghai,31.2047372,121.4489017,112,pm25,112,50,9.2,4.1,6.4,72.1,35.5,59,1002,2.5,,
2025-08-11T12:00:00+09:00,Shinjuku (Tokyo),35.713889,139.705556,17,pm25,17,12,2.8,1.5,2.3,8,29.2,86.9,1003.5,6.1,,26.8
2025-08-11T12:00:00+09:00,Osaka,34.6937378,135.5021651,53,pm25,53,26,8.4,7.2,1.2,15.2,31,88,1006,5.6,,
2025-08-11T02:00:00+02:00,Paris,48.856614,2.3522219,60,pm25,60,17,15.3,0.6,0.1,25.1,17.8,69.1,1024.2,0.3,,
2025-08-11T03:00:00+01:00,London,51.5073509,-0.1277583,59,pm25,59,22,8.7,0.5,2.2,12.2,13.9,83,1026,0.5,,
2025-08-11T05:00:00+02:00,Frankfurt,50.075464,8.576305,48,pm25,48,19,,0.5,0.1,18.4,17,63,1025,4.3,11.3,10
2025-08-11T05:00:00+02:00,Hamburg,53.564486,9.96834,9,o3,25,11,7.4,1.6,0.1,9.4,9,96.5,1027,0.5,10.8,8.5
2025-08-11T06:00:00+03:00,Moscow,55.791842,37.578405,68,pm25,68,25,29.3,0.2,7.9,3.8,17.2,80,1013.5,0.6,1.6,
2025-08-11T11:00:00+08:00,Wuhan,30.593099,114.305393,13,pm25,13,10,5.5,2.1,6.4,,25,100,1005,0.5,,
2025-08-11T05:00:00+02:00,Warsaw (Poland),52.225171,21.014783,29,pm25,29,12,6.6,2,0.1,12,11,93,1025,1.5,,10
2025-08-11T12:00:00+09:30,Winnellie (Australia),-12.424323299931126,130.89335024356842,99,pm10,15,99,1.9,0.8,3.4,12.5,29,19.4,1009.8,9.12,,2.3
2025-08-11T09:00:00+05:30,Bangalore (India),13.0270199,77.494094,55,pm10,45,55,7.8,2.8,21.9,10.6,21.5,93.8,952.265,0.9,,19
2025-08-11T09:00:00+05:30,Chennai (India),13.1278,80.2642,52,pm25,52,36,2.9,1.4,5.7,,29.29,69.73,83176.7,2.37,9.2,25
2025-08-10T21:00:00-04:00,Georgia,33.68797,-84.29048,25,pm25,25,11,2.6,0.2,2.3,11.2,24.4,60.2,1020.1,0.1,2.6,
2025-08-10T20:00:00-07:00,Phoenix,33.403055555556,-112.07527777778,78,pm10,73,78,4.7,,1.2,34.4,40,21,1008.1,4.1,9.2,14
2025-08-11T09:00:00+05:30,Hyderabad (India),17.417094,78.457437,157,pm25,157,73,7.8,14.6,9.4,6.9,24.5,81.88,1012,2.44,10.2,22
2025-08-10T21:00:00-06:00,Denver,39.732146,-105.015317,34,pm25,34,11,6.4,0.6,3.7,14.7,18.8889,67,1024.9,9,11,
2025-08-11T12:00:00+09:00,Daegu,35.8714354,128.601445,47,o3,34,15,9.2,3.9,4.8,47,7.1,71,1016,3.9,,
2025-08-11T12:00:00+09:00,Gyeonggi,37.4112,127.2579,53,pm25,53,25,15.1,3,4.8,33.2,28,69,1005.7,2,,22
2025-08-11T12:00:00+09:00,Nagoya,35.1814464,136.906398,25,pm25,25,15,8.4,1.5,2.3,13.6,28.3,83,1006.9,3.6,,
2025-08-11T12:00:00+09:00,Fukuoka,33.5903547,130.4017155,36,o3,21,8,11.2,1.5,5.6,36.1,27,94.8,1005,2.3,,
2025-08-11T12:00:00+09:00,Kawasaki,35.5309058,139.7030511,38,pm25,38,20,4.7,1.5,2.3,6.4,28,91,1006,11.1,,
2025-08-11T11:00:00+08:00,Shenzhen,22.543099,114.057868,46,pm25,46,20,10.6,4.6,7.3,19.9,31.2,88,1007,3.6,,
2025-08-11T12:00:00+08:00,Zhongshan (Taiwan),25.062361,121.526528,46,pm25,46,20,10.2,1.5,2.8,39.2,35,59,1006.5,1.8,,26
2025-08-11T11:00:00+08:00,Chongqing,29.56301,106.551557,74,pm25,74,35,7.4,2.1,5.5,21.2,25,100,1006,2.5,,
2025-08-11T06:00:00+03:00,Istanbul (Turkey),41.015278,29.025,47,pm25,47,20,5.7,1.8,15.3,46.7,22.8,92.4,1009.5,2,,21.5
2025-08-11T11:00:00+07:00,Bangkok,13.7563309,100.5017651,69,pm25,69,26,0.6,0.6,0.1,4.8,32,73.3,1008,5.6,,
2025-08-11T10:00:00+05:30,Mumbai,19.0863,72.8888,109,pm25,109,64,1.5,14.9,1,11.5,29.5,95.38250000000001,1008.0725,28.9425,11.3,25
2025-08-11T12:00:00+08:00,Beijing,39.954592,116.468117,60,o3,59,27,3.7,1.6,5.5,59.7,31,55,1003,3.6,,
2025-08-11T12:00:00+08:00,Shanghai,31.2047372,121.4489017,109,pm25,109,47,6,4.1,7.3,64.9,36,53,1002,5.1,,
2025-08-11T13:00:00+09:00,Osaka,34.6937378,135.5021651,42,pm25,42,20,6.5,7.2,0.1,14.5,30.6,83,1006,6.1,,
2025-08-11T03:00:00+02:00,Paris,48.856614,2.3522219,59,pm25,59,14,15.3,0.6,0.1,26,18.3,66.5,1024,1.5,,
2025-08-11T04:00:00+01:00,London,51.5073509,-0.1277583,59,pm25,59,22,11.1,0.5,2,6.9,13.6,82.8,1025.8,0.3,,
2025-08-11T06:00:00+02:00,Frankfurt,50.075464,8.576305,52,pm25,52,28,,0.5,0.1,14.5,17,63,1025,5.1,11.3,10
2025-08-11T06:00:00+02:00,Hamburg,53.564486,9.96834,1,o3,25,11,19.2,1.6,0.1,1.3,9,96.5,1027,0.5,10.8,8.5
2025-08-11T07:00:00+03:00,Moscow,55.791842,37.578405,72,pm25,72,35,27.5,0.4,8.2,4.8,18.6,72.2,1013.3,1,3.2,
2025-08-11T12:00:00+08:00,Wuhan,30.593099,114.305393,25,pm25,25,8,6.4,2.1,8.2,,25,100,1005,1.5,,
2025-08-11T06:00:00+02:00,Warsaw (Poland),52.225171,21.014783,30,pm25,30,13,9.6,2,0.1,12,11,93,1025,1.5,,10
2025-08-11T14:00:00+09:30,Winnellie (Australia),-12.424323299931126,130.89335024356842,14,o3,10,8,1.3,1,3.5,13.5,30.6,15.399999999999999,1008.4,7.3149999999999995,,1.9
2025-08-11T10:00:00+05:30,Bangalore (India),13.0270199,77.494094,92,pm25,92,57,7.1,1.3,17.5,10.6,22,93.7,952.29,0.88,,20
2025-08-11T10:00:00+05:30,Chennai (India),13.1278,80.2642,48,pm25,48,48,2.8,1.3,4.7,,29.32,67.1,83183.4,1.78,9.2,25
2025-08-10T22:00:00-04:00,Georgia,33.68797,-84.29048,23,pm25,23,10,2.9,0.2,2.3,10.4,24.1,60,1020.1,0.1,3.2,
2025-08-10T21:00:00-07:00,Phoenix,33.403055555556,-112.07527777778,66,pm10,62,66,4.7,,1.2,31.2,39,21,1008.4,2.5,9.2,13
2025-08-11T10:00:00+05:30,Hyderabad (India),17.417094,78.457437,144,pm25,144,70,8.6,15.2,11.5,6.9,25,80.55499999999999,1012,2.83,10.2,22
2025-08-11T13:00:00+09:00,Daegu,35.8714354,128.601445,50,pm25,50,11,8,3.3,4.2,47.9,7.1,71,1016,3.9,,
2025-08-11T13:00:00+09:00,Gyeonggi,37.4112,127.2579,50,pm25,50,25,12.2,3.2,4.9,35.2,28,74,1005.7,2.5,,23
2025-08-11T13:00:00+09:00,Fukuoka,33.5903547,130.4017155,36,o3,13,7,11.2,1.5,5.6,36.1,26.7,94.8,1006,8.2,,
2025-08-11T12:00:00+08:00,Shenzhen,22.543099,114.057868,50,pm25,50,25,8.7,4.1,6.4,22.4,31.1,85.2,1006.9,3.6,,
2025-08-11T12:00:00+08:00,Chongqing,29.56301,106.551557,63,pm25,63,30,7.4,2.1,5.5,22.8,24,100,1006,3.6,,
2025-08-11T12:00:00+07:00,Hanoi,21.0491,105.8831,69,pm25,69,52,27,11,8,11,33.5,70.5,1006,1,,27.5
2025-08-11T12:00:00+07:00,Bangkok,13.7563309,100.5017651,66,pm25,66,31,0.6,0.6,0.1,4.8,32,58,1008,6.6,,
2025-08-11T11:00:00+05:30,Mumbai,19.0863,72.8888,108,pm25,108,63,1.4,14.9,0.9,11.4,30,91.74000000000001,1008.0099999999999,29.02333333333333,11.3,24
2025-08-11T14:00:00+09:00,Seoul,37.566535,126.9779692,68,pm25,68,30,16.4,4.9,5.7,40.4,28.7,68.8,994.4,2,,
2025-08-11T13:00:00+08:00,Beijing,39.954592,116.468117,60,o3,59,26,3.2,1.6,4.6,60.4,32,55,1002,3.6,,
2025-08-11T13:00:00+08:00,Shanghai,31.2047372,121.4489017,112,pm25,112,46,5.5,4.1,6.4,64.9,36,53,1002,3.6,,
2025-08-11T13:00:00+09:00,Shinjuku (Tokyo),35.713889,139.705556,42,pm25,42,27,2.8,1.5,2.3,9.6,27.1,91,1003.9,5.6,,25.5
2025-08-11T14:00:00+09:00,Osaka,34.6937378,135.5021651,46,pm25,46,29,6.5,7.2,0.1,13.6,31.6,79,1006,6.1,,
2025-08-11T04:00:00+02:00,Paris,48.856614,2.3522219,59,pm25,59,16,18.8,0.6,0.1,26,18.3,66.8,1024,1.6,,
2025-08-11T05:00:00+01:00,London,51.5073509,-0.1277583,59,pm25,59,23,14.6,0.6,2.4,3.5,13.3,84.5,1025.7,0.2,,
2025-08-11T07:00:00+02:00,Frankfurt,50.075464,8.576305,52,pm25,52,33,,0.5,0.1,14.6,17,63,1025,3.6,11.3,10
2025-08-11T07:00:00+02:00,Hamburg,53.564486,9.96834,1,o3,25,11,19.7,1.6,0.1,0.5,9.5,100,1027,1,10.8,9.5
2025-08-11T08:00:00+03:00,Moscow,55.791842,37.578405,68,pm25,68,25,32.5,0.2,10.6,7.9,20.1,67,1012.9,1.7,3,
2025-08-11T13:00:00+08:00,Wuhan,30.593099,114.305393,25,pm25,25,13,5.1,2.1,7.3,,25,100,1005,1.5,,
2025-08-11T07:00:00+02:00,Warsaw (Poland),52.225171,21.014783,31,pm25,31,15,14.3,2,0.1,12,11.5,90,1025,1.5,,10
2025-08-11T11:00:00+05:30,Bangalore (India),13.0270199,77.494094,57,pm25,57,57,6.5,0.1,7.3,10.7,23,93.64999999999999,952.275,0.895,,21
2025-08-11T11:00:00+05:30,Chennai (India),13.1278,80.2642,52,pm25,52,51,2.7,1.3,11.7,,29.410000000000004,66.9725,83174.54999999999,1.9575000000000002,9.2,25
2025-08-11T00:00:00-04:00,Boston,42.325184,-71.05608,27,pm25,27,10,7.5,0.5,4.5,26.4,21.6,80.6,1022.5,,,
2025-08-10T23:00:00-04:00,Georgia,33.68797,-84.29048,23,pm25,23,11,2.2,0.2,2.3,11.2,23.8,60.4,1019.1,0.2,5.2,
2025-08-10T22:00:00-07:00,Phoenix,33.403055555556,-112.07527777778,59,pm25,59,56,4.7,,1.2,28.9,38,22,1009.1,3,9.2,13
2025-08-11T11:00:00+05:30,Hyderabad (India),17.417094,78.457437,114,pm25,114,67,8.5,15,10,6.9,26,74.895,1012,3.115,10.2,22
2025-08-10T22:00:00-06:00,Denver,39.732146,-105.015317,25,pm25,25,8,6.4,0.6,1.5,16.7,17.2222,72,1025.1,3,1.5,
2025-08-11T14:00:00+09:00,Daegu,35.8714354,128.601445,48,o3,42,11,8.8,3.5,4.2,48.3,7.1,71,1016,3.9,,
2025-08-11T14:00:00+09:00,Gyeonggi,37.4112,127.2579,53,pm25,53,29,11.7,3,4.9,40.2,28,69,1005.4,2,,22
2025-08-11T13:00:00+09:00,Nagoya,35.1814464,136.906398,30,pm25,30,13,9.3,1.5,2.3,13.6,30,74,1006.5,2,,
2025-08-11T14:00:00+09:00,Fukuoka,33.5903547,130.4017155,30,o3,13,8,13,1.5,4.5,29.6,26.7,94.8,1005.5,7.3,,
2025-08-11T13:00:00+09:00,Kawasaki,35.5309058,139.7030511,46,pm25,46,26,6.5,1.5,2.3,8,28,94,1006,10.6,,
2025-08-11T13:00:00+08:00,Shenzhen,22.543099,114.057868,57,pm25,57,26,8.7,4.1,6.4,32.9,33.1,77.4,1006.2,4.6,,
2025-08-11T13:00:00+08:00,Zhongshan (Taiwan),25.062361,121.526528,53,pm25,53,26,10.7,1.9,2.8,36.4,34.6,63,1007,4.1,,26.6
2025-08-11T13:00:00+08:00,Chongqing,29.56301,106.551557,68,pm25,68,27,7.4,2.1,5.5,23.6,24,100,1007,2.5,,
2025-08-11T07:00:00+03:00,Istanbul (Turkey),41.015278,29.025,41,o3,36,21,11.4,1.9,15.1,41.3,24,98.2,1009.7,1.5,,23.7
2025-08-11T13:00:00+07:00,Hanoi,21.0491,105.8831,68,pm25,68,48,25,11,5,13,33.5,73,1005,2.5,,28
2025-08-11T13:00:00+07:00,Bangkok,13.7563309,100.5017651,60,pm25,60,20,0.6,0.6,0.1,4.8,33,58,1008,5.9,,
2025-08-11T12:00:00+05:30,Mumbai,19.0863,72.8888,120,pm25,120,69,1.3,14.9,0.7,11.4,30,90.96249999999999,1007.8625,27.83,11.3,24.5
2025-08-11T15:00:00+09:00,Seoul,37.566535,126.9779692,63,pm25,63,31,15.9,5,5.6,45.6,29.2,65.6,993.7,2,,
2025-08-11T14:00:00+08:00,Beijing,39.954592,116.468117,62,o3,53,26,3.2,2.6,4.6,62.3,32,55,1002,5.6,,
2025-08-11T14:00:00+08:00,Shanghai,31.2047372,121.4489017,87,pm25,87,38,4.2,4.1,6.4,59.7,36,53,1002,5.6,,
2025-08-11T14:00:00+09:00,Shinjuku (Tokyo),35.713889,139.705556,42,pm25,42,11,3.8,1.5,2.3,10.4,27,94.3,1003.5,5.1,,26
2025-08-11T15:00:00+09:00,Osaka,34.6937378,135.5021651,50,pm25,50,25,5.6,4.3,0.1,12.8,30.8,74,1006,6.1,,
2025-08-11T05:00:00+02:00,Paris,48.856614,2.3522219,68,pm25,68,24,25,0.6,0.1,25.1,19,65,1023.9,0.3,,
2025-08-11T06:00:00+01:00,London,51.5073509,-0.1277583,61,pm25,61,23,21.1,0.6,2.4,13.9,13.4,84.7,1025.7,1.2,,
2025-08-11T08:00:00+02:00,Frankfurt,50.075464,8.576305,49,pm25,49,23,,0.5,0.1,16.9,18,59,1025,3.8,11.3,10
2025-08-11T08:00:00+02:00,Hamburg,53.564486,9.96834,1,o3,25,11,18.8,1.6,0.1,1.3,13,87.5,1027,0.7,10.8,11
2025-08-11T14:00:00+08:00,Wuhan,30.593099,114.305393,25,pm25,25,11,5.1,1.6,7.3,,25,100,1005,1.5,,
2025-08-11T08:00:00+02:00,Warsaw (Poland),52.225171,21.014783,34,pm25,34,17,20.2,2,0.1,12,16,77,1025,4.1,,12
2025-08-11T15:00:00+09:30,Winnellie (Australia),-12.424323299931126,130.89335024356842,14,o3,10,6,1.2,0.9,3.5,13.5,31.7,14,1006.9,8.625,,1
2025-08-11T12:00:00+05:30,Bangalore (India),13.0270199,77.494094,70,pm25,70,57,7.9,2.5,33.9,10.6,25.5,75.2,952,0.9,,21
2025-08-11T12:00:00+05:30,Chennai (India),13.1278,80.2642,53,pm10,49,53,2.4,1.3,4.7,,29.65,66.3,83055.8,2.42,9.2,25
2025-08-11T01:00:00-04:00,Boston,42.325184,-71.05608,29,pm25,29,10,5.6,0.5,2.3,24.8,21.4,82,1022.1,,,
2025-08-11T00:00:00-04:00,Georgia,33.68797,-84.29048,19,pm25,19,10,1.3,0.2,1.5,10.4,23.4,59.5,1018.2,0.2,2.5,
2025-08-10T23:00:00-07:00,Phoenix,33.403055555556,-112.07527777778,50,pm25,50,42,4.7,,1.2,32.8,38,24,1009.1,4.6,9.2,14
2025-08-11T12:00:00+05:30,Hyderabad (India),17.417094,78.457437,101,pm25,101,65,10.2,14.9,8.8,6.9,28,67.39,1011,2.15,10.2,22
2025-08-11T15:00:00+09:00,Daegu,35.8714354,128.601445,55,pm25,55,11,8.8,3.5,5.3,49.1,7.1,71,1016,3.9,,
2025-08-11T15:00:00+09:00,Gyeonggi,37.4112,127.2579,61,pm25,61,29,11.7,2.9,5,40,28,74,1005,1.5,,23
2025-08-11T14:00:00+09:00,Nagoya,35.1814464,136.906398,25,pm25,25,12,8.4,1.5,1.2,20,30.5,72.5,1006.8,4,,
2025-08-11T15:00:00+09:00,Fukuoka,33.5903547,130.4017155,26,o3,13,25,10.2,1.5,4.5,25.6,26.8,94.3,1004.3,5.6,,
2025-08-11T14:00:00+09:00,Kawasaki,35.5309058,139.7030511,53,pm25,53,20,3.8,1.5,2.3,7.3,27.5,92,1006,10.2,,
2025-08-11T14:00:00+08:00,Shenzhen,22.543099,114.057868,78,pm25,78,36,8.7,4.6,6.4,33.8,34.8,75,1006,4.6,,
2025-08-11T14:00:00+08:00,Zhongshan (Taiwan),25.062361,121.526528,50,pm25,50,26,10.7,1.9,2.8,32.9,33.5,70.5,1006,3,,27.5
2025-08-11T14:00:00+08:00,Chongqing,29.56301,106.551557,55,pm25,55,30,5.5,2.1,5.5,23.6,24,100,1007,1.5,,
2025-08-11T08:00:00+03:00,Istanbul (Turkey),41.015278,29.025,36,o3,32,21,11.2,1.9,14.9,36.2,26.5,69,1016,7.7,14.9,20.5
2025-08-11T14:00:00+07:00,Hanoi,21.0491,105.8831,61,pm25,61,45,26,10,5,15,35,59,1004,1.5,,26
2025-08-11T14:00:00+07:00,Bangkok,13.7563309,100.5017651,58,pm25,58,16,0.6,0.6,0.1,4.8,34,55,1006,4.6,,
2025-08-11T13:00:00+05:30,Mumbai,19.0863,72.8888,131,pm25,131,75,1.3,14.8,0.5,12.4,30,87.61,1007.52,27.875,11.3,24
2025-08-11T16:00:00+09:00,Seoul,37.566535,126.9779692,72,pm25,72,32,16.5,4.3,5.9,49.1,29.2,66.8,993.7,2,,
2025-08-11T15:00:00+08:00,Beijing,39.954592,116.468117,70,o3,63,29,3.7,1.1,4.6,70.1,32,52,1002,4.6,,
2025-08-11T15:00:00+08:00,Shanghai,31.2047372,121.4489017,80,pm25,80,39,4.6,1.6,6.4,48.4,36,53,1002,5.6,,
2025-08-11T15:00:00+09:00,Shinjuku (Tokyo),35.713889,139.705556,30,pm25,30,15,3.8,1.5,2.3,12.8,27.4,84.2,1003.7,5.6,,24.5
2025-08-11T16:00:00+09:00,Osaka,34.6937378,135.5021651,55,pm25,55,39,5.6,4.3,0.1,12.1,29.6,83,1006,5.6,,
2025-08-11T07:00:00+01:00,London,51.5073509,-0.1277583,65,pm25,65,26,22.4,0.9,2.4,9,20.2,64.5,1025.5,2.8,,
2025-08-11T09:00:00+02:00,Frankfurt,50.075464,8.576305,45,pm25,45,20,,0.5,0.1,19.2,19.5,57.5,1025,3.6,11.3,11
2025-08-11T09:00:00+02:00,Hamburg,53.564486,9.96834,12,so2,25,11,22,11.7,0.1,4.1,17,72,1027,0.7,10.8,12
2025-08-11T10:00:00+03:00,Moscow,55.791842,37.578405,61,pm25,61,25,33,0.3,7,9.8,19.7,62.2,1012.5,6,7.5,
2025-08-11T15:00:00+08:00,Wuhan,30.593099,114.305393,13,pm25,13,6,4.6,2.1,7.3,,26,100,1004,0.5,,
2025-08-11T13:00:00+05:30,Bangalore (India),13.0270199,77.494094,58,pm10,45,58,8.3,7.4,9.4,10.4,27,68.06666666666666,951.9233333333333,0.9033333333333333,,22
2025-08-11T13:00:00+05:30,Chennai (India),13.1278,80.2642,54,pm10,29,54,2.3,1.5,3.6,,29.683333333333337,66.05666666666667,83045.40000000001,2.3333333333333335,9.2,25
2025-08-11T02:00:00-04:00,Boston,42.325184,-71.05608,31,pm25,31,11,6.5,0.5,3.4,25.6,21.1,82,1021.9,,,
2025-08-11T01:00:00-04:00,Georgia,33.68797,-84.29048,15,pm25,15,9,1.3,0.2,1.4,8.8,22.7,59,1018,0.2,3.1,
2025-08-11T00:00:00-07:00,Phoenix,33.403055555556,-112.07527777778,44,pm25,44,41,4.7,,1.2,31.2,37,28,1009.4,5.1,8.7,16
2025-08-11T13:00:00+05:30,Hyderabad (India),17.417094,78.457437,125,pm25,125,66,10.2,13.9,6.3,6.9,28,65.54333333333334,1011,2.28,10.2,22
2025-08-10T23:00:00-06:00,Denver,39.732146,-105.015317,30,pm25,30,9,4.2,0.6,1.8,17.5,17.2222,67.5,1024,2,2.4,
2025-08-11T16:00:00+09:00,Daegu,35.8714354,128.601445,57,pm25,57,11,16,3.5,5.6,43.9,7.1,71,1016,3.9,,
2025-08-11T16:00:00+09:00,Gyeonggi,37.4112,127.2579,59,pm25,59,29,13.8,2.9,5,43.2,29,70,1005,2,,23
2025-08-11T15:00:00+09:00,Nagoya,35.1814464,136.906398,42,pm25,42,15,7.5,1.5,1.2,17.6,30.5,82.9,1006.8,3,,
2025-08-11T16:00:00+09:00,Fukuoka,33.5903547,130.4017155,29,o3,25,12,17.6,1.5,4.5,28.9,26,95.9,1006,3,,
2025-08-11T15:00:00+09:00,Kawasaki,35.5309058,139.7030511,55,pm25,55,19,7.5,1.5,3.4,9.6,28,83,1006,7.7,,
2025-08-11T15:00:00+08:00,Shenzhen,22.543099,114.057868,72,pm25,72,39,11.5,5.1,6.4,41.5,35.8,79,1005,5.6,,
2025-08-11T15:00:00+08:00,Chongqing,29.56301,106.551557,53,pm25,53,28,6.9,2.1,5.5,27.3,24,100,1006,2.5,,
2025-08-11T09:00:00+03:00,Istanbul (Turkey),41.015278,29.025,35,o3,30,22,14.1,1.9,14.7,35.3,28.5,52.5,1016,7.4,14.9,18
2025-08-11T15:00:00+07:00,Hanoi,21.0491,105.8831,71,pm25,71,47,26,10,6,13,35,63,1003,3.6,,27
2025-08-11T15:00:00+07:00,Bangkok,13.7563309,100.5017651,60,pm25,60,29,0.6,0.6,0.1,4.8,33,59,1006,6.1,,
2025-08-11T14:00:00+05:30,Mumbai,19.0863,72.8888,123,pm25,123,70,1.2,14.8,0.4,11.5,31,86.8575,1006.9475,27.2875,11.3,24
2025-08-11T17:00:00+09:00,Seoul,37.566535,126.9779692,72,pm25,72,33,15,5,5.5,46.9,29.2,66.8,993.7,2,,
2025-08-11T16:00:00+08:00,Beijing,39.954592,116.468117,73,o3,65,30,4.2,1.6,4.6,72.7,32,52,1001,4.6,,
2025-08-11T16:00:00+08:00,Shanghai,31.2047372,121.4489017,97,pm25,97,40,4.6,1.6,6.4,54.5,36,53,1002,5.6,,
2025-08-11T16:00:00+09:00,Shinjuku (Tokyo),35.713889,139.705556,34,pm25,34,15,3.8,1.5,2.3,12.8,27.4,84.2,1003.7,5.6,,24.5
2025-08-11T17:00:00+09:00,Osaka,34.6937378,135.5021651,46,pm25,46,20,6.5,4.3,0.1,12.8,29,83,1006,3.6,,
2025-08-11T07:00:00+02:00,Paris,48.856614,2.3522219,65,pm25,65,22,26.3,0.6,0.1,16,22.3,52,1023.4,0.8,,
2025-08-11T08:00:00+01:00,London,51.5073509,-0.1277583,68,pm25,68,34,22.4,0.9,2.2,11.3,20.6,64.5,1025.5,3.2,,
2025-08-11T10:00:00+02:00,Frankfurt,50.075464,8.576305,44,pm25,44,23,,0.5,0.1,23.5,21.5,50.5,1025,3.8,11.3,11
2025-08-11T10:00:00+02:00,Hamburg,53.564486,9.96834,16,so2,25,12,18.3,16.3,0.1,10.2,18.5,63,1026,1.2,10.8,11.5
2025-08-11T11:00:00+03:00,Moscow,55.791842,37.578405,61,pm25,61,25,35.2,0.2,6.1,11.1,19.8,63.6,1012.7,4.3,7.3,
2025-08-11T16:00:00+08:00,Wuhan,30.593099,114.305393,13,pm25,13,8,5.5,2.1,4.6,,26,100,1004,0.5,,
2025-08-11T10:00:00+02:00,Warsaw (Poland),52.225171,21.014783,27,pm25,27,14,16.6,2,0.1,12,19,63,1025,4.6,,12
2025-08-11T17:00:00+09:30,Winnellie (Australia),-12.424323299931126,130.89335024356842,53,pm25,53,15,1.3,0.8,4.1,12.3,30,41.2,1006.6,7.76,,12.4
2025-08-11T14:00:00+05:30,Bangalore (India),13.0270199,77.494094,63,pm25,63,57,7.8,3.9,18,10.4,28,61.099999999999994,951.72,0.925,,20
2025-08-11T14:00:00+05:30,Chennai (India),13.1278,80.2642,56,pm10,24,56,1.7,1.5,3.4,,29.745,66.13749999999999,82987.775,2.1025,9.2,25
2025-08-11T03:00:00-04:00,Boston,42.325184,-71.05608,35,pm25,35,11,8.4,0.5,3.4,25.6,21.4,81,1022.1,,,
2025-08-11T02:00:00-04:00,Georgia,33.68797,-84.29048,12,pm25,12,8,1.4,0.2,1.2,8.8,22.7,61.2,1017.8,0.2,1.6,
2025-08-11T01:00:00-07:00,Phoenix,33.403055555556,-112.07527777778,38,pm10,37,38,4.7,,1.2,30.4,36,30,1009.8,5.6,8.7,16
2025-08-11T14:00:00+05:30,Hyderabad (India),17.417094,78.457437,151,pm25,151,65,10.7,15,7.4,7.1,28,62.480000000000004,1011,1.5175,10.2,22
2025-08-11T17:00:00+09:00,Daegu,35.8714354,128.601445,42,pm25,42,16,20.1,4.3,6.7,38,7.1,71,1016,3.9,,
2025-08-11T17:00:00+09:00,Gyeonggi,37.4112,127.2579,61,pm25,61,33,15.1,2.8,5.3,38.7,28,74,1005,3,,23
2025-08-11T16:00:00+09:00,Nagoya,35.1814464,136.906398,42,pm25,42,22,9.3,1.5,1.2,15.2,29.2,86.8,1007.3,3.2,,
2025-08-11T17:00:00+09:00,Fukuoka,33.5903547,130.4017155,26,o3,13,7,15.8,1.5,4.5,26.4,26,94,1006,2,,
2025-08-11T16:00:00+09:00,Kawasaki,35.5309058,139.7030511,55,pm25,55,30,8.4,1.5,3.4,10.4,28,83,1006,9,,
2025-08-11T16:00:00+08:00,Shenzhen,22.543099,114.057868,68,pm25,68,38,21.5,5.1,6.4,45.1,34.8,75.2,1004.9,5.6,,
2025-08-11T16:00:00+08:00,Zhongshan (Taiwan),25.062361,121.526528,-,,38,10,15.2,3.6,3.4,32.9,30,79,1006,3.6,,26
2025-08-11T16:00:00+08:00,Chongqing,29.56301,106.551557,65,pm25,65,23,6.9,2.1,5.5,26.9,24,100,1006,2.5,,
2025-08-11T10:00:00+03:00,Istanbul (Turkey),41.015278,29.025,33,o3,26,23,10,2,14.6,33,30,48,1016,7.4,14.9,18
2025-08-11T16:00:00+07:00,Hanoi,21.0491,105.8831,69,pm25,69,45,24,10,6,17,33,70,1002,4.1,,27
2025-08-11T15:00:00+05:30,Delhi,28.6341,77.2005,99,pm25,99,82,2,3,5.5,34.3,30.1,68.35,986.75,1,10.2,25
2025-08-11T18:00:00+09:00,Seoul,37.566535,126.9779692,65,pm25,65,29,16.5,4.3,5.6,47.2,29.2,65.6,993.8,2.5,,
2025-08-11T17:00:00+08:00,Beijing,39.954592,116.468117,79,o3,70,34,4.6,1.6,4.6,78.6,31,58,1001,4.6,,
2025-08-11T17:00:00+08:00,Shanghai,31.2047372,121.4489017,82,pm25,82,39,5.5,1.6,6.4,50,32,66,1002,8.7,,
2025-08-11T17:00:00+09:00,Shinjuku (Tokyo),35.713889,139.705556,38,pm25,38,31,3.8,1.5,2.3,11.2,27.3,87.8,1004.1,5.1,,25.1
2025-08-11T08:00:00+02:00,Paris,48.856614,2.3522219,57,pm25,57,30,26.3,0.6,0.1,12.7,24.1,47.5,1023.1,1,,
2025-08-11T09:00:00+01:00,London,51.5073509,-0.1277583,70,pm25,70,28,21.5,0.6,1.9,10.6,23,58,1025.3,2.8,,
2025-08-11T11:00:00+02:00,Frankfurt,50.075464,8.576305,37,pm25,37,16,,0.5,0.1,31,23,46,1024.5,4.1,11.3,11
2025-08-11T11:00:00+02:00,Hamburg,53.564486,9.96834,30,pm25,30,12,12.4,10.7,0.1,16.7,20,60,1026,1.5,10.8,12
2025-08-11T12:00:00+03:00,Moscow,55.791842,37.578405,63,pm25,63,25,37.1,0.4,9.1,12,17.7,76,1012.5,2.5,4,
2025-08-11T17:00:00+08:00,Wuhan,30.593099,114.305393,13,pm25,13,7,5.1,1.6,1.9,,26,100,1004,0.5,,
2025-08-11T11:00:00+02:00,Warsaw (Poland),52.225171,21.014783,23,pm25,23,13,14.6,2,0.1,12,21,49,1025,6.1,,10
2025-08-11T18:00:00+09:30,Winnellie (Australia),-12.424323299931126,130.89335024356842,20,pm25,20,8,1.1,0.9,4.3,12.9,26.9,46.2,1007,7.18,,13.6
2025-08-11T15:00:00+05:30,Bangalore (India),13.0270199,77.494094,87,pm25,87,56,8,1.6,20.9,10.8,26.5,71.925,951.5475,0.9275,,20
2025-08-11T15:00:00+05:30,Chennai (India),13.1278,80.2642,46,pm10,12,46,1.9,0.9,4.1,,29.7825,67.13999999999999,82909.8,2.23,9.2,25
2025-08-11T04:00:00-04:00,Boston,42.325184,-71.05608,40,pm25,40,12,10.2,0.5,3.4,25.6,21.1,82,1022.2,,,
2025-08-11T03:00:00-04:00,Georgia,33.68797,-84.29048,13,pm25,13,9,1.7,0.2,1.2,5.6,22.7,64.1,1018.2,0.2,1.3,
2025-08-11T02:00:00-07:00,Phoenix,33.403055555556,-112.07527777778,31,o3,18,27,4.7,,1.2,31.2,36,30,1009.4,6.1,8.7,16
2025-08-11T15:00:00+05:30,Hyderabad (India),17.417094,78.457437,157,pm25,157,78,10.9,13.8,6.8,7.2,30,60.300000000000004,1009,0.9575,10.2,23
2025-08-11T18:00:00+09:00,Daegu,35.8714354,128.601445,39,o3,38,19,16.1,4.3,6.5,38.5,7.1,71,1016,3.9,,
2025-08-11T18:00:00+09:00,Gyeonggi,37.4112,127.2579,59,pm25,59,30,9.9,2.8,5,37.1,28,74,1005,3.6,,23
2025-08-11T17:00:00+09:00,Nagoya,35.1814464,136.906398,46,pm25,46,29,8.4,1.5,1.2,11.2,28.8,82,1007.6,3.6,,
2025-08-11T18:00:00+09:00,Fukuoka,33.5903547,130.4017155,26,o3,13,8,21.3,1.5,5.6,25.6,26,100,1005,2,,
2025-08-11T17:00:00+09:00,Kawasaki,35.5309058,139.7030511,38,pm25,38,33,9.3,1.5,3.4,8.8,28,83,1007,9.7,,
2025-08-11T17:00:00+08:00,Shenzhen,22.543099,114.057868,63,pm25,63,38,23.4,5.1,6.4,39.4,34,79,1004.7,5.6,,
2025-08-11T17:00:00+08:00,Zhongshan (Taiwan),25.062361,121.526528,46,pm25,46,14,14,2.9,3.2,19.4,29.5,81,1006,3,,26
2025-08-11T17:00:00+08:00,Chongqing,29.56301,106.551557,74,pm25,74,26,6.4,2.1,5.5,26.9,24,100,1006,2.5,,
2025-08-11T11:00:00+03:00,Istanbul (Turkey),41.015278,29.025,32,o3,25,23,10,2,14.5,31.9,28.4,76.2,1009.8,8.2,,23.8
2025-08-11T17:00:00+07:00,Hanoi,21.0491,105.8831,49,pm25,49,38,23,10,8,20,33,70,1001.5,4.6,,27
2025-08-11T17:00:00+07:00,Bangkok,13.7563309,100.5017651,42,pm25,42,29,0.6,0.6,0.1,4.8,32.8,64.4,1003.2,2.5,,
2025-08-11T16:00:00+05:30,Delhi,28.6341,77.2005,109,pm25,109,74,3,2.5,5.5,27.2,29.475,70.125,986.7,0.675,10.2,25
2025-08-11T16:00:00+05:30,Mumbai,19.0863,72.8888,130,pm25,130,74,1.2,14.9,0.5,11.6,30,87.63,1005.8033333333333,27.756666666666664,11.3,25
2025-08-11T19:00:00+09:00,Seoul,37.566535,126.9779692,78,pm25,78,29,16.8,4.5,5.7,42,27.7,72.9,994.4,2,,
2025-08-11T18:00:00+08:00,Beijing,39.954592,116.468117,82,o3,72,38,5.1,1.6,5.5,81.9,30,58,1001,3.6,,
2025-08-11T18:00:00+08:00,Shanghai,31.2047372,121.4489017,72,pm25,72,28,6.9,1.6,7.3,47.2,32,62,1003,2.5,,
2025-08-11T18:00:00+09:00,Shinjuku (Tokyo),35.713889,139.705556,42,pm25,42,17,3.8,1.5,2.3,11.2,27.8,85.3,1004.2,6.6,,25.1
2025-08-11T18:00:00+09:00,Osaka,34.6937378,135.5021651,55,pm25,55,37,7.5,4.3,0.1,12.8,29,88,1007,6,,
2025-08-11T10:00:00+01:00,London,51.5073509,-0.1277583,61,pm25,61,27,22.9,1.6,1.9,11,25.3,52.3,1025,2.8,,
2025-08-11T12:00:00+02:00,Frankfurt,50.075464,8.576305,36,o3,34,16,,0.5,0.1,35.5,24.5,42.5,1024,4.6,11.3,11
2025-08-11T12:00:00+02:00,Hamburg,53.564486,9.96834,30,pm25,30,13,14.2,8.7,0.1,17.1,20.5,60,1026,1.8,10.8,12.5
2025-08-11T13:00:00+03:00,Moscow,55.791842,37.578405,74,pm25,74,24,38.9,0.3,10.6,12.6,18.3,74.7,1012.3,2.5,5.2,
2025-08-11T12:00:00+02:00,Warsaw (Poland),52.225171,21.014783,23,pm25,23,13,16.6,2,0.1,12,21,49,1025,5.6,,10
2025-08-11T19:00:00+09:30,Winnellie (Australia),-12.424323299931126,130.89335024356842,28,pm25,28,9,1.3,1.1,4.2,11.9,25.8,54.6,1007.4,3.99,,14.3
2025-08-11T16:00:00+05:30,Bangalore (India),13.0270199,77.494094,58,pm10,45,58,7.3,3.8,15.2,10.5,24,93.8,951.3725,0.9725,,21.5
2025-08-11T16:00:00+05:30,Chennai (India),13.1278,80.2642,60,pm10,9,60,2.1,0.9,4.1,,29.79,65.97,82837.925,1.9825,9.2,25
2025-08-11T05:00:00-04:00,Boston,42.325184,-71.05608,45,pm25,45,14,15.8,0.5,5.6,21.6,21.1,80.6,1022.3,,,
2025-08-11T04:00:00-04:00,Georgia,33.68797,-84.29048,13,pm25,13,10,2.7,0.2,1.2,4,22.5,65.7,1018.4,0.2,1.6,
2025-08-11T03:00:00-07:00,Phoenix,33.403055555556,-112.07527777778,28,o3,25,26,4.7,,1.2,28.1,35,32,1009.8,5.6,8.7,16
2025-08-11T16:00:00+05:30,Hyderabad (India),17.417094,78.457437,180,pm25,180,89,13,13.8,8.2,6.9,28.5,60.49,1008,1.08,10.2,22
2025-08-11T03:00:00-06:00,Denver,39.732146,-105.015317,34,pm25,34,11,7.4,0.6,2.1,16.7,15,75.8,1022.5,4,4.2,
2025-08-11T19:00:00+09:00,Daegu,35.8714354,128.601445,65,pm25,65,19,16.1,4.6,6,30.9,7.1,71,1016,3.9,,
2025-08-11T19:00:00+09:00,Gyeonggi,37.4112,127.2579,59,pm25,59,39,9.9,2.9,5,35,27,78,1005.4,3.6,,23
2025-08-11T18:00:00+09:00,Nagoya,35.1814464,136.906398,46,pm25,46,29,8.4,1.5,1.2,8.8,28.3,84,1008,3.5,,
2025-08-11T19:00:00+09:00,Fukuoka,33.5903547,130.4017155,21,o3,17,10,18.6,1.5,5.6,20.8,27,94.3,1005,6.6,,
2025-08-11T18:00:00+09:00,Kawasaki,35.5309058,139.7030511,63,pm25,63,33,9.3,1.5,3.4,6.4,28,85,1006.6,10.2,,
2025-08-11T18:00:00+08:00,Shenzhen,22.543099,114.057868,72,pm25,72,40,23.8,5.1,7.3,40.7,31.7,84,1005.3,5.6,,
2025-08-11T18:00:00+08:00,Zhongshan (Taiwan),25.062361,121.526528,50,pm25,50,12,16.7,1.3,4.4,14.1,28.6,90.4,1006,2.7,,27
2025-08-11T18:00:00+08:00,Chongqing,29.56301,106.551557,65,pm25,65,27,6.4,2.1,5.5,28.5,24,100,1006,1.5,,
2025-08-11T12:00:00+03:00,Istanbul (Turkey),41.015278,29.025,32,o3,25,23,7.3,1.9,14.5,31.9,28.5,79,1009.8,7.2,,24.5
2025-08-11T18:00:00+07:00,Hanoi,21.0491,105.8831,52,pm25,52,42,26,11,9,10,32,74,1002,2.5,,27
2025-08-11T18:00:00+07:00,Bangkok,13.7563309,100.5017651,42,pm25,42,20,1.2,0.6,0.1,4.8,31,70,1004,3.6,,
2025-08-11T20:00:00+09:00,Seoul,37.566535,126.9779692,72,pm25,72,26,17.3,4.6,5.7,38.4,27.7,72.9,994.4,2,,
2025-08-11T19:00:00+08:00,Beijing,39.954592,116.468117,81,o3,76,39,6,1.6,5.5,80.6,29,65,1002,2.5,,
2025-08-11T19:00:00+08:00,Shanghai,31.2047372,121.4489017,68,pm25,68,28,8.3,1.6,7.3,32.1,31,66,1004,2.5,,
2025-08-11T19:00:00+09:00,Shinjuku (Tokyo),35.713889,139.705556,38,pm25,38,14,3.8,1.5,2.3,8.8,27.8,84.3,1004.6,5.1,,24.9
2025-08-11T19:00:00+09:00,Osaka,34.6937378,135.5021651,33,pm10,30,33,9.3,4.3,0.1,11.2,29,83,1008,5.8,,
2025-08-11T10:00:00+02:00,Paris,48.856614,2.3522219,67,pm25,67,32,19.6,0.6,0.1,33.6,27.2,34.6,1022.4,1,,
2025-08-11T13:00:00+02:00,Frankfurt,50.075464,8.576305,38,o3,31,14,,0.5,0.1,37.9,26,36,1024,4.1,11.3,10
2025-08-11T13:00:00+02:00,Hamburg,53.564486,9.96834,30,pm25,30,13,4.6,1.6,0.1,28.9,21,60,1025.5,2.3,10.8,13
2025-08-11T19:00:00+08:00,Wuhan,30.593099,114.305393,30,pm25,30,10,4.6,2.1,1.9,,25,100,1004,0.5,,
2025-08-11T13:00:00+02:00,Warsaw (Poland),52.225171,21.014783,23,pm25,23,12,17.6,2,0.1,12,22,43,1025,3.6,,9
2025-08-11T20:00:00+09:30,Winnellie (Australia),-12.424323299931126,130.89335024356842,30,pm25,30,9,4.4,1,4.3,8.6,25.8,60.7,1007.4,2.6950000000000003,,14.3
2025-08-11T06:00:00-04:00,Boston,42.325184,-71.05608,50,pm25,50,16,23.2,0.5,6.7,18.4,21.6,80.5,1022.7,,,
2025-08-11T05:00:00-04:00,Georgia,33.68797,-84.29048,15,pm25,15,10,5.5,0.2,1.2,2.4,22.7,66.6,1018.7,0.2,0.2,
2025-08-11T04:00:00-07:00,Phoenix,33.403055555556,-112.07527777778,28,pm10,12,28,4.7,,1.2,24.8,35,32,1009.8,6.6,8.7,16
2025-08-11T20:00:00+09:00,Daegu,35.8714354,128.601445,53,pm25,53,21,17.5,4.5,5,29.6,7.1,71,1016,3.9,,
2025-08-11T20:00:00+09:00,Gyeonggi,37.4112,127.2579,55,pm25,55,25,8.8,2.8,4.9,32.3,27,78,1005.4,3.6,,23
2025-08-11T19:00:00+09:00,Nagoya,35.1814464,136.906398,46,pm25,46,29,8.4,1.5,1.2,8,28.3,84,1008.6,3.5,,
2025-08-11T20:00:00+09:00,Fukuoka,33.5903547,130.4017155,25,pm25,25,20,7.5,1.5,5.6,16.8,28.7,94,1006,4.6,,
2025-08-11T19:00:00+09:00,Kawasaki,35.5309058,139.7030511,42,pm25,42,20,8.4,1.5,2.3,6.4,28,85,1007,10,,
2025-08-11T19:00:00+08:00,Shenzhen,22.543099,114.057868,72,pm25,72,39,22,4.1,7.3,36.2,30.5,84,1005.8,5.6,,
2025-08-11T19:00:00+08:00,Zhongshan (Taiwan),25.062361,121.526528,34,pm25,34,9,24.9,1,7.7,4.3,27.3,92,1006,3.4,,26
2025-08-11T19:00:00+08:00,Chongqing,29.56301,106.551557,46,pm25,46,20,5.1,4.1,5.5,24.8,23,100,1005,2.5,,
2025-08-11T19:00:00+07:00,Hanoi,21.0491,105.8831,49,pm25,49,42,21,11,6,9,31,79,1003,5.6,,27
2025-08-11T19:00:00+07:00,Bangkok,13.7563309,100.5017651,55,pm25,55,20,0.6,0.6,0.1,4.8,31,70,1005,4.6,,
2025-08-11T18:00:00+05:30,Delhi,28.6341,77.2005,78,pm25,78,76,2.9,3,6.6,29.3,27,80.15,986.7,0.3,10.2,25
2025-08-11T18:00:00+05:30,Mumbai,19.0863,72.8888,119,pm25,119,69,1.9,14.9,1.6,11.7,30,93.17,1005.67,28.29,11.3,24
2025-08-11T21:00:00+09:00,Seoul,37.566535,126.9779692,76,pm25,76,26,17.1,4.6,6.4,36.1,27.3,73.7,994.9,1.5,,
2025-08-11T20:00:00+08:00,Beijing,39.954592,116.468117,77,o3,76,40,6.9,1.6,5.5,76.7,29,65,1002,2.5,,
2025-08-11T20:00:00+08:00,Shanghai,31.2047372,121.4489017,65,pm25,65,25,9.2,2.1,7.3,30.5,31,66,1004.5,1.5,,
2025-08-11T21:00:00+09:00,Shinjuku (Tokyo),35.713889,139.705556,34,pm25,34,14,2.8,1.5,2.3,7.3,27.9,83.3,1005.3,6.6,,24.8
2025-08-11T21:00:00+09:00,Osaka,34.6937378,135.5021651,38,pm25,38,35,7.5,4.3,2.3,9.6,29,88,1008,4.2,,
2025-08-11T11:00:00+02:00,Paris,48.856614,2.3522219,68,pm25,68,28,15,0.6,0.1,42.6,28.5,33.4,1021.6,0.4,,
2025-08-11T12:00:00+01:00,London,51.5073509,-0.1277583,65,pm25,65,26,27.9,1.8,1.9,34.1,28.9,41.6,1023.6,2.8,,
2025-08-11T14:00:00+02:00,Frankfurt,50.075464,8.576305,39,o3,29,14,,0.5,0.1,39.3,27,33,1023,4.3,11.3,9.5
2025-08-11T20:00:00+08:00,Wuhan,30.593099,114.305393,30,pm25,30,12,5.5,2.1,2.8,,26,100,1004,0.5,,
2025-08-11T14:00:00+02:00,Warsaw (Poland),52.225171,21.014783,24,pm25,24,17,16.6,2,0.1,12,23,38,1025,5.6,,8
2025-08-11T21:00:00+09:30,Winnellie (Australia),-12.424323299931126,130.89335024356842,38,pm25,38,10,1.3,1.1,4.5,11.2,20.4,70,1009.4,1.9966666666666668,,14.7
2025-08-11T18:00:00+05:30,Bangalore (India),13.0270199,77.494094,71,pm25,71,56,7.9,4,9.7,10.5,24.5,78.1,951.4,0.92,,21.5
2025-08-11T18:00:00+05:30,Chennai (India),13.1278,80.2642,59,pm10,32,59,2.9,0.8,4.3,,29.915,65.53,82938.1,3.3499999999999996,12.8,24
2025-08-11T07:00:00-04:00,Boston,42.325184,-71.05608,52,pm25,52,20,18.6,0.5,6.7,19.2,23.6,72,1022.9,,,
2025-08-11T06:00:00-04:00,Georgia,33.68797,-84.29048,15,pm25,15,10,7.9,0.2,2.3,2.4,22.7,67,1019.1,0.2,1,
2025-08-11T05:00:00-07:00,Phoenix,33.403055555556,-112.07527777778,34,pm10,20,34,4.7,,1.2,19.2,34,32,1010.1,2.5,8.7,15
2025-08-11T18:00:00+05:30,Hyderabad (India),17.417094,78.457437,162,pm25,162,78,9.9,15.3,6.8,7.1,26,81.29,1008,1.09,10.2,22
2025-08-11T05:00:00-06:00,Denver,39.732146,-105.015317,38,pm25,38,14,7.8,0.6,3.2,12.6,15,78.2,1022.7,3,4.6,
2025-08-11T21:00:00+09:00,Daegu,35.8714354,128.601445,50,pm25,50,16,16,3.8,6.4,24.4,7.1,71,1016,3.9,,
2025-08-11T21:00:00+09:00,Gyeonggi,37.4112,127.2579,46,pm25,46,30,12.6,2.8,5.3,23.6,25,88,1006.7,1.5,,23
2025-08-11T21:00:00+09:00,Nagoya,35.1814464,136.906398,42,pm25,42,29,9.3,1.5,1.2,6.4,28.3,91,1008.9,2.6,,
2025-08-11T21:00:00+09:00,Fukuoka,33.5903547,130.4017155,25,pm25,25,19,8.4,1.5,3.4,17.6,28.6,83,1006,6.1,,
2025-08-11T21:00:00+09:00,Kawasaki,35.5309058,139.7030511,38,pm25,38,22,7.5,1.5,2.3,4.8,28.6,86,1007.3,9,,
2025-08-11T20:00:00+08:00,Shenzhen,22.543099,114.057868,80,pm25,80,50,20.2,4.1,7.3,30.9,30.5,84.4,1006.2,5.6,,
2025-08-11T21:00:00+08:00,Zhongshan (Taiwan),25.062361,121.526528,46,pm25,46,11,19.4,1,4,5.4,28,94,1007,2,,27
2025-08-11T14:00:00+03:00,Istanbul (Turkey),41.015278,29.025,30,o3,22,23,8.7,1.8,14.2,29.7,32,34,1015,9.7,14.9,14.5
2025-08-11T20:00:00+07:00,Hanoi,21.0491,105.8831,33,pm10,29,33,22,11,6,10,31,79,1003,5.1,,27
2025-08-11T20:00:00+07:00,Bangkok,13.7563309,100.5017651,46,pm25,46,25,1.2,0.6,0.1,4.8,30,84.2,1006,5.1,,
2025-08-11T19:00:00+05:30,Delhi,28.6341,77.2005,93,pm25,93,71,6.4,3.7,8.6,5.2,25.4,84,986.7,0.3,10.2,25
2025-08-11T19:00:00+05:30,Mumbai,19.0863,72.8888,113,pm25,113,66,1.8,14.9,1.6,11.6,29,96.00250000000001,1005.7525,28.152500000000003,11.3,24.5
2025-08-11T22:00:00+09:00,Seoul,37.566535,126.9779692,78,pm25,78,27,15.5,4.9,6.9,34.6,26.9,72.8,995.4,2.5,,
2025-08-11T21:00:00+08:00,Shanghai,31.2047372,121.4489017,61,pm25,61,25,7.8,2.1,6.4,28.9,31,66,1005,0.5,,
2025-08-11T22:00:00+09:00,Osaka,34.6937378,135.5021651,46,pm25,46,24,4.7,5.8,0.1,8,28.8,88,1008,2.5,,
2025-08-11T12:00:00+02:00,Paris,48.856614,2.3522219,59,pm25,59,30,15.5,0.6,0.1,45,29.2,29,1021,0.8,,
2025-08-11T13:00:00+01:00,London,51.5073509,-0.1277583,63,pm25,63,28,31.1,1.6,1.9,18.7,29.4,41.4,1023,2.8,,
2025-08-11T15:00:00+02:00,Frankfurt,50.075464,8.576305,42,o3,29,14,,0.5,0.1,41.6,28,29,1022,3,11.3,8.5
2025-08-11T15:00:00+02:00,Hamburg,53.564486,9.96834,36,o3,30,14,1,1.6,0.1,36.2,23.5,53,1024.5,2.8,10.8,13.5
2025-08-11T21:00:00+08:00,Wuhan,30.593099,114.305393,25,pm25,25,10,6.4,2.1,6.4,,26,100,1005,0.5,,
2025-08-11T15:00:00+02:00,Warsaw (Poland),52.225171,21.014783,26,pm25,26,23,18.6,2,0.1,12,24,35,1024,4.6,,8
2025-08-11T22:00:00+09:30,Winnellie (Australia),-12.424323299931126,130.89335024356842,25,pm25,25,7,3.1,0.8,4.6,7.1,19,76.4,1009.4,1.9966666666666668,,14.7
2025-08-11T19:00:00+05:30,Bangalore (India),13.0270199,77.494094,60,pm25,60,57,7.5,3.3,0.6,10.3,24.5,86,951.5,0.87,,21.5
2025-08-11T19:00:00+05:30,Chennai (India),13.1278,80.2642,62,pm10,60,62,2.4,0.7,3.2,,29.9725,64.9375,82924.475,2.6125,12.8,23
2025-08-11T08:00:00-04:00,Boston,42.325184,-71.05608,55,pm25,55,20,22.3,0.5,6.7,19.2,27.2,59.5,1022.6,,,
2025-08-11T07:00:00-04:00,Georgia,33.68797,-84.29048,12,pm25,12,9,5.9,0.2,2.3,2.4,22.8,67.4,1019.4,0.2,1,
2025-08-11T06:00:00-07:00,Phoenix,33.403055555556,-112.07527777778,28,pm10,26,28,4.7,,1.2,18.4,33,33,1011.1,2,8.7,15
2025-08-11T06:00:00-06:00,Denver,39.732146,-105.015317,61,pm25,61,40,10.6,0.6,4.3,10.6,15,75,1022.6,3,4,
2025-08-11T22:00:00+09:00,Daegu,35.8714354,128.601445,63,pm25,63,19,18.8,3.8,6.6,20.9,7.1,71,1016,3.9,,
2025-08-11T22:00:00+09:00,Gyeonggi,37.4112,127.2579,50,pm25,50,28,13.7,2.6,5.4,17.5,25,88,1007.1,1,,23
2025-08-11T22:00:00+09:00,Fukuoka,33.5903547,130.4017155,25,pm25,25,17,4.7,1.5,4.5,20,29.3,73.2,1005.3,5.1,,
2025-08-11T21:00:00+08:00,Shenzhen,22.543099,114.057868,57,pm25,57,36,21.1,4.1,8.2,27.7,30,86.4,1007,4.6,,
2025-08-11T16:00:00+03:00,Istanbul (Turkey),41.015278,29.025,33,o3,21,23,8.9,1.6,14,33.3,32,34,1015,9.2,14.9,14.5
2025-08-11T21:00:00+07:00,Hanoi,21.0491,105.8831,30,pm10,26,30,17,10,5,10,30,84,1004,4.1,,27
2025-08-11T21:00:00+07:00,Bangkok,13.7563309,100.5017651,56,pm25,56,25,1.8,0.6,0.1,4.8,30,83,1006,1,,
2025-08-11T20:00:00+05:30,Delhi,28.6341,77.2005,97,pm25,97,78,7.8,4.8,11.6,10.6,25.125,85.25,986.7,0.3,10.2,25
2025-08-11T20:00:00+05:30,Mumbai,19.0863,72.8888,116,pm25,116,67,1.2,14.8,0.4,11.5,29,98.54,1006.0833333333334,28.953333333333333,11.3,24
2025-08-11T23:00:00+09:00,Seoul,37.566535,126.9779692,80,pm25,80,30,13.6,5.2,6.3,31.9,26.9,72.8,995.4,2.5,,
2025-08-11T22:00:00+08:00,Beijing,39.954592,116.468117,80,pm25,80,43,7.4,2.1,6.4,76.7,29,65,1003,1.5,,
2025-08-11T22:00:00+08:00,Shanghai,31.2047372,121.4489017,55,pm25,55,16,8.7,2.1,6.4,28.9,31,66,1005,0.5,,
2025-08-11T22:00:00+09:00,Shinjuku (Tokyo),35.713889,139.705556,34,pm25,34,23,2.8,1.5,2.3,7.3,28.1,81.8,1005,5.1,,24.7
2025-08-11T23:00:00+09:00,Osaka,34.6937378,135.5021651,46,pm25,46,37,5.6,5.8,0.1,8,28,88,1009,2.5,,
2025-08-11T13:00:00+02:00,Paris,48.856614,2.3522219,52,pm25,52,30,15.5,0.6,0.1,45,30.2,26.2,1020.4,1.2,,
2025-08-11T14:00:00+01:00,London,51.5073509,-0.1277583,65,pm25,65,38,15.1,1.3,1.9,42.2,30,40,1022,3.8,,
2025-08-11T16:00:00+02:00,Frankfurt,50.075464,8.576305,44,o3,29,13,,0.5,0.1,43.8,29,28,1022,3.8,11.3,9
2025-08-11T16:00:00+02:00,Hamburg,53.564486,9.96834,37,o3,30,14,1,1.6,0.1,36.6,23,49,1024,3.6,10.8,12
2025-08-11T22:00:00+08:00,Wuhan,30.593099,114.305393,25,pm25,25,11,6.9,3.6,5.5,,26,100,1005,0.5,,
2025-08-11T16:00:00+02:00,Warsaw (Poland),52.225171,21.014783,23,pm25,23,14,27,2,0.1,12,24,35,1024,4.1,,8
2025-08-11T23:00:00+09:30,Winnellie (Australia),-12.424323299931126,130.89335024356842,17,pm25,17,7,3.2,1,4.7,6.5,19,78.2,1009.4,1.9966666666666668,,14.7
2025-08-11T20:00:00+05:30,Bangalore (India),13.0270199,77.494094,101,pm25,101,59,7.3,3,0.6,10.7,23,85.125,951.5975000000001,0.905,,20
2025-08-11T20:00:00+05:30,Chennai (India),13.1278,80.2642,29,pm10,24,29,3.5,0.6,3.2,,30.015,64.00999999999999,82887.575,1.4175,12.8,24
2025-08-11T09:00:00-04:00,Boston,42.325184,-71.05608,56,pm25,56,25,22.3,0.5,4.5,32.8,29.8,51,1022.7,,,
2025-08-11T08:00:00-04:00,Georgia,33.68797,-84.29048,14,pm25,14,10,2.8,0.2,1.5,5.6,23.3,67.2,1019.8,0.2,2,
2025-08-11T07:00:00-07:00,Phoenix,33.403055555556,-112.07527777778,42,pm10,35,42,4.7,,3.4,16.8,33,33,1011.8,2,8.7,15
2025-08-11T07:00:00-06:00,Denver,39.732146,-105.015317,59,pm25,59,53,10.1,0.6,5.2,7.8,16.1111,64.6,1022.9,2,1.6,
2025-08-11T22:00:00+09:00,Nagoya,35.1814464,136.906398,42,pm25,42,28,8.4,1.5,1.2,5.6,28.3,85,1009.4,2.8,,
2025-08-11T23:00:00+09:00,Fukuoka,33.5903547,130.4017155,30,pm25,30,17,3.8,1.5,4.5,18.4,29.5,83,1007,5.6,,
2025-08-11T23:00:00+09:00,Kawasaki,35.5309058,139.7030511,24,pm10,1,24,7.5,1.5,3.4,5.6,28,85,1008,7.9,,
2025-08-11T22:00:00+08:00,Shenzhen,22.543099,114.057868,55,pm25,55,31,23.4,4.1,8.2,24.8,30,84.7,1006.9,4.6,,
2025-08-11T22:00:00+08:00,Zhongshan (Taiwan),25.062361,121.526528,30,pm25,30,13,12.1,0.8,3,8.9,28,88,1007,0.5,,26
2025-08-11T21:00:00+08:00,Chongqing,29.56301,106.551557,27,o3,46,24,4.2,4.6,7.3,26.9,23,100,1006,0.5,,
2025-08-11T17:00:00+03:00,Istanbul (Turkey),41.015278,29.025,34,o3,23,23,6.7,1.7,13.9,33.7,31,38.5,1015,10,14.9,15.5
2025-08-11T22:00:00+07:00,Hanoi,21.0491,105.8831,38,pm25,38,35,13,10,4,10,30,84,1005,4.1,,27
2025-08-11T22:00:00+07:00,Bangkok,13.7563309,100.5017651,59,pm25,59,20,1.8,0.6,0.1,4.8,30,83,1007,0.5,,
2025-08-11T21:00:00+05:30,Delhi,28.6341,77.2005,122,pm25,122,93,9.3,4,14.5,19.1,24.925,86.45,986.6999999999999,0.325,10.2,25
2025-08-11T21:00:00+05:30,Mumbai,19.0863,72.8888,104,pm25,104,61,1.5,14.9,1.1,11.6,29,99.49000000000001,1006.64,29.63,11.3,24
2025-08-12T00:00:00+09:00,Seoul,37.566535,126.9779692,78,pm25,78,26,15.8,5.3,6.4,30.9,25.9,74,996.3,1.5,,
2025-08-11T23:00:00+08:00,Beijing,39.954592,116.468117,78,pm25,78,41,7.8,1.6,5.5,76.7,27,78,1004,1.5,,
2025-08-11T23:00:00+08:00,Shanghai,31.2047372,121.4489017,53,pm25,53,30,16,2.1,8.2,26.9,31,66,1005,1.5,,
2025-08-11T23:00:00+09:00,Shinjuku (Tokyo),35.713889,139.705556,38,pm25,38,23,1.9,1.5,2.3,7.3,27.9,81.8,1005.2,5.6,,24.5
2025-08-11T17:00:00+02:00,Hamburg,53.564486,9.96834,37,o3,34,14,1,1.6,0.1,37,24,48.5,1023.5,2.5,10.8,12.5
2025-08-11T23:00:00+08:00,Wuhan,30.593099,114.305393,34,pm25,34,12,8.7,3.1,2.8,,26,100,1005,1.5,,
2025-08-11T17:00:00+02:00,Warsaw (Poland),52.225171,21.014783,22,pm25,22,14,25.5,2,0.1,12,24,38,1023,3.6,,9
2025-08-12T00:00:00+09:30,Winnellie (Australia),-12.424323299931126,130.89335024356842,19,pm25,19,6,2,1.4,4.3,10.4,17.9,81.8,1009.5,1.9966666666666668,,14.8
2025-08-11T10:00:00-04:00,Boston,42.325184,-71.05608,56,pm25,56,25,14.9,0.5,4.5,32.8,31.3,45.5,1022.4,,,
2025-08-11T09:00:00-04:00,Georgia,33.68797,-84.29048,16,pm25,16,9,1.3,0.2,1.2,8,23.9,66.8,1020.2,0.2,2.6,
2025-08-11T08:00:00-07:00,Phoenix,33.403055555556,-112.07527777778,66,pm10,55,66,4.7,,2.3,19.2,35,32,1012.5,3.6,8.7,16
2025-08-11T08:00:00-06:00,Denver,39.732146,-105.015317,53,pm25,53,33,11,0.6,4.7,6.5,18.3333,57.3,1022.6,2,4.3,
2025-08-12T00:00:00+09:00,Daegu,35.8714354,128.601445,38,o3,30,9,6.3,3.2,3.5,37.8,7.1,71,1016,3.9,,
2025-08-12T00:00:00+09:00,Gyeonggi,37.4112,127.2579,55,pm25,55,31,17.1,2.6,5.5,4.2,24,94,1007.4,1,,23
2025-08-11T23:00:00+09:00,Nagoya,35.1814464,136.906398,42,pm25,42,26,7.5,1.5,1.2,5.6,28,89,1009.5,3.2,,
2025-08-12T00:00:00+09:00,Fukuoka,33.5903547,130.4017155,25,pm25,25,16,4.7,1.5,2.3,15.2,28,83,1007,7.2,,
2025-08-11T23:00:00+08:00,Shenzhen,22.543099,114.057868,53,pm25,53,39,22.4,4.1,8.2,24,30,92.6,1007,3.6,,
2025-08-11T23:00:00+08:00,Zhongshan (Taiwan),25.062361,121.526528,38,pm25,38,10,9.6,0.8,2.9,9.9,28,88,1007.5,0.5,,26
2025-08-11T23:00:00+08:00,Chongqing,29.56301,106.551557,53,pm25,53,35,7.4,4.6,6.4,26.9,23,100,1007,0.5,,
2025-08-11T18:00:00+03:00,Istanbul (Turkey),41.015278,29.025,35,o3,22,24,6.7,1.7,13.8,35.2,30.5,44,1014.5,9.5,14.9,17
2025-08-11T23:00:00+07:00,Hanoi,21.0491,105.8831,46,pm25,46,37,13,10,4,11,30,84,1005.5,4.1,,27
2025-08-11T23:00:00+07:00,Bangkok,13.7563309,100.5017651,61,pm25,61,20,0.6,0.6,0.1,4.8,29,83,1008,2,,
2025-08-11T22:00:00+05:30,Delhi,28.6341,77.2005,160,pm25,160,112,9.7,3.3,13.6,7.5,24.650000000000002,86.44999999999999,986.6750000000001,0.3,10.2,26
2025-08-11T22:00:00+05:30,Mumbai,19.0863,72.8888,104,pm25,104,61,1.3,14.8,0.6,11.6,29,98.57,1007.0174999999999,28.71,11.3,24
2025-08-12T01:00:00+09:00,Seoul,37.566535,126.9779692,68,pm25,68,27,14.8,5,6.9,28.9,25.9,74,996.3,1.5,,
2025-08-12T00:00:00+08:00,Beijing,39.954592,116.468117,78,pm25,78,41,8.3,1.6,5.5,76.7,27,78,1004,1.5,,
2025-08-12T00:00:00+08:00,Shanghai,31.2047372,121.4489017,74,pm25,74,41,17.4,2.1,8.2,24.4,31,66,1004,1.5,,
2025-08-12T00:00:00+09:00,Shinjuku (Tokyo),35.713889,139.705556,42,pm25,42,11,2.8,1.5,1.2,7.3,27.7,84.3,1005.1,5.6,,24.8
2025-08-12T01:00:00+09:00,Osaka,34.6937378,135.5021651,42,pm25,42,31,7.5,8.6,0.1,7.3,29.3,88,1009,4.6,,
2025-08-11T16:00:00+02:00,Paris,48.856614,2.3522219,48,o3,42,18,22.3,0.6,0.1,47.5,30.5,29,1019,1,,
2025-08-11T16:00:00+01:00,London,51.5073509,-0.1277583,65,pm25,65,36,26.6,1.3,2.3,42.7,29.1,42.8,1021.1,6,,
2025-08-11T18:00:00+02:00,Frankfurt,50.075464,8.576305,43,o3,28,13,,0.5,0.1,43.3,29,29,1020.5,3,11.3,9.5
2025-08-11T18:00:00+02:00,Hamburg,53.564486,9.96834,38,o3,34,14,1.9,1.6,0.1,37.8,23.5,51.5,1023,3.3,10.8,13
2025-08-12T00:00:00+08:00,Wuhan,30.593099,114.305393,34,pm25,34,11,7.8,3.1,1.9,,26,100,1005,0.5,,
2025-08-11T18:00:00+02:00,Warsaw (Poland),52.225171,21.014783,23,pm25,23,14,27.8,2,0.1,12,24,35,1023,4.1,,8
2025-08-12T02:00:00+09:30,Winnellie (Australia),-12.424323299931126,130.89335024356842,32,pm25,32,8,2.3,1,4.4,11.4,17.5,82.6,1009.2,3,,14.6
2025-08-11T22:00:00+05:30,Bangalore (India),13.0270199,77.494094,83,pm25,83,59,7.3,4.3,0.6,10.7,22,93.7,951.9325,0.9525,,20
2025-08-11T22:00:00+05:30,Chennai (India),13.1278,80.2642,94,pm25,94,42,5.7,1.6,10.3,,29.897499999999997,66.025,83044.4,1.4,12.8,24
2025-08-11T11:00:00-04:00,Boston,42.325184,-71.05608,57,pm25,57,23,11.2,0.5,3.4,45.6,33.5,39.6,1021.7,,,
2025-08-11T10:00:00-04:00,Georgia,33.68797,-84.29048,13,pm25,13,8,1.3,0.2,1.2,8,25,59.6,1020.4,0.2,4.2,
2025-08-11T09:00:00-07:00,Phoenix,33.403055555556,-112.07527777778,37,pm10,35,37,4.7,,2.3,24.1,36,28,1012.5,3,8.7,15
2025-08-11T09:00:00-06:00,Denver,39.732146,-105.015317,55,pm25,55,45,9.2,0.6,4.2,8.6,20,54.3,1022.5,3,7,
2025-08-12T01:00:00+09:00,Daegu,35.8714354,128.601445,40,o3,30,10,6.2,2.6,3.9,39.7,7.1,71,1016,3.9,,
2025-08-12T00:00:00+09:00,Nagoya,35.1814464,136.906398,42,pm25,42,25,5.6,1.5,1.2,7.3,27.7,85,1009.3,2.9,,
2025-08-12T01:00:00+09:00,Fukuoka,33.5903547,130.4017155,17,pm25,17,13,2.8,1.5,2.3,13.6,28,83,1008,6.6,,
2025-08-12T01:00:00+09:00,Kawasaki,35.5309058,139.7030511,19,pm10,1,19,5.6,1.5,2.3,6.4,28,78,1008,10.8,,
2025-08-12T00:00:00+08:00,Shenzhen,22.543099,114.057868,55,pm25,55,31,20.6,4.1,6.4,15.5,30,85,1006.2,4.6,,
2025-08-12T00:00:00+08:00,Zhongshan (Taiwan),25.062361,121.526528,38,pm25,38,13,14.6,0.8,4.8,2.3,28,88,1008,0.7,,26
2025-08-12T00:00:00+08:00,Chongqing,29.56301,106.551557,65,pm25,65,25,7.8,4.6,6.4,19.9,23,100,1007,0.5,,
2025-08-11T19:00:00+03:00,Istanbul (Turkey),41.015278,29.025,36,o3,21,23,7.5,1.7,13.8,36,28,51,1015,9.2,14.9,17
2025-08-12T00:00:00+07:00,Hanoi,21.0491,105.8831,49,pm25,49,39,8,9,2,17,30,84,1006,3.6,,27
2025-08-11T23:00:00+05:30,Delhi,28.6341,77.2005,132,pm25,132,92,9.1,3.3,13.4,2.4,24.825000000000003,86.04999999999998,986.7249999999999,0.32500000000000007,10.2,26
2025-08-11T23:00:00+05:30,Mumbai,19.0863,72.8888,110,pm25,110,64,1.3,14.9,0.6,11.6,29,99.62666666666667,1007.3133333333334,27.966666666666665,11.3,24
2025-08-12T02:00:00+09:00,Seoul,37.566535,126.9779692,78,pm25,78,27,14.4,4.9,6.2,25.1,25.5,77.6,996.7,1.5,,
2025-08-12T01:00:00+08:00,Beijing,39.954592,116.468117,80,pm25,80,43,10.6,1.6,6.4,76.7,26,78,1004,2.5,,
2025-08-12T01:00:00+08:00,Shanghai,31.2047372,121.4489017,85,pm25,85,50,17.9,4.6,8.2,19.1,30,70,1004,1.5,,
2025-08-12T01:00:00+09:00,Shinjuku (Tokyo),35.713889,139.705556,38,pm25,38,10,1.9,1.5,1.2,8,27.7,83.3,1005.1,6.1,,24.6
2025-08-12T02:00:00+09:00,Osaka,34.6937378,135.5021651,38,pm25,38,18,7.5,7.2,0.1,7.3,29.3,88,1009,3,,
2025-08-11T19:00:00+02:00,Frankfurt,50.075464,8.576305,42,o3,28,13,,0.5,0.1,42.4,29,29,1020,3.8,11.3,9.5
2025-08-11T19:00:00+02:00,Hamburg,53.564486,9.96834,37,o3,34,14,1,1.6,0.1,37.4,22.5,54.5,1023,2.3,10.8,13
2025-08-12T01:00:00+08:00,Wuhan,30.593099,114.305393,42,pm25,42,11,7.8,3.1,1.9,,26,100,1005,1.5,,
2025-08-11T19:00:00+02:00,Warsaw (Poland),52.225171,21.014783,22,pm25,22,13,27.7,2,0.1,12,23,38,1023,3,,8
2025-08-11T23:00:00+05:30,Bangalore (India),13.0270199,77.494094,57,pm10,45,57,8,3,0.6,10.7,22,93.7,951.9975,0.9400000000000001,,20
2025-08-11T23:00:00+05:30,Chennai (India),13.1278,80.2642,73,pm25,73,39,4.7,1.1,10.3,,29.759999999999998,67.19749999999999,83048.825,0.8724999999999999,12.8,24
2025-08-11T12:00:00-04:00,Boston,42.325184,-71.05608,60,pm25,60,23,6.5,0.5,3.4,45.6,33.6,41,1021.3,,,
2025-08-11T11:00:00-04:00,Georgia,33.68797,-84.29048,14,pm25,14,7,0.8,0.2,1.2,9.6,26.5,58.6,1019.3,0.2,5.5,
2025-08-11T10:00:00-07:00,Phoenix,33.403055555556,-112.07527777778,29,o3,8,28,4.7,,2.3,28.9,38,25,1012.5,2,8.7,15
2025-08-11T10:00:00-06:00,Denver,39.732146,-105.015317,50,pm25,50,33,8.3,0.6,3.6,8.6,21.6667,50,1022,4,6,
2025-08-12T02:00:00+09:00,Daegu,35.8714354,128.601445,42,o3,17,7,6,3.3,4.3,41.6,7.1,71,1016,3.9,,
2025-08-12T02:00:00+09:00,Gyeonggi,37.4112,127.2579,72,pm25,72,27,15.9,2.5,5.2,1.5,23,94,1008.1,1.5,,22
2025-08-12T01:00:00+09:00,Nagoya,35.1814464,136.906398,59,pm25,59,24,3.8,1.5,1.2,7.3,27.7,86,1009.6,2.9,,
2025-08-12T02:00:00+09:00,Fukuoka,33.5903547,130.4017155,21,pm25,21,10,1.9,1.5,2.3,12.8,29.4,83,1008,6.1,,
2025-08-12T02:00:00+09:00,Kawasaki,35.5309058,139.7030511,20,pm10,1,20,5.6,1.5,2.3,7.3,28,83,1008,9.7,,
2025-08-12T01:00:00+08:00,Shenzhen,22.543099,114.057868,53,pm25,53,39,21.1,4.1,6.4,11.4,29.4,94.8,1006.7,3.6,,
2025-08-12T01:00:00+08:00,Zhongshan (Taiwan),25.062361,121.526528,38,pm25,38,18,12.5,0.8,3.8,1.1,27,94,1008,1.5,,26
2025-08-12T01:00:00+08:00,Chongqing,29.56301,106.551557,70,pm25,70,24,6,4.1,4.6,17.5,23,100,1006,0.5,,
2025-08-12T01:00:00+07:00,Hanoi,21.0491,105.8831,65,pm25,65,43,5,9,1,19,29,88,1005,3.6,,27
2025-08-12T01:00:00+07:00,Bangkok,13.7563309,100.5017651,61,pm25,61,26,0.6,0.6,0.1,4.8,28.5,83,1007,2,,
2025-08-12T00:00:00+05:30,Mumbai,19.0863,72.8888,108,pm25,108,63,1.3,14.9,0.7,11.6,29,99.92,1007.21,27.97666666666667,11.3,24
2025-08-12T03:00:00+09:00,Seoul,37.566535,126.9779692,80,pm25,80,29,13.5,4.9,6.2,24.1,25.1,82,997.2,1.5,,
2025-08-12T02:00:00+08:00,Beijing,39.954592,116.468117,80,pm25,80,44,11.5,2.1,5.5,76.7,25,78,1004,1.5,,
2025-08-12T02:00:00+08:00,Shanghai,31.2047372,121.4489017,89,pm25,89,52,16.5,5.1,7.3,15.9,30,70,1004,1.5,,
2025-08-12T02:00:00+09:00,Shinjuku (Tokyo),35.713889,139.705556,34,pm25,34,20,1.9,1.5,1.2,8,27.8,83.3,1005.2,6.6,,24.7
2025-08-12T03:00:00+09:00,Osaka,34.6937378,135.5021651,38,pm25,38,30,6.5,7.2,0.1,7.3,29.3,83,1009,3.6,,
2025-08-11T18:00:00+02:00,Paris,48.856614,2.3522219,46,o3,44,17,22.5,0.6,0.1,45.5,29.4,35.6,1018.4,1.1,,
2025-08-11T18:00:00+01:00,London,51.5073509,-0.1277583,57,pm25,57,29,23.8,1.6,1.9,35.4,25.4,46.4,1021.3,5.4,,
2025-08-11T20:00:00+02:00,Frankfurt,50.075464,8.576305,40,o3,28,14,,0.5,0.1,40,28,32,1020,4.3,11.3,10
2025-08-11T20:00:00+02:00,Hamburg,53.564486,9.96834,35,o3,34,15,2.3,1.6,0.1,35,21.5,58,1022.5,2.8,10.8,13
2025-08-12T02:00:00+08:00,Wuhan,30.593099,114.305393,42,pm25,42,12,6.9,2.6,1.9,,25,100,1004,0.5,,
2025-08-11T20:00:00+02:00,Warsaw (Poland),52.225171,21.014783,24,pm25,24,14,27.2,2,0.1,12,22,43,1023,3,,9
2025-08-12T03:00:00+09:30,Winnellie (Australia),-12.424323299931126,130.89335024356842,11,o3,7,1,1.3,0.9,4,10.9,17.1,86.8,1008.9,1.99,,14.4
2025-08-12T00:00:00+05:30,Bangalore (India),13.0270199,77.494094,55,pm10,54,55,8.2,2.8,0.6,10.5,21,93.7,951.975,0.925,,19
2025-08-12T00:00:00+05:30,Chennai (India),13.1278,80.2642,54,pm25,54,33,4.7,1.4,5.5,,29.535,65.8275,83001.075,1.4525,12.8,24
2025-08-11T13:00:00-04:00,Boston,42.325184,-71.05608,64,pm25,64,19,4.7,0.6,3.4,42.4,33,42,1020.7,,,
2025-08-11T12:00:00-04:00,Georgia,33.68797,-84.29048,16,pm25,16,8,0.6,0.2,1.2,12.8,28.9,53,1018.5,0.1,4.6,
2025-08-11T11:00:00-07:00,Phoenix,33.403055555556,-112.07527777778,41,pm25,41,39,4.7,,1.2,40.8,38,24,1012.1,2,8.7,14
2025-08-11T11:00:00-06:00,Denver,39.732146,-105.015317,42,pm25,42,24,7.4,0.6,3.2,13,23.8889,46,1021.7,4,10,
2025-08-12T03:00:00+09:00,Daegu,35.8714354,128.601445,43,o3,13,8,5.6,3.8,4.7,42.7,7.1,71,1016,3.9,,
2025-08-12T03:00:00+09:00,Gyeonggi,37.4112,127.2579,59,pm25,59,27,13.8,2.6,5,0.6,23,94,1008.1,1.5,,22
2025-08-12T02:00:00+09:00,Nagoya,35.1814464,136.906398,38,pm25,38,24,5.6,1.5,2.3,6.4,27.5,92,1009.8,2.7,,
2025-08-12T03:00:00+09:00,Fukuoka,33.5903547,130.4017155,17,pm25,17,12,1.9,1.5,1.2,12.8,28,83,1008,6.1,,
2025-08-12T02:00:00+08:00,Shenzhen,22.543099,114.057868,50,pm25,50,33,18.8,4.1,7.3,10.6,29.4,94.8,1006.5,3.6,,
2025-08-12T02:00:00+08:00,Zhongshan (Taiwan),25.062361,121.526528,55,pm25,55,19,10.3,0.9,2.6,2,28,88,1007,1,,26
2025-08-12T02:00:00+08:00,Chongqing,29.56301,106.551557,65,pm25,65,32,4.6,2.6,4.6,18.7,23,100,1006,0.5,,
2025-08-11T21:00:00+03:00,Istanbul (Turkey),41.015278,29.025,38,o3,22,23,9.1,1.7,14,37.7,27,48.5,1015,7.4,14.9,15.5
2025-08-12T02:00:00+07:00,Hanoi,21.0491,105.8831,76,pm25,76,46,4,9,1,18,29,88,1005,3.6,,27
2025-08-12T02:00:00+07:00,Bangkok,13.7563309,100.5017651,33,pm25,33,20,0.6,0.6,0.1,4.8,28.4,96.5,1008,1,,
2025-08-12T03:00:00+08:00,Beijing,39.954592,116.468117,117,pm25,117,61,17.9,2.1,7.3,76.7,24,88,1005,0.5,,
2025-08-12T03:00:00+08:00,Shanghai,31.2047372,121.4489017,91,pm25,91,47,23.8,8.2,7.3,13,29,79,1004,0.5,,
2025-08-12T03:00:00+09:00,Shinjuku (Tokyo),35.713889,139.705556,30,pm25,30,10,1.9,1.5,1.2,8.8,28,80.8,1005.5,6.6,,24.4
2025-08-12T04:00:00+09:00,Osaka,34.6937378,135.5021651,38,pm25,38,14,7.5,7.2,0.1,7.3,29.3,83,1009,4.1,,
2025-08-11T21:00:00+02:00,Frankfurt,50.075464,8.576305,33,pm25,33,21,,0.5,0.1,28.1,27,33,1019.5,3.6,11.3,9.5
2025-08-11T21:00:00+02:00,Hamburg,53.564486,9.96834,33,o3,34,15,3.2,1.6,0.1,32.5,19,72.5,1022,1.5,10.8,14
2025-08-11T21:00:00+03:00,Moscow,55.791842,37.578405,65,pm25,65,24,40.7,0.2,13.3,5.1,17.7,74,1012.5,1.8,4,
2025-08-12T03:00:00+08:00,Wuhan,30.593099,114.305393,46,pm25,46,14,6.4,2.1,7.3,,25,100,1004,0.5,,
2025-08-11T13:00:00-04:00,Georgia,33.68797,-84.29048,17,pm25,17,8,0.3,0.2,1.2,16.8,30,50,1017.3,0.1,2.8,
2025-08-11T12:00:00-07:00,Phoenix,33.403055555556,-112.07527777778,44,o3,40,35,4.7,,1.2,44,40,21,1011.1,2,8.7,14
2025-08-11T12:00:00-06:00,Denver,39.732146,-105.015317,30,pm25,30,19,6.4,0.6,2.5,22,25,32,1021.5,6,9,
2025-08-12T03:00:00+09:00,Nagoya,35.1814464,136.906398,38,pm25,38,24,6.5,1.5,2.3,4.8,27.2,92,1010.2,2.5,,
2025-08-12T04:00:00+09:00,Fukuoka,33.5903547,130.4017155,17,pm25,17,12,2.8,1.5,1.2,13.6,28.9,83,1009,5.6,,
2025-08-12T03:00:00+09:00,Kawasaki,35.5309058,139.7030511,34,pm25,34,16,4.7,1.5,2.3,8,28,85,1008,9.4,,
2025-08-12T03:00:00+08:00,Shenzhen,22.543099,114.057868,46,pm25,46,26,18.8,4.6,6.4,9,29.4,87.7,1006.3,3.6,,
2025-08-12T03:00:00+08:00,Zhongshan (Taiwan),25.062361,121.526528,46,pm25,46,16,7.3,0.8,2,4.9,28,83,1007,1,,25
2025-08-12T03:00:00+08:00,Chongqing,29.56301,106.551557,63,pm25,63,32,3.7,2.1,4.6,18.7,24,100,1005,0.5,,
2025-08-11T22:00:00+03:00,Istanbul (Turkey),41.015278,29.025,41,o3,24,23,8.3,1.8,14.2,40.6,26,59,1015.5,8.2,14.9,17.5
2025-08-12T03:00:00+07:00,Hanoi,21.0491,105.8831,71,pm25,71,43,4,9,2,19,29,88,1005,3,,27
2025-08-12T03:00:00+07:00,Bangkok,13.7563309,100.5017651,40,pm25,40,18,0.6,0.6,0.1,4.8,28.7,9.1,1006.4,2,,
2025-08-12T02:00:00+05:30,Delhi,28.6341,77.2005,142,pm25,142,88,4.1,0.7,10,7,23.574999999999996,90.57499999999999,986.725,0.3,10.2,26
2025-08-12T01:00:00+05:30,Mumbai,19.0863,72.8888,112,pm25,112,65,1.3,14.9,0.8,11.5,28,99.92,1006.38,29.645,11.3,24
2025-08-12T05:00:00+09:00,Seoul,37.566535,126.9779692,82,pm25,82,29,12.3,4.8,5.7,19.2,24.6,81.9,998,1,,
2025-08-12T04:00:00+08:00,Beijing,39.954592,116.468117,114,pm25,114,60,16,2.6,7.3,76.7,24,83,1004,0.5,,
2025-08-12T04:00:00+08:00,Shanghai,31.2047372,121.4489017,87,pm25,87,41,21.1,5.1,7.3,12.2,29,74,1005,1.5,,
2025-08-12T04:00:00+09:00,Shinjuku (Tokyo),35.713889,139.705556,30,pm25,30,10,1.9,1.5,1.2,8.8,28,80.8,1005.5,6.6,,24.4
2025-08-11T19:00:00+01:00,London,51.5073509,-0.1277583,55,pm25,55,29,23.8,1.6,2.8,36.6,25.4,47,1021.3,5.8,,
2025-08-11T22:00:00+02:00,Frankfurt,50.075464,8.576305,40,pm25,40,29,,0.5,0.1,15.4,23.5,44,1020,3.6,11.3,10.5
2025-08-11T22:00:00+02:00,Hamburg,53.564486,9.96834,27,o3,34,16,3.2,1.6,0.1,26.9,17,82,1022,0.7,10.8,14
2025-08-11T22:00:00+03:00,Moscow,55.791842,37.578405,76,pm25,76,24,43,0.2,16.9,3.3,17.7,73.8,1012.6,2.5,4.8,
2025-08-12T04:00:00+08:00,Wuhan,30.593099,114.305393,46,pm25,46,12,6.4,1.6,7.3,,25,100,1004,0.5,,
2025-08-11T22:00:00+02:00,Warsaw (Poland),52.225171,21.014783,33,pm25,33,23,43.5,2,0.1,12,16,72,1023,1,,11
2025-08-12T05:00:00+09:30,Winnellie (Australia),-12.424323299931126,130.89335024356842,35,pm25,35,23,2.7,1.1,4.5,7,16.8,95.4,1008.8,1.99,,14.6
2025-08-12T01:00:00+05:30,Bangalore (India),13.0270199,77.494094,67,pm25,67,55,7.8,2.1,0.6,10.7,21,93.7,951.7766666666666,0.92,,19
2025-08-12T01:00:00+05:30,Chennai (India),13.1278,80.2642,53,pm25,53,35,5.1,1.4,4.6,,29.423333333333336,67.88000000000001,82866.26666666666,1.02,12.8,25
2025-08-11T15:00:00-04:00,Boston,42.325184,-71.05608,47,o3,64,26,4.7,0.8,3.4,47.2,33.6,42.5,1019.8,,,
2025-08-11T14:00:00-04:00,Georgia,33.68797,-84.29048,18,pm25,18,9,0.3,0.2,1.2,17.6,31.6,46.3,1018,0.1,3.1,
2025-08-11T13:00:00-07:00,Phoenix,33.403055555556,-112.07527777778,39,o3,23,29,4.7,,1.2,39.2,41,17,1010.4,2.5,8.7,12
2025-08-11T13:00:00-06:00,Denver,39.732146,-105.015317,19,pm10,17,19,7.8,0.6,2.6,18.7,26.6667,24.5,1021.5,6,11.5,
2025-08-12T05:00:00+09:00,Daegu,35.8714354,128.601445,39,o3,13,3,5.7,3.6,4,38.8,7.1,71,1016,3.9,,
2025-08-12T05:00:00+09:00,Gyeonggi,37.4112,127.2579,46,pm25,46,25,11.9,2.6,5.3,0.5,23,100,1009.1,1.5,,23
2025-08-12T04:00:00+09:00,Nagoya,35.1814464,136.906398,38,pm25,38,23,6.5,1.5,1.2,4,27.2,87,1010.1,2.6,,
2025-08-12T05:00:00+09:00,Fukuoka,33.5903547,130.4017155,17,pm25,17,10,3.8,1.5,1.2,12.8,28,87.8,1009,2,,
2025-08-12T04:00:00+09:00,Kawasaki,35.5309058,139.7030511,38,pm25,38,19,4.7,1.5,2.3,7.3,28,88,1008,10.8,,
2025-08-12T04:00:00+08:00,Shenzhen,22.543099,114.057868,50,pm25,50,25,17.9,4.1,7.3,15.1,29.4,88,1006.2,3.6,,
2025-08-12T04:00:00+08:00,Zhongshan (Taiwan),25.062361,121.526528,42,pm25,42,13,6.5,0.6,2.2,5.2,28,88,1007,0.5,,26
2025-08-12T04:00:00+08:00,Chongqing,29.56301,106.551557,61,pm25,61,35,4.6,2.1,4.6,20.4,24,100,1005,1.5,,
2025-08-12T04:00:00+07:00,Hanoi,21.0491,105.8831,61,pm25,61,39,4,9,2,18,28,94,1004,2,,27
2025-08-12T04:00:00+07:00,Bangkok,13.7563309,100.5017651,35,pm25,35,22,0.6,0.6,0.1,4.8,28.1,78,1005.1,1,,
2025-08-12T02:00:00+05:30,Mumbai,19.0863,72.8888,118,pm25,118,68,1.3,14.9,0.7,11.6,27,99.78999999999999,1005.995,29.564999999999998,11.3,24
2025-08-12T06:00:00+09:00,Seoul,37.566535,126.9779692,78,pm25,78,25,14.6,4.8,5.6,15.2,23.8,84.9,998.1,1.5,,
2025-08-12T05:00:00+08:00,Beijing,39.954592,116.468117,61,pm25,61,30,17.4,2.1,5.5,76.7,23,88,1004,0.5,,
2025-08-12T05:00:00+08:00,Shanghai,31.2047372,121.4489017,80,pm25,80,40,21.1,4.6,8.2,8.2,29,79,1005,1.5,,
2025-08-12T05:00:00+09:00,Shinjuku (Tokyo),35.713889,139.705556,25,pm25,25,10,1.9,1.5,1.2,8,27.9,78.9,1005.9,6.6,,23.9
2025-08-12T05:00:00+09:00,Osaka,34.6937378,135.5021651,34,pm25,34,25,7.5,5.8,1.2,7.3,29.1,79,1009,4.2,,
2025-08-11T19:00:00+02:00,Paris,48.856614,2.3522219,56,pm25,56,23,35.1,0.6,0.1,45.5,26.3,43.2,1018.4,0.1,,
2025-08-11T20:00:00+01:00,London,51.5073509,-0.1277583,55,pm25,55,30,20.3,1.1,2.8,36.2,22.3,56,1020.7,4.2,,
2025-08-11T23:00:00+02:00,Hamburg,53.564486,9.96834,38,pm25,38,16,10.1,1.6,0.1,22,15.5,90,1022,1,10.8,14
2025-08-12T00:00:00+03:00,Moscow,55.791842,37.578405,63,pm25,63,17,36.6,0.1,11.5,4.4,17.7,74,1012.9,4.5,6,
2025-08-12T05:00:00+08:00,Wuhan,30.593099,114.305393,42,pm25,42,16,5.5,2.1,7.3,,25,100,1004,1.5,,
2025-08-11T23:00:00+02:00,Warsaw (Poland),52.225171,21.014783,41,pm25,41,27,43.1,2,0.1,12,15,72,1023,1.2,,10
2025-08-12T02:00:00+05:30,Bangalore (India),13.0270199,77.494094,55,pm10,45,55,9.3,3.2,0.6,10.5,21,93.7,951.5733333333333,0.8933333333333334,,19
2025-08-12T02:00:00+05:30,Chennai (India),13.1278,80.2642,49,pm25,49,35,4.1,1.3,4,,29.506666666666664,66.69333333333333,82892.93333333333,1.4166666666666667,12.8,25
2025-08-11T15:00:00-04:00,Georgia,33.68797,-84.29048,17,pm25,17,9,0.4,0.2,1.2,16,31.4,47,1017.6,0.1,3.6,
2025-08-11T14:00:00-07:00,Phoenix,33.403055555556,-112.07527777778,41,pm25,41,40,4.7,,1.2,36.1,41,17,1010.4,2.5,8.7,12
2025-08-11T14:00:00-06:00,Denver,39.732146,-105.015317,18,o3,17,14,8.3,0.6,2.3,18.3,27.2222,26,1021.1,7,10.5,
2025-08-12T06:00:00+09:00,Daegu,35.8714354,128.601445,37,o3,17,5,6.3,3,3.7,36.9,7.1,71,1016,3.9,,
2025-08-12T06:00:00+09:00,Gyeonggi,37.4112,127.2579,57,pm25,57,25,9.5,2.5,5,0.5,22,100,1009.4,1,,22
2025-08-12T05:00:00+09:00,Nagoya,35.1814464,136.906398,34,pm25,34,23,6.5,1.5,1.2,4,27.2,87,1010.2,2.3,,
2025-08-12T06:00:00+09:00,Fukuoka,33.5903547,130.4017155,27,pm10,25,27,5.6,1.5,2.3,13.6,28,87.8,1009.5,2.8,,
2025-08-12T05:00:00+09:00,Kawasaki,35.5309058,139.7030511,34,pm25,34,13,7.5,1.5,1.2,6.4,28,84,1008,9.4,,
2025-08-12T05:00:00+08:00,Shenzhen,22.543099,114.057868,46,pm25,46,23,11,4.1,7.3,12.2,29.1,97.1,1006.4,2.5,,
2025-08-12T05:00:00+08:00,Zhongshan (Taiwan),25.062361,121.526528,59,pm25,59,20,5.9,0.6,1.8,4.8,27,94,1007,0.5,,26
2025-08-12T05:00:00+08:00,Chongqing,29.56301,106.551557,55,pm25,55,30,4.6,2.1,4.6,16.7,23,100,1005,0.5,,
2025-08-12T05:00:00+07:00,Hanoi,21.0491,105.8831,57,pm25,57,37,5,9,3,31,28,94,1005,2,,27
2025-08-12T05:00:00+07:00,Bangkok,13.7563309,100.5017651,63,pm25,63,22,0.6,0.6,0.1,4.8,28.1,78,1005.1,1,,
2025-08-12T04:00:00+05:30,Delhi,28.6341,77.2005,129,pm25,129,71,4.1,1.3,6.4,25.3,21.475,92.57499999999999,986.6,0.6,10.2,25
2025-08-12T03:00:00+05:30,Mumbai,19.0863,72.8888,115,pm25,115,67,1.3,14.9,0.7,11.6,27,99.92,1005.48,42.775,11.3,24
2025-08-12T07:00:00+09:00,Seoul,37.566535,126.9779692,78,pm25,78,26,18.3,4.6,5.6,14.7,23.3,85.9,998.4,1,,
2025-08-12T06:00:00+08:00,Beijing,39.954592,116.468117,59,pm25,59,28,17.9,2.1,5.5,76.7,23,94,1005,0.5,,
2025-08-12T06:00:00+08:00,Shanghai,31.2047372,121.4489017,80,pm25,80,34,22.4,4.6,8.2,7.4,30,74,1006,1.5,,
2025-08-12T06:00:00+09:00,Shinjuku (Tokyo),35.713889,139.705556,21,pm25,21,5,1.9,1.5,1.2,8,28.4,76.2,1006.2,6.1,,23.8
2025-08-12T07:00:00+09:00,Osaka,34.6937378,135.5021651,30,pm25,30,12,6.5,5.8,0.1,6.4,29.5,74,1011,4.6,,
2025-08-11T20:00:00+02:00,Paris,48.856614,2.3522219,63,pm25,63,24,35.5,0.6,0.1,23.4,25.4,45,1018.2,0.1,,
2025-08-11T21:00:00+01:00,London,51.5073509,-0.1277583,61,pm25,61,31,16.5,0.9,1.8,28.3,21.6,61.6,1020.4,5.3,,
2025-08-11T23:00:00+02:00,Frankfurt,50.075464,8.576305,41,pm25,41,27,,0.5,0.1,12.7,21.5,50.5,1020,2.5,11.3,11
2025-08-12T00:00:00+02:00,Hamburg,53.564486,9.96834,38,pm25,38,16,14.7,1.6,0.1,17.1,15,87,1022,0.5,10.8,13
2025-08-12T01:00:00+03:00,Moscow,55.791842,37.578405,68,pm25,68,21,31.6,0.1,9.1,3.3,17.4,79,1013.2,1.6,3.6,
2025-08-12T06:00:00+08:00,Wuhan,30.593099,114.305393,53,pm25,53,17,6.4,4.6,7.3,,25,100,1005,1.5,,
2025-08-12T00:00:00+02:00,Warsaw (Poland),52.225171,21.014783,60,pm25,60,59,43.9,2,0.1,12,14,76,1023,0.5,,10
2025-08-12T07:00:00+09:30,Winnellie (Australia),-12.424323299931126,130.89335024356842,41,pm25,41,13,6.6,0.9,5,3.4,18,88,1009.5,6.79,,16.7
2025-08-12T03:00:00+05:30,Bangalore (India),13.0270199,77.494094,55,pm10,45,55,8.1,3.7,0.6,10.4,21,93.7,951.475,0.905,,19
2025-08-12T03:00:00+05:30,Chennai (India),13.1278,80.2642,43,pm25,43,35,2.6,0.6,2.7,,29.633333333333336,69.09,82831.16666666667,0.71,12.8,25
2025-08-11T17:00:00-04:00,Boston,42.325184,-71.05608,60,pm25,60,21,6.5,0.8,4.5,47.2,33.3,45.5,1019.6,,,
2025-08-11T16:00:00-04:00,Georgia,33.68797,-84.29048,16,pm25,16,9,0.8,0.2,1.2,16,28.8,53.8,1018.1,0.2,5.8,
2025-08-11T15:00:00-07:00,Phoenix,33.403055555556,-112.07527777778,39,pm25,39,38,4.7,,1.2,36.8,43,16,1008.4,6.6,9.2,12
2025-08-11T15:00:00-06:00,Denver,39.732146,-105.015317,21,o3,17,13,6,0.6,2.6,20.8,27.7778,25,1020.6,4,9.3,
2025-08-12T07:00:00+09:00,Daegu,35.8714354,128.601445,31,o3,13,6,10,3.2,3.5,31.2,7.1,71,1016,3.9,,
2025-08-12T07:00:00+09:00,Gyeonggi,37.4112,127.2579,55,pm25,55,23,7.5,2.5,5,10,24,94,1010.1,0.5,,23
2025-08-12T06:00:00+09:00,Nagoya,35.1814464,136.906398,30,pm25,30,23,5.6,1.5,1.2,4.8,27.7,85,1010.7,2.8,,
2025-08-12T07:00:00+09:00,Fukuoka,33.5903547,130.4017155,21,pm25,21,20,10.2,1.5,2.3,12.1,27.2,89.9,1010,1.2,,
2025-08-12T06:00:00+09:00,Kawasaki,35.5309058,139.7030511,34,pm25,34,15,6.5,1.5,3.4,5.6,28,82,1008.5,10,,
2025-08-12T06:00:00+08:00,Shenzhen,22.543099,114.057868,46,pm25,46,22,13.8,4.1,7.3,12.6,29.1,88.8,1006,2.5,,
2025-08-12T06:00:00+08:00,Zhongshan (Taiwan),25.062361,121.526528,46,pm25,46,20,10,0.8,3.3,4.8,27,88,1007,1.5,,25
2025-08-12T06:00:00+08:00,Chongqing,29.56301,106.551557,46,pm25,46,22,5.5,2.1,5.5,13.5,24,100,1005,0.5,,
2025-08-11T23:00:00+03:00,Istanbul (Turkey),41.015278,29.025,40,o3,32,23,6.6,1.7,14.6,39.9,24.9,80.4,1009.7,6.6,,21.3
2025-08-12T06:00:00+07:00,Hanoi,21.0491,105.8831,56,pm25,56,39,5,10,8,31,28,94,1005,2,,27
2025-08-12T06:00:00+07:00,Bangkok,13.7563309,100.5017651,53,pm25,53,22,0.6,0.6,0.1,4.8,27.8,8.9,1005.8,0.5,,
2025-08-12T04:00:00+05:30,Mumbai,19.0863,72.8888,94,pm25,94,56,1.6,14.8,1.2,11.2,27,99.92,1005.3050000000001,42.985,11.3,23
2025-08-12T08:00:00+09:00,Seoul,37.566535,126.9779692,76,pm25,76,27,17.1,4.6,6.2,22.4,23.5,86.9,999,1.5,,
2025-08-12T07:00:00+08:00,Beijing,39.954592,116.468117,53,pm25,53,23,14.7,1.6,5.5,76.7,25,83,1006,0.5,,
2025-08-12T07:00:00+08:00,Shanghai,31.2047372,121.4489017,76,pm25,76,32,26.1,5.1,8.2,4.9,30,74,1006,1.5,,
2025-08-12T07:00:00+09:00,Shinjuku (Tokyo),35.713889,139.705556,25,pm25,25,7,2.8,1.5,1.2,7.3,28.2,77.1,1006.2,4.6,,23.8
2025-08-12T08:00:00+09:00,Osaka,34.6937378,135.5021651,46,pm25,46,23,8.4,5.8,0.1,6.4,29.7,74,1011,5.6,,
2025-08-11T21:00:00+02:00,Paris,48.856614,2.3522219,66,pm25,66,28,35.1,0.6,0.1,37,24.9,45.8,1018,0.1,,
2025-08-11T22:00:00+01:00,London,51.5073509,-0.1277583,65,pm25,65,31,16.5,1.1,2,35.4,21.6,62.1,1020.4,5.3,,
2025-08-12T00:00:00+02:00,Frankfurt,50.075464,8.576305,42,pm25,42,27,,0.5,0.1,9.9,20,56,1020,2,11.3,11
2025-08-12T01:00:00+02:00,Hamburg,53.564486,9.96834,38,pm25,38,16,14.7,1.6,0.1,17.1,15,87,1022,0.7,10.8,13
2025-08-12T07:00:00+08:00,Wuhan,30.593099,114.305393,55,pm25,55,30,6.9,3.6,1.9,,25,100,1005,0.5,,
2025-08-12T04:00:00+05:30,Bangalore (India),13.0270199,77.494094,70,pm25,70,56,8,0.3,0.6,10.5,21,93.8,951.4733333333334,0.91,,19
2025-08-12T04:00:00+05:30,Chennai (India),13.1278,80.2642,33,pm25,33,24,2.5,0.3,2.8,,29.61,66.87333333333333,82792.7,0.6266666666666667,12.8,25
2025-08-11T18:00:00-04:00,Boston,42.325184,-71.05608,62,pm25,62,21,6.5,0.8,4.5,47.2,31.9,49,1019.5,,,
2025-08-11T17:00:00-04:00,Georgia,33.68797,-84.29048,17,o3,16,9,1.2,0.2,1.2,16.8,30.5,50,1018,0.1,3.6,
2025-08-11T16:00:00-07:00,Phoenix,33.403055555556,-112.07527777778,39,o3,35,36,4.7,,1.2,39.2,44,15,1007.4,4.1,11.8,12
2025-08-11T16:00:00-06:00,Denver,39.732146,-105.015317,21,o3,17,13,6.4,0.6,2.8,20.8,28.3333,24.6,1020.7,5,9,
2025-08-12T08:00:00+09:00,Daegu,35.8714354,128.601445,24,o3,21,11,15.6,3,3.5,23.9,7.1,71,1016,3.9,,
2025-08-12T08:00:00+09:00,Gyeonggi,37.4112,127.2579,53,pm25,53,26,6.2,2.5,5,10.8,24,94,1010.1,0.5,,23
2025-08-12T07:00:00+09:00,Nagoya,35.1814464,136.906398,38,pm25,38,22,5.6,1.5,1.2,4.8,28.3,84,1011.1,2.2,,
2025-08-12T08:00:00+09:00,Fukuoka,33.5903547,130.4017155,25,pm25,25,20,18.6,1.5,3.4,12.8,27.2,94.3,1010,2,,
2025-08-12T07:00:00+09:00,Kawasaki,35.5309058,139.7030511,53,pm25,53,21,9.3,1.5,2.3,5.6,29,82,1009,9.3,,
2025-08-12T07:00:00+08:00,Shenzhen,22.543099,114.057868,46,pm25,46,23,11.9,3.6,4.6,9.8,28.8,97.1,1007.2,3.6,,
2025-08-12T07:00:00+08:00,Zhongshan (Taiwan),25.062361,121.526528,50,pm25,50,23,11,1,4.8,1.4,27.5,91,1007.5,1.8,,26
2025-08-12T07:00:00+08:00,Chongqing,29.56301,106.551557,46,pm25,46,26,6.4,2.6,5.5,11.8,24,100,1005,2.5,,
2025-08-12T00:00:00+03:00,Istanbul (Turkey),41.015278,29.025,40,o3,34,23,6.3,0.9,14.7,40,24.6,83.9,1009.8,4.1,,21.7
2025-08-12T09:00:00+07:00,Hanoi,21.0491,105.8831,71,pm25,71,58,19,11,10,24,31,79,1006,2,,27
2025-08-12T09:00:00+07:00,Bangkok,13.7563309,100.5017651,55,pm25,55,18,0.6,0.6,0.1,4.8,29.5,94.2,1007,1.5,,
2025-08-12T07:00:00+05:30,Delhi,28.6341,77.2005,65,pm25,65,31,4.2,1.2,6.6,17.6,21.700000000000003,94.2,986.6500000000001,0.3,10.2,25
2025-08-12T07:00:00+05:30,Mumbai,19.0863,72.8888,92,pm25,92,54,1.3,14.8,0.5,12,27,99.92,1005.7650000000001,44.54,11.3,24
2025-08-12T11:00:00+09:00,Seoul,37.566535,126.9779692,55,pm25,55,26,12.9,5.2,5.5,44.7,28.7,65.9,999.3,2.5,,
2025-08-12T10:00:00+08:00,Beijing,39.954592,116.468117,63,pm25,63,31,10.6,2.6,6.4,26.4,27,74,1007,1.5,,
2025-08-12T09:00:00+08:00,Shanghai,31.2047372,121.4489017,80,pm25,80,41,16.5,5.1,8.2,24,34.5,59,1006,2.5,,
2025-08-12T10:00:00+09:00,Shinjuku (Tokyo),35.713889,139.705556,30,pm25,30,9,4.7,1.5,1.2,8,29,77.2,1007.9,5.6,,24.6
2025-08-12T10:00:00+09:00,Osaka,34.6937378,135.5021651,38,pm25,38,15,11.2,5.8,2.3,12.1,31.3,70,1012,5.9,,
2025-08-12T00:00:00+02:00,Paris,48.856614,2.3522219,54,pm25,54,28,15.3,0.6,0.1,32.7,22.6,55,1017,0.1,,
2025-08-12T01:00:00+01:00,London,51.5073509,-0.1277583,55,pm25,55,22,6.4,0.9,1.6,36.5,20.2,74.3,1018.7,1.6,,
2025-08-12T04:00:00+02:00,Frankfurt,50.075464,8.576305,35,pm25,35,19,,0.5,0.1,8.2,18.5,57,1019,3.6,11.3,10
2025-08-12T04:00:00+02:00,Hamburg,53.564486,9.96834,17,pm10,38,17,8.7,1.6,0.1,15.5,13,93,1022,1.2,10.8,12
2025-08-12T04:00:00+03:00,Moscow,55.791842,37.578405,53,pm25,53,23,18.3,0.6,4.3,3.7,17.2,86,1014,3.1,6,
2025-08-12T09:00:00+08:00,Wuhan,30.593099,114.305393,50,pm25,50,17,10.6,3.1,2.8,,26,100,1006,0.5,,
2025-08-12T03:00:00+02:00,Warsaw (Poland),52.225171,21.014783,42,pm25,42,21,29.6,2,0.1,12,12,87,1022,1,,10
2025-08-12T11:00:00+09:30,Winnellie (Australia),-12.424323299931126,130.89335024356842,120,pm10,81,120,1.2,1.2,4.4,12.5,26.8,49,1010.7,1.62,,17
2025-08-12T07:00:00+05:30,Bangalore (India),13.0270199,77.494094,54,pm10,52,54,8.1,2.4,0.6,10.5,21,93.8,951.7133333333333,0.9433333333333334,,19
2025-08-12T07:00:00+05:30,Chennai (India),13.1278,80.2642,59,pm25,59,26,3.4,1.5,4.3,,29.24,68.20666666666666,82917.36666666665,1.0866666666666667,12.8,25
2025-08-11T20:00:00-04:00,Boston,42.325184,-71.05608,63,pm25,63,20,18.6,0.3,6.7,35.2,29.2,53.3,1019.6,,,
2025-08-11T19:00:00-04:00,Georgia,33.68797,-84.29048,15,pm25,15,8,1.7,0.2,1.3,11.2,26.1,61,1018.3,0.1,7,
2025-08-11T18:00:00-07:00,Phoenix,33.403055555556,-112.07527777778,42,o3,20,40,4.7,,1.2,42.4,43,13,1005.7,5.6,10.2,9
2025-08-11T19:00:00-06:00,Denver,39.732146,-105.015317,20,o3,13,8,1.9,0.6,1.7,20.4,27.2222,29.6,1021.6,4,3,
2025-08-12T10:00:00+09:00,Daegu,35.8714354,128.601445,34,pm25,34,15,15,3.3,5.9,25.5,7.1,71,1016,3.9,,
2025-08-12T10:00:00+09:00,Gyeonggi,37.4112,127.2579,59,pm25,59,29,10.4,2.8,5.4,17.4,30,55,1010.4,2.5,,20
2025-08-12T10:00:00+09:00,Nagoya,35.1814464,136.906398,38,pm25,38,20,7.5,1.5,1.2,7.3,31.3,73,1012.1,2.1,,
2025-08-12T11:00:00+09:00,Fukuoka,33.5903547,130.4017155,30,pm25,30,12,6.5,1.5,4.5,12.1,29,90,1011,4,,
2025-08-12T10:00:00+09:00,Kawasaki,35.5309058,139.7030511,53,pm25,53,25,9.3,1.5,3.4,8.8,30,78,1010,8.7,,
2025-08-12T09:00:00+08:00,Shenzhen,22.543099,114.057868,55,pm25,55,25,11.5,4.6,7.3,15.9,30.1,83.6,1007,2.5,,
2025-08-12T10:00:00+08:00,Zhongshan (Taiwan),25.062361,121.526528,34,pm25,34,17,13.8,2.5,4,15.2,33,66,1008,1.5,,26
2025-08-12T09:00:00+08:00,Chongqing,29.56301,106.551557,68,pm25,68,35,11.9,3.1,6.4,10.2,25,100,1007,4.6,,
2025-08-12T04:00:00+03:00,Istanbul (Turkey),41.015278,29.025,45,o3,41,22,2.7,1,14.8,45,24.7,85.5,1010,5.1,,22.1
2025-08-12T10:00:00+07:00,Hanoi,21.0491,105.8831,53,pm10,43,53,22,12,7,21,31.5,76.5,1006,2.3,,27
2025-08-12T09:00:00+05:30,Delhi,28.6341,77.2005,59,pm25,59,38,5.9,1,7.3,10.5,21.4,93.8,986.6,0.7,10.2,25
2025-08-12T09:00:00+05:30,Mumbai,19.0863,72.8888,92,pm25,92,54,1.6,14.9,1.3,11.5,28.5,99.495,1006.45,40.102500000000006,11.3,24
2025-08-12T11:00:00+08:00,Beijing,39.954592,116.468117,85,pm25,85,46,9.6,3.1,6.4,33.3,29,74,1007,0.5,,
2025-08-12T11:00:00+08:00,Shanghai,31.2047372,121.4489017,76,pm25,76,42,6.9,4.6,6.4,73.4,36,57.5,1006,3,,
2025-08-12T11:00:00+09:00,Shinjuku (Tokyo),35.713889,139.705556,25,pm25,25,19,5.6,1.5,1.2,8,30,75.1,1007.9,4.6,,25.1
2025-08-12T12:00:00+09:00,Osaka,34.6937378,135.5021651,38,pm25,38,22,9.3,7.2,0.1,14.5,31.8,70,1011,4.6,,
2025-08-12T02:00:00+02:00,Paris,48.856614,2.3522219,33,o3,63,17,15.3,0.6,0.1,32.7,21.8,58,1015.9,0.1,,
2025-08-12T03:00:00+01:00,London,51.5073509,-0.1277583,70,pm25,70,32,7.8,0.6,1.4,35.8,19.4,78.5,1018.3,2.6,,
2025-08-12T05:00:00+02:00,Frankfurt,50.075464,8.576305,37,pm25,37,21,,0.5,0.1,8.7,18.5,57,1019,4.1,11.3,10
2025-08-12T05:00:00+02:00,Hamburg,53.564486,9.96834,17,pm10,38,17,8.3,1.6,0.1,13.9,13.5,90,1021,1.2,10.8,12
2025-08-12T05:00:00+03:00,Moscow,55.791842,37.578405,50,pm25,50,15,14.2,0.3,3.7,4.5,17.2,85.4,1014.2,2.2,4.4,
2025-08-12T11:00:00+08:00,Wuhan,30.593099,114.305393,42,pm25,42,16,8.7,3.1,2.8,,27,94,1006,1.5,,
2025-08-12T05:00:00+02:00,Warsaw (Poland),52.225171,21.014783,36,pm25,36,17,28.2,2,0.1,12,11,87,1022,1,,9
2025-08-12T13:00:00+09:30,Winnellie (Australia),-12.424323299931126,130.89335024356842,55,pm25,55,20,1.2,1,4.7,12.4,30.3,53,1009.4,7.11,,14.8
2025-08-12T09:00:00+05:30,Bangalore (India),13.0270199,77.494094,57,pm10,45,57,8.8,4.1,0.6,10.5,22,93.6,951.7774999999999,0.925,,19
2025-08-12T09:00:00+05:30,Chennai (India),13.1278,80.2642,82,pm25,82,42,3,1.2,4.7,,29.2075,67.13,82942,1.4725,12.8,25
2025-08-11T22:00:00-04:00,Boston,42.325184,-71.05608,62,pm25,62,22,16.7,0.6,6.7,36.8,26.8,62,1019.5,,,
2025-08-11T21:00:00-04:00,Georgia,33.68797,-84.29048,18,pm25,18,10,1.9,0.2,1.3,8,24.9,59.6,1017.8,0.1,3,
2025-08-11T20:00:00-07:00,Phoenix,33.403055555556,-112.07527777778,46,pm25,46,29,4.7,,1.2,36.8,42,13,1005.7,4.1,10.2,9
2025-08-12T12:00:00+09:00,Daegu,35.8714354,128.601445,32,o3,25,11,13.5,3.3,5.9,32.4,7.1,71,1016,3.9,,
2025-08-12T12:00:00+09:00,Gyeonggi,37.4112,127.2579,44,o3,38,23,10.4,2.8,5.4,43.9,31,55,1010.1,1.5,,21
2025-08-12T11:00:00+09:00,Nagoya,35.1814464,136.906398,38,pm25,38,20,9.3,1.5,2.3,14.5,32.9,61.9,1011.1,3.6,,
2025-08-12T12:00:00+09:00,Fukuoka,33.5903547,130.4017155,25,pm25,25,13,5.6,1.5,4.5,12.8,29.6,90.6,1011.4,6.4,,
2025-08-12T11:00:00+09:00,Kawasaki,35.5309058,139.7030511,38,pm25,38,15,11.2,1.5,3.4,9.6,31,73,1010,9.5,,
2025-08-12T11:00:00+08:00,Shenzhen,22.543099,114.057868,46,pm25,46,22,9.2,4.6,7.3,21.2,32.1,79.2,1007.2,4,,
2025-08-12T11:00:00+08:00,Zhongshan (Taiwan),25.062361,121.526528,59,pm25,59,23,15.8,2.6,4.4,26.6,33,68,1008,3,,26.5
2025-08-12T11:00:00+08:00,Chongqing,29.56301,106.551557,63,pm25,63,27,5.5,1.6,3.7,35.8,26,78,1007,3.6,,
2025-08-12T05:00:00+03:00,Istanbul (Turkey),41.015278,29.025,46,o3,47,22,2.4,1.1,14.7,45.6,24,73,1017,4.6,14.9,19
2025-08-12T11:00:00+07:00,Hanoi,21.0491,105.8831,45,pm10,29,45,24,12,7,10,33.5,66,1006,2.3,,26.5
2025-08-12T11:00:00+07:00,Bangkok,13.7563309,100.5017651,62,pm25,62,23,0.6,0.6,0.1,4.8,31.2,77.6,1006.5,1,,
2025-08-12T10:00:00+05:30,Mumbai,19.0863,72.8888,91,pm25,91,54,1.3,14.9,0.6,11.5,29,94.37333333333333,1006.6033333333334,29.55,11.3,24
2025-08-12T13:00:00+09:00,Seoul,37.566535,126.9779692,50,o3,42,19,9.2,4.9,4.9,49.7,32.4,50.8,998.7,2.5,,
2025-08-12T12:00:00+08:00,Beijing,39.954592,116.468117,112,pm25,112,56,13.8,2.6,6.4,34.6,28,78,1007,0.5,,
2025-08-12T12:00:00+08:00,Shanghai,31.2047372,121.4489017,93,pm25,93,48,7.4,4.6,7.3,73.4,36,56,1006,3.6,,
2025-08-12T12:00:00+09:00,Shinjuku (Tokyo),35.713889,139.705556,25,pm25,25,20,4.7,1.5,1.2,8,29.4,78.2,1008.2,3.6,,25.2
2025-08-12T13:00:00+09:00,Osaka,34.6937378,135.5021651,48,pm10,42,48,9.3,7.2,0.1,16,32,70,1012,5.6,,
2025-08-12T04:00:00+01:00,London,51.5073509,-0.1277583,70,pm25,70,32,5.1,0.5,1.4,31.1,18.3,80.1,1017.8,2.5,,
2025-08-12T06:00:00+02:00,Frankfurt,50.075464,8.576305,35,pm25,35,19,,0.5,0.1,6.4,18.5,57,1019,3.8,11.3,10
2025-08-12T06:00:00+02:00,Hamburg,53.564486,9.96834,17,pm10,38,17,10.6,1.6,0.1,10.6,13.5,90,1021,1.2,10.8,12
2025-08-12T12:00:00+08:00,Wuhan,30.593099,114.305393,63,pm25,63,15,10.1,1.6,4.6,,27,94,1006,2.5,,
2025-08-12T06:00:00+02:00,Warsaw (Poland),52.225171,21.014783,40,pm25,40,23,30,2,0.1,12,12,87,1023,1.5,,10
2025-08-12T10:00:00+05:30,Chennai (India),13.1278,80.2642,65,pm25,65,39,2.9,1.2,4.6,,29.225,70.3825,82964.45,1.8775,12.8,24
2025-08-11T23:00:00-04:00,Boston,42.325184,-71.05608,62,pm25,62,22,9.3,0.6,5.6,36.8,26.1,61,1019.5,,,
2025-08-11T22:00:00-04:00,Georgia,33.68797,-84.29048,17,pm25,17,10,1.1,0.2,1.2,8.8,24.4,58.1,1019.1,0.1,3.7,
2025-08-11T21:00:00-07:00,Phoenix,33.403055555556,-112.07527777778,35,o3,20,23,4.7,,1.2,35.2,40,16,1006.7,4.6,10.2,10
2025-08-11T21:00:00-06:00,Denver,39.732146,-105.015317,17,pm25,17,8,4.2,0.6,1.9,15.1,24.4444,38,1023.1,3,2.5,
2025-08-12T13:00:00+09:00,Daegu,35.8714354,128.601445,34,pm25,34,11,10.3,2.9,5.2,32.4,7.1,71,1016,3.9,,
2025-08-12T12:00:00+09:00,Nagoya,35.1814464,136.906398,53,pm25,53,15,9.3,1.5,4.5,18.4,33.8,58,1011.3,4.1,,
2025-08-12T13:00:00+09:00,Fukuoka,33.5903547,130.4017155,21,pm25,21,17,4.7,1.5,3.4,14.5,31.1,72.2,1010.2,3.6,,
2025-08-12T12:00:00+09:00,Kawasaki,35.5309058,139.7030511,59,pm25,59,20,10.2,1.5,3.4,11.2,31,73,1010,9.5,,
2025-08-12T12:00:00+08:00,Shenzhen,22.543099,114.057868,57,pm25,57,28,9.2,4.6,6.4,26.9,32.3,77.1,1006.5,4,,
2025-08-12T12:00:00+08:00,Zhongshan (Taiwan),25.062361,121.526528,65,pm25,65,22,16.1,2.6,4.8,30.5,33.5,70.5,1007,3,,27.5
2025-08-12T12:00:00+08:00,Chongqing,29.56301,106.551557,61,pm25,61,33,4.2,1.6,3.7,39.8,29,62,1007,1.5,,
2025-08-12T07:00:00+03:00,Istanbul (Turkey),41.015278,29.025,48,pm25,48,21,5.4,1.1,14.5,43.1,26,69,1017,5.1,14.9,20
2025-08-12T12:00:00+07:00,Hanoi,21.0491,105.8831,42,pm10,38,42,26,11,7,12,34,66,1005,2.5,,27
2025-08-12T12:00:00+07:00,Bangkok,13.7563309,100.5017651,59,pm25,59,24,0.6,0.6,0.1,4.8,32.9,8.5,1007.4,0.5,,
2025-08-12T10:00:00+05:30,Delhi,28.6341,77.2005,57,pm25,57,40,4.9,1.1,6.4,21.5,24.599999999999998,90.82499999999999,986.6,0.3,10.2,25
2025-08-12T11:00:00+05:30,Mumbai,19.0863,72.8888,106,pm25,106,62,1.3,14.9,0.6,11.7,30,95.03333333333332,1006.6899999999999,28.346666666666668,11.3,24
2025-08-12T14:00:00+09:00,Seoul,37.566535,126.9779692,55,pm25,55,23,9.7,4.8,4.5,52.2,33.2,48,999,2,,
2025-08-12T13:00:00+08:00,Beijing,39.954592,116.468117,122,pm25,122,59,15.1,2.6,7.3,34.6,29,74,1007,0.5,,
2025-08-12T13:00:00+08:00,Shanghai,31.2047372,121.4489017,104,pm25,104,51,6.9,5.1,7.3,91,37,56,1005,2.5,,
2025-08-12T13:00:00+09:00,Shinjuku (Tokyo),35.713889,139.705556,34,pm25,34,20,4.7,1.5,1.2,11.2,29.4,78.2,1008.2,3.6,,25.2
2025-08-12T14:00:00+09:00,Osaka,34.6937378,135.5021651,53,pm25,53,21,8.4,7.2,0.1,17.6,32.3,74,1012,4.1,,
2025-08-12T03:00:00+02:00,Paris,48.856614,2.3522219,51,pm25,51,17,29.1,0.6,0.1,32.5,20.5,63.2,1015.9,0.1,,
2025-08-12T07:00:00+02:00,Frankfurt,50.075464,8.576305,50,pm25,50,46,,0.5,0.1,4.4,18,59,1019,4.6,11.3,10
2025-08-12T07:00:00+03:00,Moscow,55.791842,37.578405,59,pm25,59,15,16.5,0.1,9.4,5.9,17.2,84.5,1014.6,2.1,5.1,
2025-08-12T13:00:00+08:00,Wuhan,30.593099,114.305393,63,pm25,63,24,11.5,2.1,5.5,,26,100,1006,0.5,,
2025-08-12T07:00:00+02:00,Warsaw (Poland),52.225171,21.014783,45,pm25,45,28,36.2,2,0.1,12,16,72,1023,1,,11
2025-08-12T14:00:00+09:30,Winnellie (Australia),-12.424323299931126,130.89335024356842,51,pm25,51,24,1.1,0.9,4.7,12,28.3,51.8,1008,8.58,,17.8
2025-08-12T10:00:00+05:30,Bangalore (India),13.0270199,77.494094,55,pm10,45,55,7.6,1.9,20,10.5,25,88.03333333333335,951.81,0.9233333333333333,,20
2025-08-12T11:00:00+05:30,Chennai (India),13.1278,80.2642,52,pm25,52,48,2.8,1.4,3.1,,29.395000000000003,69.295,82947.5,1.8199999999999998,12.8,24
2025-08-12T00:00:00-04:00,Boston,42.325184,-71.05608,64,pm25,64,20,6.5,0.6,4.5,36.1,25.5,61,1019.4,,,
2025-08-11T23:00:00-04:00,Georgia,33.68797,-84.29048,14,pm25,14,10,0.7,0.2,1.2,12.1,23.8,58,1019.7,0.2,4.4,
2025-08-11T22:00:00-07:00,Phoenix,33.403055555556,-112.07527777778,34,o3,25,24,4.7,,1.2,33.6,39,18,1007.1,4.1,10.2,11
2025-08-11T22:00:00-06:00,Denver,39.732146,-105.015317,21,pm25,21,12,4.2,0.6,4.1,15.9,23.8889,39.5,1023.5,2,1.5,
2025-08-12T14:00:00+09:00,Daegu,35.8714354,128.601445,42,pm25,42,12,13.7,3,5.2,26,7.1,71,1016,3.9,,
2025-08-12T13:00:00+09:00,Nagoya,35.1814464,136.906398,59,pm25,59,15,7.5,7.2,4.5,18.4,33.3,60,1011.6,4,,
2025-08-12T14:00:00+09:00,Fukuoka,33.5903547,130.4017155,34,pm25,34,16,5.6,1.5,2.3,12.8,33,75.2,1011,6.1,,
2025-08-12T13:00:00+09:00,Kawasaki,35.5309058,139.7030511,30,pm25,30,23,10.2,1.5,2.3,10.4,30,70,1010,6.6,,
2025-08-12T13:00:00+08:00,Shenzhen,22.543099,114.057868,53,pm25,53,23,4.6,4.1,6.4,30.5,32.7,75,1006.3,5.6,,
2025-08-12T13:00:00+08:00,Zhongshan (Taiwan),25.062361,121.526528,59,pm25,59,22,12.9,2,3.7,32.1,32.6,73,1007,3.9,,27.3
2025-08-12T13:00:00+08:00,Chongqing,29.56301,106.551557,57,pm25,57,28,3.7,2.1,3.7,42.7,30,62,1007,2.5,,
2025-08-12T08:00:00+03:00,Istanbul (Turkey),41.015278,29.025,48,pm25,48,20,11.9,1.2,14.4,42.3,27,80.2,1011.1,4.1,,23.3
2025-08-12T13:00:00+07:00,Hanoi,21.0491,105.8831,48,pm25,48,41,25,11,6,10,35,63,1004,2,,27
2025-08-12T13:00:00+07:00,Bangkok,13.7563309,100.5017651,64,pm25,64,29,0.6,0.6,0.1,4.8,34.3,54.1,1005.4,2,,
2025-08-12T12:00:00+05:30,Delhi,28.6341,77.2005,65,pm10,57,65,4,1.2,7.1,32.8,29.7,74.7,985.5,0.5,10.2,25.5
2025-08-12T15:00:00+09:00,Seoul,37.566535,126.9779692,59,o3,42,21,9.7,4.3,4.5,59.3,33.2,48,999,2,,
2025-08-12T14:00:00+08:00,Beijing,39.954592,116.468117,124,pm25,124,60,11.9,2.6,7.3,44.3,29,74,1006,1.5,,
2025-08-12T14:00:00+08:00,Shanghai,31.2047372,121.4489017,104,pm25,104,45,7.8,4.6,8.2,97.5,35,59,1005,3.6,,
2025-08-12T14:00:00+09:00,Shinjuku (Tokyo),35.713889,139.705556,4,pm10,1,4,5.6,1.5,1.2,12.1,29.7,76.8,1008,2.5,,25.2
2025-08-12T15:00:00+09:00,Osaka,34.6937378,135.5021651,53,pm25,53,31,8.4,5.8,0.1,17.6,32.3,74,1012,4.5,,
2025-08-12T05:00:00+02:00,Paris,48.856614,2.3522219,59,pm25,59,23,36.8,0.6,0.1,26.2,21.8,62,1015.5,0.1,,
2025-08-12T06:00:00+01:00,London,51.5073509,-0.1277583,55,pm25,55,43,11.9,0.6,1.9,30.1,18.4,81.6,1017.2,2.6,,
2025-08-12T08:00:00+02:00,Frankfurt,50.075464,8.576305,38,pm25,38,25,,0.5,0.1,8.1,19.5,53.5,1019,4.8,11.3,10
2025-08-12T08:00:00+02:00,Hamburg,53.564486,9.96834,7,o3,38,17,14.2,1.6,0.1,7.4,15.5,84.5,1021,1.5,10.8,13
2025-08-12T08:00:00+03:00,Moscow,55.791842,37.578405,61,pm25,61,15,17.9,0.1,11.5,4.7,18.3,76.8,1015.4,4,7.8,
2025-08-12T14:00:00+08:00,Wuhan,30.593099,114.305393,57,pm25,57,20,7.8,2.1,4.6,,26,100,1007,0.5,,
2025-08-12T08:00:00+02:00,Warsaw (Poland),52.225171,21.014783,44,pm25,44,33,32.3,2,0.1,12,19,59,1023,2.5,,11
2025-08-12T15:00:00+09:30,Winnellie (Australia),-12.424323299931126,130.89335024356842,42,pm25,42,14,1.2,1.1,4.8,12.2,28.6,52,1007.7,9.55,,17.8
2025-08-12T12:00:00+05:30,Bangalore (India),13.0270199,77.494094,68,pm25,68,55,8.4,2.9,11.9,10.6,25,84.925,951.71,0.9299999999999999,,20
2025-08-12T12:00:00+05:30,Chennai (India),13.1278,80.2642,50,pm25,50,48,2.6,1.3,3.2,,29.482499999999998,64.6425,82909.5,1.9325,12.8,24
2025-08-12T01:00:00-04:00,Boston,42.325184,-71.05608,65,pm25,65,22,6.5,0.6,4.5,40.8,24.8,64,1019,,,
2025-08-12T00:00:00-04:00,Georgia,33.68797,-84.29048,14,pm25,14,10,0.7,0.2,1.2,10.4,23.8,57,1019.5,0.2,5.5,
2025-08-11T23:00:00-07:00,Phoenix,33.403055555556,-112.07527777778,32,o3,29,29,4.7,,1.2,32,39,20,1007.1,7.2,11.3,12
2025-08-12T12:00:00+05:30,Hyderabad (India),17.417094,78.457437,100,pm25,100,63,8.7,12.9,7.3,8.4,27,70.6625,1009,1.24,10.2,22
2025-08-12T15:00:00+09:00,Daegu,35.8714354,128.601445,34,pm25,34,11,11.5,2.9,5.2,29.8,7.1,71,1016,3.9,,
2025-08-12T15:00:00+09:00,Gyeonggi,37.4112,127.2579,65,o3,30,26,10.7,3.3,5.4,65.3,33,38,1010.4,4.1,,17
2025-08-12T14:00:00+09:00,Nagoya,35.1814464,136.906398,57,pm25,57,18,11.2,4.3,12.3,24.8,33.5,60.9,1011.3,3.7,,
2025-08-12T15:00:00+09:00,Fukuoka,33.5903547,130.4017155,25,pm25,25,23,10.2,1.5,2.3,16,33,66,1011,5.1,,
2025-08-12T14:00:00+09:00,Kawasaki,35.5309058,139.7030511,50,pm25,50,23,10.2,1.5,2.3,9.6,30,74,1010,6.6,,
2025-08-12T14:00:00+08:00,Shenzhen,22.543099,114.057868,57,pm25,57,24,6.9,4.1,6.4,35,34.3,74,1006,6,,
2025-08-12T14:00:00+08:00,Zhongshan (Taiwan),25.062361,121.526528,50,pm25,50,20,12,1.8,3.8,30.3,33.5,75,1007,4.1,,28.5
2025-08-12T14:00:00+08:00,Chongqing,29.56301,106.551557,45,o3,38,27,2.3,1.6,3.7,44.7,31,58,1007,2.5,,
2025-08-12T09:00:00+03:00,Istanbul (Turkey),41.015278,29.025,48,pm25,48,20,10.9,1.2,14.4,42.3,27.7,77,1011.1,7.7,,23.3
2025-08-12T14:00:00+07:00,Hanoi,21.0491,105.8831,45,pm25,45,37,23,11,5,10,35.5,61,1004,2.3,,27
2025-08-12T14:00:00+07:00,Bangkok,13.7563309,100.5017651,52,pm25,52,20,0.6,0.6,0.1,4.8,34,7.8,1005.4,2.5,,
2025-08-12T12:00:00+05:30,Mumbai,19.0863,72.8888,106,pm25,106,62,1.2,14.9,0.5,11.8,31,84.855,1006.26,27.97,10.8,24
2025-08-12T16:00:00+09:00,Seoul,37.566535,126.9779692,60,o3,42,21,11.2,5,4.2,59.5,33.2,36.9,998.7,3,,
2025-08-12T15:00:00+08:00,Beijing,39.954592,116.468117,151,pm25,151,69,10.6,2.1,7.3,51.3,28,83,1006,0.5,,
2025-08-12T15:00:00+08:00,Shanghai,31.2047372,121.4489017,93,pm25,93,47,10.1,4.1,9.1,87.1,35,56,1005,4.6,,
2025-08-12T15:00:00+09:00,Shinjuku (Tokyo),35.713889,139.705556,34,pm25,34,11,5.6,1.5,1.2,12.1,29.9,72.8,1007.8,3,,24.5
2025-08-12T07:00:00+02:00,Paris,48.856614,2.3522219,21,o3,59,20,39.8,0.6,0.1,20.6,22.7,60.3,1015.5,0.6,,
2025-08-12T09:00:00+02:00,Frankfurt,50.075464,8.576305,36,pm25,36,21,,0.5,0.1,20.4,20.5,52,1019,4.8,11.3,10.5
2025-08-12T09:00:00+02:00,Hamburg,53.564486,9.96834,6,o3,38,17,18.8,1.6,0.1,6.1,20,68,1021,1.5,10.8,14
2025-08-12T09:00:00+02:00,Warsaw (Poland),52.225171,21.014783,43,pm25,43,37,29.5,2,0.1,12,21,52,1023,3.6,,11
2025-08-12T16:00:00+09:30,Winnellie (Australia),-12.424323299931126,130.89335024356842,36,pm25,36,14,1,1.2,4.7,12.6,28.6,49,1007.7,8.52,,17.8
2025-08-12T01:00:00-04:00,Georgia,33.68797,-84.29048,15,pm25,15,10,0.7,0.2,1.2,9.6,23.8,57.2,1019.3,0.1,4,
2025-08-12T00:00:00-07:00,Phoenix,33.403055555556,-112.07527777778,29,o3,17,28,4.7,,1.2,28.9,38,22,1007.4,7.7,11.3,13
2025-08-11T23:00:00-06:00,Denver,39.732146,-105.015317,63,pm25,63,38,13.8,0.6,4.7,14.7,22.2222,47.6,1023.7,1,2,
2025-08-12T16:00:00+09:00,Daegu,35.8714354,128.601445,26,o3,25,10,12.6,3,5.4,25.6,7.1,71,1016,3.9,,
2025-08-12T16:00:00+09:00,Gyeonggi,37.4112,127.2579,63,o3,30,27,11.6,3,3.5,62.9,34,41,1010.1,3.6,,19
2025-08-12T15:00:00+09:00,Nagoya,35.1814464,136.906398,46,pm25,46,16,10.2,2.9,11.2,26.4,33.3,62.5,1011.6,2.2,,
2025-08-12T16:00:00+09:00,Fukuoka,33.5903547,130.4017155,34,pm25,34,19,12.1,1.5,2.3,16.8,33,77,1012,3,,
2025-08-12T15:00:00+09:00,Kawasaki,35.5309058,139.7030511,46,pm25,46,19,11.2,1.5,3.4,8.8,31,76.5,1010,7.7,,
2025-08-12T15:00:00+08:00,Shenzhen,22.543099,114.057868,68,pm25,68,27,6.9,4.1,6.4,39,34,74,1005.6,5.6,,
2025-08-12T15:00:00+08:00,Zhongshan (Taiwan),25.062361,121.526528,50,pm25,50,21,8.5,1.8,3,31.4,33.5,77,1006,4.8,,29
2025-08-12T15:00:00+08:00,Chongqing,29.56301,106.551557,57,pm25,57,19,2.8,2.1,3.7,48.8,30,62,1006,1.5,,
2025-08-12T10:00:00+03:00,Istanbul (Turkey),41.015278,29.025,48,pm25,48,19,10.9,1.2,14.3,40.9,27.7,77,1011.1,7.7,,23.3
2025-08-12T15:00:00+07:00,Hanoi,21.0491,105.8831,44,pm25,44,34,24,11,5,10,34.5,67,1004,3,,27.5
2025-08-12T15:00:00+07:00,Bangkok,13.7563309,100.5017651,48,pm25,48,20,0.6,0.6,0.1,4.8,34.6,7.8,1004.8,2,,
2025-08-12T14:00:00+05:30,Delhi,28.6341,77.2005,127,pm25,127,83,3,2,4.9,3,30.46666666666667,67.63333333333334,985.5,0.9,10.2,25
2025-08-12T14:00:00+05:30,Mumbai,19.0863,72.8888,128,pm25,128,73,1.3,14.9,0.6,11.5,31,86.63333333333333,1005.6366666666667,27.623333333333335,10.8,24
2025-08-12T17:00:00+09:00,Seoul,37.566535,126.9779692,66,o3,38,15,12,4.9,4.3,65.9,34,39.7,998.6,1.5,,
2025-08-12T16:00:00+08:00,Beijing,39.954592,116.468117,117,pm25,117,56,8.7,1.6,7.3,50.6,24,96,1007.3,7.7,,
2025-08-12T16:00:00+08:00,Shanghai,31.2047372,121.4489017,87,pm25,87,42,10.6,4.1,7.3,87.1,36,56,1005,3.6,,
2025-08-12T17:00:00+09:00,Osaka,34.6937378,135.5021651,46,pm25,46,34,10.2,4.3,0.1,10.4,30.9,74,1013,4.1,,
2025-08-12T08:00:00+01:00,London,51.5073509,-0.1277583,55,pm25,55,51,21.5,1.1,1.9,27.3,23.8,67,1016.2,4.6,,
2025-08-12T10:00:00+02:00,Frankfurt,50.075464,8.576305,38,pm25,38,24,,0.5,0.1,26.2,22.5,47.5,1019,4.3,11.3,11
2025-08-12T10:00:00+02:00,Hamburg,53.564486,9.96834,12,o3,38,17,16.5,1.6,0.1,12.2,20,68,1021,2,10.8,14
2025-08-12T16:00:00+08:00,Wuhan,30.593099,114.305393,59,pm25,59,19,5.5,2.6,2.8,,28,94,1006,1.5,,
2025-08-12T10:00:00+02:00,Warsaw (Poland),52.225171,21.014783,38,pm25,38,33,22.5,2,0.1,12,23,46,1023,4.1,,11
2025-08-12T14:00:00+05:30,Bangalore (India),13.0270199,77.494094,63,pm25,63,58,8.1,1.5,1.8,10.4,25,74.85000000000001,951.3875,0.92,,20
2025-08-12T14:00:00+05:30,Chennai (India),13.1278,80.2642,53,pm10,50,53,2.5,1.3,2.8,,29.512500000000003,68.4825,82865.1,1.5625,12.8,24
2025-08-12T03:00:00-04:00,Boston,42.325184,-71.05608,68,pm25,68,22,6.5,0.5,4.5,44,23.7,68.3,1018.7,,,
2025-08-12T02:00:00-04:00,Georgia,33.68797,-84.29048,18,pm25,18,12,0.9,0.2,1.2,8.8,23.3,58,1019,0.1,3.2,
2025-08-12T01:00:00-07:00,Phoenix,33.403055555556,-112.07527777778,39,pm25,39,30,4.7,,1.2,28.1,37,23,1008.4,3.6,11.3,13
2025-08-12T14:00:00+05:30,Hyderabad (India),17.417094,78.457437,100,pm25,100,61,7.5,12.8,4.6,7.1,28.5,64.27,1008,1.4575,10.2,22
2025-08-12T17:00:00+09:00,Gyeonggi,37.4112,127.2579,67,o3,30,27,9.9,3,3.5,67.2,34,41,1010.1,3.6,,19
2025-08-12T16:00:00+09:00,Nagoya,35.1814464,136.906398,42,pm25,42,15,9.3,1.5,11.2,26.4,32.7,63,1012,2.1,,
2025-08-12T17:00:00+09:00,Fukuoka,33.5903547,130.4017155,21,pm25,21,20,11.2,1.5,3.4,16,32,71.9,1012,2,,
2025-08-12T16:00:00+09:00,Kawasaki,35.5309058,139.7030511,42,pm25,42,28,10.2,1.5,2.3,8.8,29,74,1010,8.7,,
2025-08-12T16:00:00+08:00,Shenzhen,22.543099,114.057868,63,pm25,63,29,11,4.6,5.5,40.3,34,79,1005.4,5.6,,
2025-08-12T16:00:00+08:00,Zhongshan (Taiwan),25.062361,121.526528,50,pm25,50,17,10.1,1.3,3.3,25,33,75,1006,4.6,,28
2025-08-12T16:00:00+08:00,Chongqing,29.56301,106.551557,53,pm25,53,20,2.8,1.6,3.7,48.8,31,62,1006,3.6,,
2025-08-12T11:00:00+03:00,Istanbul (Turkey),41.015278,29.025,50,pm25,50,19,10.9,1.2,14.2,40.2,28.3,75.7,1011.2,7.7,,23.6
2025-08-12T16:00:00+07:00,Hanoi,21.0491,105.8831,47,pm25,47,36,23,10,6,13,35,63,1003,5.1,,27
2025-08-12T15:00:00+05:30,Delhi,28.6341,77.2005,89,pm25,89,63,3.8,2.5,5.5,3,30.85,67.3,985.4250000000001,0.7999999999999999,10.2,25
2025-08-12T18:00:00+09:00,Seoul,37.566535,126.9779692,60,o3,34,14,13.1,4.5,4.8,60.4,32.9,42.8,998.8,3,,
2025-08-12T17:00:00+08:00,Beijing,39.954592,116.468117,52,o3,42,15,5.1,1.1,6.4,51.9,23,94,1006,2.5,,
2025-08-12T17:00:00+08:00,Shanghai,31.2047372,121.4489017,80,pm25,80,45,15.1,4.6,7.3,87.1,34.5,61,1005,3.6,,
2025-08-12T17:00:00+09:00,Shinjuku (Tokyo),35.713889,139.705556,38,pm25,38,14,5.6,1.5,1.2,12.1,29,77.2,1007.6,3.6,,24.6
2025-08-12T18:00:00+09:00,Osaka,34.6937378,135.5021651,46,pm25,46,24,10.2,5.8,0.1,8,30.3,74.2,1013,4.1,,
2025-08-12T08:00:00+02:00,Paris,48.856614,2.3522219,61,pm25,61,27,36.8,0.6,0.1,18.2,26.1,53.5,1015.5,2.5,,
2025-08-12T11:00:00+02:00,Frankfurt,50.075464,8.576305,40,pm25,40,22,,0.5,0.1,33.1,24.5,47,1018,4.1,11.3,12.5
2025-08-12T11:00:00+02:00,Hamburg,53.564486,9.96834,22,o3,38,19,8.3,1.6,0.1,21.6,21.5,62,1021,2.5,10.8,14
2025-08-12T17:00:00+08:00,Wuhan,30.593099,114.305393,53,pm25,53,17,5.1,2.6,2.8,,28,94,1005,1.5,,
2025-08-12T11:00:00+02:00,Warsaw (Poland),52.225171,21.014783,34,pm25,34,27,26.2,2,0.1,12,24,41,1023,4.6,,10
2025-08-12T18:00:00+09:30,Winnellie (Australia),-12.424323299931126,130.89335024356842,36,pm25,36,10,1.7,1.3,4.6,11.6,27.4,45.4,1007.8,5.35,,13.7
2025-08-12T04:00:00-04:00,Boston,42.325184,-71.05608,68,pm25,68,23,13,0.5,4.5,42.4,23,70,1018.8,,,
2025-08-12T03:00:00-04:00,Georgia,33.68797,-84.29048,17,pm25,17,10,0.9,0.2,1.2,7.3,23.3,58,1019.2,0.1,1.6,
2025-08-12T02:00:00-07:00,Phoenix,33.403055555556,-112.07527777778,34,pm25,34,27,4.7,,1.2,26.4,36,26,1009.1,3.6,11.3,14
2025-08-12T17:00:00+09:00,Daegu,35.8714354,128.601445,38,pm25,38,7,14.5,3,5.4,24.1,7.1,71,1016,3.9,,
2025-08-12T18:00:00+09:00,Gyeonggi,37.4112,127.2579,57,o3,21,20,10,3,3.7,56.7,32,46,1010.1,4.1,,19
2025-08-12T17:00:00+09:00,Nagoya,35.1814464,136.906398,46,pm25,46,17,9.3,1.5,2.3,26.4,33,64.5,1012.3,2.3,,
2025-08-12T18:00:00+09:00,Fukuoka,33.5903547,130.4017155,30,pm25,30,17,10.2,1.5,3.4,16.8,32,66,1012,5.1,,
2025-08-12T17:00:00+09:00,Kawasaki,35.5309058,139.7030511,46,pm25,46,18,10.2,1.5,3.4,8,30,80,1010,8.2,,
2025-08-12T17:00:00+08:00,Shenzhen,22.543099,114.057868,68,pm25,68,30,10.1,4.6,5.5,37.8,33.2,75.2,1005.2,7,,
2025-08-12T17:00:00+08:00,Zhongshan (Taiwan),25.062361,121.526528,46,pm25,46,17,7.7,1.2,2.6,15.9,32,76.4,1006,2.3,,27.4
2025-08-12T17:00:00+08:00,Chongqing,29.56301,106.551557,68,pm25,68,31,2.8,1.6,3.7,64.3,31,62,1006,3.6,,
2025-08-12T17:00:00+07:00,Hanoi,21.0491,105.8831,33,pm25,33,32,24,10,7,14,32,70,1003,5.6,,26
2025-08-12T16:00:00+05:30,Delhi,28.6341,77.2005,93,pm25,93,57,2.4,2.3,5.5,1.3,30.174999999999997,69.9,985.45,0.575,10.2,25
2025-08-12T16:00:00+05:30,Mumbai,19.0863,72.8888,123,pm25,123,71,1.3,14.9,0.6,11.6,30,88.63,1004.5,27.816666666666666,10.8,25
2025-08-12T19:00:00+09:00,Seoul,37.566535,126.9779692,52,o3,34,19,13.6,4.5,4.6,52.4,32.9,42.8,998.8,3,,
2025-08-12T18:00:00+08:00,Beijing,39.954592,116.468117,70,pm25,70,30,8.3,1.1,6.4,41.1,23,94,1008,1.5,,
2025-08-12T18:00:00+08:00,Shanghai,31.2047372,121.4489017,87,pm25,87,42,7.4,4.1,6.4,87.1,31,64,1007,6.1,,
2025-08-12T18:00:00+09:00,Shinjuku (Tokyo),35.713889,139.705556,38,pm25,38,34,6.5,1.5,2.3,13.6,26.4,94.2,1008.6,2,,25.4
2025-08-12T19:00:00+09:00,Osaka,34.6937378,135.5021651,50,pm25,50,24,11.2,5.8,0.1,6.4,29.8,79,1014,3.6,,
2025-08-12T09:00:00+02:00,Paris,48.856614,2.3522219,64,pm25,64,36,30.6,0.6,0.1,43.9,28.7,48,1015.4,2,,
2025-08-12T10:00:00+01:00,London,51.5073509,-0.1277583,72,pm25,72,51,22.9,1.7,2.3,30.1,26.5,60.5,1016.1,3.8,,
2025-08-12T12:00:00+02:00,Frankfurt,50.075464,8.576305,43,pm25,43,20,,0.5,0.1,40.6,26.5,45.5,1018,3.8,11.3,14
2025-08-12T12:00:00+02:00,Hamburg,53.564486,9.96834,33,o3,38,19,8.3,1.6,0.1,33.3,23.5,56.5,1020.5,3.3,10.8,14.5
2025-08-12T12:00:00+03:00,Moscow,55.791842,37.578405,59,pm25,59,15,21.5,0.3,8.2,9,20.5,64.5,1015.6,5.8,9.8,
2025-08-12T18:00:00+08:00,Wuhan,30.593099,114.305393,42,pm25,42,13,6.9,3.1,1.9,,27,100,1005,1.5,,
2025-08-12T12:00:00+02:00,Warsaw (Poland),52.225171,21.014783,32,pm25,32,22,29.3,2,0.1,12,25,38,1023,4.1,,10
2025-08-12T20:00:00+09:30,Winnellie (Australia),-12.424323299931126,130.89335024356842,31,pm25,31,11,2,1.1,4.6,9.2,24.1,58.7,1008.8,1.695,,16.1
2025-08-12T16:00:00+05:30,Bangalore (India),13.0270199,77.494094,58,pm25,58,57,7.9,1.4,0.3,10.6,24,73.85,951.14,0.9549999999999998,,20
2025-08-12T16:00:00+05:30,Chennai (India),13.1278,80.2642,51,pm10,37,51,2.6,1.5,3.9,,29.33,68.125,82741.625,1.2249999999999999,12.8,24
2025-08-12T05:00:00-04:00,Boston,42.325184,-71.05608,68,pm25,68,23,16.7,0.5,5.6,42.4,22.7,72,1018.9,,,
2025-08-12T04:00:00-04:00,Georgia,33.68797,-84.29048,20,pm25,20,10,2.5,0.2,1.3,5.6,23.7,58,1019.4,0.1,1.3,
2025-08-12T03:00:00-07:00,Phoenix,33.403055555556,-112.07527777778,36,pm25,36,34,4.7,,1.2,27.2,35,28,1009.4,1.5,11.3,14
2025-08-12T16:00:00+05:30,Hyderabad (India),17.417094,78.457437,136,pm25,136,69,8.8,11.8,5,7.1,28,63.5075,1007,1.75,10.2,22
2025-08-12T02:00:00-06:00,Denver,39.732146,-105.015317,50,pm25,50,46,14.7,0.6,2.7,15.1,19.4444,51.5,1023.8,2,1.4,
2025-08-12T18:00:00+09:00,Daegu,35.8714354,128.601445,25,pm25,25,8,14.7,3.2,5.9,22,7.1,71,1016,3.9,,
2025-08-12T19:00:00+09:00,Gyeonggi,37.4112,127.2579,42,o3,21,18,8.8,2.6,3.9,42.1,30,55,1011.1,5.1,,20
2025-08-12T18:00:00+09:00,Nagoya,35.1814464,136.906398,53,pm25,53,24,8.4,1.5,2.3,24.1,31.1,73,1012.9,4.1,,
2025-08-12T19:00:00+09:00,Fukuoka,33.5903547,130.4017155,30,pm25,30,19,12.1,1.5,4.5,15.2,31.6,70,1013,4.6,,
2025-08-12T18:00:00+09:00,Kawasaki,35.5309058,139.7030511,55,pm25,55,26,11.2,1.5,3.4,8,29,83,1010,7.2,,
2025-08-12T18:00:00+08:00,Shenzhen,22.543099,114.057868,61,pm25,61,34,10.6,4.6,5.5,41.1,31.6,80.6,1005.4,6.6,,
2025-08-12T18:00:00+08:00,Zhongshan (Taiwan),25.062361,121.526528,42,pm25,42,16,10.9,1.9,3.9,6.9,32,70,1006,3,,26
2025-08-12T18:00:00+08:00,Chongqing,29.56301,106.551557,67,o3,59,30,3.2,1.6,4.6,66.9,30,62,1006,2.5,,
2025-08-12T13:00:00+03:00,Istanbul (Turkey),41.015278,29.025,51,pm25,51,19,6.9,1,14.2,38.2,27.7,75.6,1012,8.7,,23
2025-08-12T18:00:00+07:00,Hanoi,21.0491,105.8831,42,pm25,42,37,24,11,10,10,32,70,1003,5.1,,26
2025-08-12T17:00:00+07:00,Bangkok,13.7563309,100.5017651,45,pm25,45,17,0.6,0.6,0.1,4.8,31.9,54.3,1004.5,2,,
2025-08-12T20:00:00+09:00,Seoul,37.566535,126.9779692,40,o3,30,17,13,4.3,4.8,40.4,31.4,50.8,999.4,3.6,,
2025-08-12T19:00:00+08:00,Beijing,39.954592,116.468117,70,pm25,70,30,7.8,1.1,6.4,39.4,22,100,1009,0.5,,
2025-08-12T19:00:00+08:00,Shanghai,31.2047372,121.4489017,80,pm25,80,35,10.1,4.1,6.4,72.1,31,58,1006,1.5,,
2025-08-12T19:00:00+09:00,Shinjuku (Tokyo),35.713889,139.705556,42,pm25,42,20,6.5,1.5,2.3,12.1,26.4,94.2,1008.6,2,,25.4
2025-08-12T20:00:00+09:00,Osaka,34.6937378,135.5021651,46,pm25,46,40,9.3,5.8,0.1,6.4,28.9,83,1014,3,,
2025-08-12T13:00:00+02:00,Frankfurt,50.075464,8.576305,48,pm25,48,21,,0.5,0.1,44.7,28.5,39.5,1018,5.4,11.3,13.5
2025-08-12T13:00:00+02:00,Hamburg,53.564486,9.96834,38,o3,38,19,3.2,1.6,0.1,37.8,25.5,50,1020,3.3,10.8,14.5
2025-08-12T13:00:00+02:00,Warsaw (Poland),52.225171,21.014783,30,pm25,30,20,23.4,2,0.1,12,25,36,1022,3,,9
2025-08-12T06:00:00-04:00,Boston,42.325184,-71.05608,70,pm25,70,27,22.3,0.5,5.6,35.2,23.3,70,1019.1,,,
2025-08-12T05:00:00-04:00,Georgia,33.68797,-84.29048,23,pm25,23,13,3.1,0.2,1.3,4.8,23.4,58.5,1018.8,0.1,1.2,
2025-08-12T04:00:00-07:00,Phoenix,33.403055555556,-112.07527777778,30,pm25,30,20,4.7,,1.2,22.4,34,30,1009.8,2.5,11.3,14
2025-08-12T03:00:00-06:00,Denver,39.732146,-105.015317,34,pm25,34,30,8.7,0.6,2.4,7,18.3333,58.7,1023.9,2,1.3,
2025-08-12T19:00:00+09:00,Daegu,35.8714354,128.601445,25,pm25,25,11,14.7,3.3,6,16.5,7.1,71,1016,3.9,,
2025-08-12T20:00:00+09:00,Gyeonggi,37.4112,127.2579,35,o3,25,18,8.8,2.8,3.9,35.2,29,58,1011.5,4.6,,20
2025-08-12T19:00:00+09:00,Nagoya,35.1814464,136.906398,53,pm25,53,20,8.4,1.5,2.3,20.8,30.5,73,1013.6,2.7,,
2025-08-12T20:00:00+09:00,Fukuoka,33.5903547,130.4017155,34,pm25,34,16,12.1,1.5,4.5,9.6,30.8,79,1013,3,,
2025-08-12T19:00:00+09:00,Kawasaki,35.5309058,139.7030511,55,pm25,55,30,10.2,1.5,2.3,7.3,28,88,1011,6.6,,
2025-08-12T19:00:00+08:00,Shenzhen,22.543099,114.057868,59,pm25,59,35,14.7,5.6,7.3,35,30.9,80.5,1006.1,5.6,,
2025-08-12T19:00:00+08:00,Zhongshan (Taiwan),25.062361,121.526528,21,pm25,21,12,14.4,1.9,5.4,2.8,30.5,74,1007,4.3,,25.5
2025-08-12T19:00:00+08:00,Chongqing,29.56301,106.551557,74,pm25,74,28,3.7,1.6,4.6,57.8,29,70,1006,3.6,,
2025-08-12T14:00:00+03:00,Istanbul (Turkey),41.015278,29.025,51,pm25,51,19,8.4,1,14.2,38.2,27.6,69.4,1012,10.8,,21.5
2025-08-12T19:00:00+07:00,Hanoi,21.0491,105.8831,46,pm25,46,40,22,11,11,9,30,74,1004,3.6,,25
2025-08-12T19:00:00+07:00,Bangkok,13.7563309,100.5017651,43,pm25,43,25,0.6,0.6,0.1,4.8,30.5,80.4,1004.9,2.5,,
2025-08-12T18:00:00+05:30,Delhi,28.6341,77.2005,107,pm25,107,67,2.3,1.5,5.9,9.5,27.9,73.5,985.4,1,10.2,25
2025-08-12T18:00:00+05:30,Mumbai,19.0863,72.8888,106,pm25,106,62,1.1,14.9,0.3,11.6,29,93.92,1003.88,28.6,10.8,24
2025-08-12T21:00:00+09:00,Seoul,37.566535,126.9779692,37,o3,21,13,10.8,4.5,4.2,37.2,28.6,61.6,1000.6,2.5,,
2025-08-12T20:00:00+08:00,Beijing,39.954592,116.468117,61,pm25,61,24,6.9,1.1,6.4,38.2,22,100,1008,1.5,,
2025-08-12T20:00:00+08:00,Shanghai,31.2047372,121.4489017,68,pm25,68,29,6.4,5.1,5.5,46.3,32,72,1007.5,4.6,,
2025-08-12T20:00:00+09:00,Shinjuku (Tokyo),35.713889,139.705556,30,pm10,30,30,7.5,1.5,2.3,9.6,26.3,94.8,1009.3,2.5,,25.4
2025-08-12T21:00:00+09:00,Osaka,34.6937378,135.5021651,42,pm25,42,22,9.3,5.8,0.1,8.8,28.9,89,1014,3,,
2025-08-12T11:00:00+02:00,Paris,48.856614,2.3522219,66,pm25,66,37,10.7,0.6,0.1,48.1,31.6,31.7,1015.3,2.5,,
2025-08-12T12:00:00+01:00,London,51.5073509,-0.1277583,72,pm25,72,39,27,1.5,1.8,33.8,30.3,44.6,1015.7,6.4,,
2025-08-12T14:00:00+02:00,Frankfurt,50.075464,8.576305,46,o3,45,17,,0.5,0.1,46,29.5,38,1017,4.6,11.3,14
2025-08-12T14:00:00+02:00,Hamburg,53.564486,9.96834,41,o3,38,20,3.7,1.6,0.1,41.1,27,47,1019,4.1,10.8,15
2025-08-12T20:00:00+08:00,Wuhan,30.593099,114.305393,30,pm25,30,11,4.6,2.6,1.9,,26,100,1006,0.5,,
2025-08-12T14:00:00+02:00,Warsaw (Poland),52.225171,21.014783,28,pm25,28,17,23.3,2,0.1,12,26,31,1022,3.6,,8
2025-08-12T21:00:00+09:30,Winnellie (Australia),-12.424323299931126,130.89335024356842,35,pm25,35,11,4.1,1,5,5.9,21.6,73,1010.1,2,,16.3
2025-08-12T18:00:00+05:30,Bangalore (India),13.0270199,77.494094,59,pm25,59,54,8.3,2.3,0.3,10.6,26,73.6,951.13,0.96,,19.5
2025-08-12T18:00:00+05:30,Chennai (India),13.1278,80.2642,67,pm10,55,67,3.9,1.1,4.5,,29.46,70.33,82736.1,1.05,12.8,24
2025-08-12T07:00:00-04:00,Boston,42.325184,-71.05608,69,pm25,69,32,22.3,0.6,6.7,28.9,24.4,66.5,1019.3,,,
2025-08-12T06:00:00-04:00,Georgia,33.68797,-84.29048,24,pm25,24,14,1.4,0.2,1.3,6.4,24.4,56,1020,0.1,2,
2025-08-12T05:00:00-07:00,Phoenix,33.403055555556,-112.07527777778,36,pm10,29,36,4.7,,1.2,16.8,33,31,1009.8,3,11.3,14
2025-08-12T18:00:00+05:30,Hyderabad (India),17.417094,78.457437,155,pm25,155,74,10.4,14.1,6.4,7.1,27.5,70.45,1006,1.32,10.2,22
2025-08-12T05:00:00-06:00,Denver,39.732146,-105.015317,655,pm10,166,655,12.4,0.6,5.7,1.7,16.6667,63,1024.5,1,1.3,
2025-08-12T21:00:00+09:00,Daegu,35.8714354,128.601445,23,o3,17,10,18.8,3,5.4,23.2,7.1,71,1016,3.9,,
2025-08-12T21:00:00+09:00,Gyeonggi,37.4112,127.2579,30,o3,17,14,9.2,2.6,3.9,30.2,28,65,1011.8,3.6,,21
2025-08-12T20:00:00+09:00,Nagoya,35.1814464,136.906398,38,pm25,38,18,6.5,1.5,2.3,18.4,30.5,77,1013.7,3.7,,
2025-08-12T21:00:00+09:00,Fukuoka,33.5903547,130.4017155,25,pm25,25,16,6.5,1.5,5.6,8,30.8,79,1013.5,3.6,,
2025-08-12T20:00:00+09:00,Kawasaki,35.5309058,139.7030511,42,pm25,42,22,13,1.5,3.4,7.3,28,87,1011.5,6.6,,
2025-08-12T20:00:00+08:00,Shenzhen,22.543099,114.057868,53,pm25,53,32,18.8,4.6,7.3,28.9,30.5,86.3,1006.8,5.6,,
2025-08-12T20:00:00+08:00,Zhongshan (Taiwan),25.062361,121.526528,21,pm25,21,8,12.3,1.5,4,2,29.5,76.5,1007.5,4.3,,25
2025-08-12T20:00:00+08:00,Chongqing,29.56301,106.551557,80,pm25,80,39,3.7,1.1,4.6,44.7,28,69,1007,1.5,,
2025-08-12T15:00:00+03:00,Istanbul (Turkey),41.015278,29.025,51,pm25,51,19,8.5,1,14.2,37.7,27.2,69.3,1011.9,11.3,,21.1
2025-08-12T20:00:00+07:00,Hanoi,21.0491,105.8831,36,pm10,28,36,18,12,14,9,30,74,1004,3.6,,25
2025-08-12T20:00:00+07:00,Bangkok,13.7563309,100.5017651,53,pm25,53,18,0.6,0.6,0.1,4.8,30.5,80.4,1004.9,2.5,,
2025-08-12T19:00:00+05:30,Delhi,28.6341,77.2005,95,pm25,95,65,2.3,1.6,7.3,9.5,25.2,80.3,985.5,0.4,10.2,25
2025-08-12T19:00:00+05:30,Mumbai,19.0863,72.8888,112,pm25,112,66,1.2,14.7,0.3,11.5,29,94.535,1004.02,28.47,10.8,23.5
2025-08-12T22:00:00+09:00,Seoul,37.566535,126.9779692,33,o3,17,11,9.7,4.3,4.3,32.6,27.8,67,1000.9,2,,
2025-08-12T21:00:00+08:00,Beijing,39.954592,116.468117,61,pm25,61,25,6.4,1.1,7.3,36.2,23,94,1010,1.5,,
2025-08-12T21:00:00+08:00,Shanghai,31.2047372,121.4489017,61,pm25,61,26,6.4,5.1,5.5,46.3,31,74,1008,5.6,,
2025-08-12T21:00:00+09:00,Shinjuku (Tokyo),35.713889,139.705556,42,pm25,42,34,7.5,1.5,2.3,8.8,26.1,95.9,1010,2,,25.4
2025-08-12T12:00:00+02:00,Paris,48.856614,2.3522219,80,pm25,80,31,30.6,0.6,0.1,53,32.7,28.3,1015.5,2.2,,
2025-08-12T13:00:00+01:00,London,51.5073509,-0.1277583,70,pm25,70,38,18.3,1.5,1.8,49,31.2,36.6,1015.4,5.1,,
2025-08-12T15:00:00+02:00,Frankfurt,50.075464,8.576305,48,o3,47,16,,0.5,0.1,48,30,38.5,1017,3.3,11.3,14.5
2025-08-12T15:00:00+02:00,Hamburg,53.564486,9.96834,45,o3,38,20,3.7,1.6,0.1,45.1,26.5,48.5,1019,3.8,10.8,15
2025-08-12T21:00:00+08:00,Wuhan,30.593099,114.305393,38,pm25,38,11,7.4,3.1,2.8,,27,100,1007,0.5,,
2025-08-12T15:00:00+02:00,Warsaw (Poland),52.225171,21.014783,28,pm25,28,18,27.7,2,0.1,12,27,28,1022,3,,7
2025-08-12T22:00:00+09:30,Winnellie (Australia),-12.424323299931126,130.89335024356842,44,pm25,44,12,2.9,1.1,5.3,8.3,21.6,77.2,1010.1,3.39,,16.3
2025-08-12T19:00:00+05:30,Bangalore (India),13.0270199,77.494094,68,pm25,68,55,8,2.6,0.3,10.4,25,77.275,951.1925,0.9425,,19
2025-08-12T19:00:00+05:30,Chennai (India),13.1278,80.2642,71,pm10,67,71,4.3,1.4,5.2,,29.5225,69.355,82738,0.9949999999999999,12.8,24
2025-08-12T08:00:00-04:00,Boston,42.325184,-71.05608,70,pm25,70,32,26.9,0.6,6.7,28.9,27.2,56.6,1019.2,,,
2025-08-12T07:00:00-04:00,Georgia,33.68797,-84.29048,24,pm25,24,11,1.3,0.2,1.2,8,24.6,55.5,1019.1,0.1,2.8,
2025-08-12T06:00:00-07:00,Phoenix,33.403055555556,-112.07527777778,91,pm10,66,91,4.7,,2.3,11.2,33,33,1010.4,3.6,11.3,15
2025-08-12T19:00:00+05:30,Hyderabad (India),17.417094,78.457437,156,pm25,156,75,11.7,14.1,8.2,6.9,27,70.93249999999999,1007,1.4625000000000001,10.2,22
2025-08-12T06:00:00-06:00,Denver,39.732146,-105.015317,458,pm10,153,458,16,0.6,8.6,1.7,17.2222,57.5,1025,1,2.2,
2025-08-12T22:00:00+09:00,Daegu,35.8714354,128.601445,22,o3,17,8,12.4,3.3,5.6,21.9,7.1,71,1016,3.9,,
2025-08-12T22:00:00+09:00,Gyeonggi,37.4112,127.2579,26,o3,17,11,9.2,2.5,3.9,26.1,27,69,1011.8,2.5,,21
2025-08-12T21:00:00+09:00,Nagoya,35.1814464,136.906398,50,pm25,50,21,8.4,1.5,3.4,20.8,29.7,84.8,1014.1,2.2,,
2025-08-12T22:00:00+09:00,Fukuoka,33.5903547,130.4017155,25,pm25,25,17,8.4,1.5,4.5,7.3,28,83,1014,4.3,,
2025-08-12T21:00:00+09:00,Kawasaki,35.5309058,139.7030511,38,pm25,38,23,13,1.5,3.4,7.3,28,86,1012,5.4,,
2025-08-12T21:00:00+08:00,Shenzhen,22.543099,114.057868,46,pm25,46,28,19.2,4.1,7.3,20.8,30.5,88,1007.4,4.6,,
2025-08-12T21:00:00+08:00,Zhongshan (Taiwan),25.062361,121.526528,21,pm25,21,7,8.9,0.9,2.9,3.9,29,79,1008.5,4.6,,25
2025-08-12T21:00:00+08:00,Chongqing,29.56301,106.551557,87,pm25,87,35,4.6,1.6,4.6,39.8,27,78,1008,2.5,,
2025-08-12T16:00:00+03:00,Istanbul (Turkey),41.015278,29.025,51,pm25,51,20,7,0.9,14.1,37.7,27.2,69.3,1011.9,11.3,,21.1
2025-08-12T21:00:00+07:00,Hanoi,21.0491,105.8831,43,pm10,36,43,21,12,9,9,30,76.5,1005.5,2.8,,25.5
2025-08-12T20:00:00+05:30,Delhi,28.6341,77.2005,85,pm25,85,74,5.5,2.1,8.2,15.9,24.525000000000002,82.575,985.65,0.32499999999999996,10.2,25
2025-08-12T20:00:00+05:30,Mumbai,19.0863,72.8888,98,pm25,98,58,1.2,14.9,0.4,11.6,28,97.93666666666667,1004.5166666666668,29.53,10.8,24
2025-08-12T23:00:00+09:00,Seoul,37.566535,126.9779692,30,o3,25,10,9.9,4.3,4.3,30,27.3,68.9,1000.7,2,,
2025-08-12T22:00:00+08:00,Beijing,39.954592,116.468117,63,pm25,63,24,6.4,1.1,7.3,35.4,23,94,1009,0.5,,
2025-08-12T22:00:00+08:00,Shanghai,31.2047372,121.4489017,53,pm25,53,24,6.4,5.1,5.5,32.5,30,79,1008,5.6,,
2025-08-12T22:00:00+09:00,Shinjuku (Tokyo),35.713889,139.705556,42,pm25,42,14,7.5,1.5,3.4,10.4,26.6,97.1,1010.2,2.5,,26.1
2025-08-12T23:00:00+09:00,Osaka,34.6937378,135.5021651,42,pm25,42,36,12.1,5.8,0.1,5.6,28.5,83,1015,2,,
2025-08-12T14:00:00+01:00,London,51.5073509,-0.1277583,61,pm25,61,32,24.3,1.6,1.9,29.3,31.6,34.3,1014.7,6.1,,
2025-08-12T16:00:00+02:00,Frankfurt,50.075464,8.576305,50,o3,47,17,,0.5,0.1,49.5,30.5,37,1016,3,11.3,14.5
2025-08-12T16:00:00+02:00,Hamburg,53.564486,9.96834,44,o3,38,20,4.2,1.6,0.1,43.9,26,44,1018,4.3,10.8,13
2025-08-12T22:00:00+08:00,Wuhan,30.593099,114.305393,42,pm25,42,16,8.3,3.6,2.8,,26,100,1007,0.5,,
2025-08-12T16:00:00+02:00,Warsaw (Poland),52.225171,21.014783,26,pm25,26,17,29.1,2,0.1,12,27,26,1022,1.5,,6
2025-08-12T23:00:00+09:30,Winnellie (Australia),-12.424323299931126,130.89335024356842,52,pm25,52,14,2.4,1.2,5.1,8.5,22.4,81.2,1010.5,4,,18.8
2025-08-12T20:00:00+05:30,Bangalore (India),13.0270199,77.494094,65,pm25,65,56,7,0.5,0.3,10.4,23,88.45000000000002,951.4100000000001,0.935,,20
2025-08-12T20:00:00+05:30,Chennai (India),13.1278,80.2642,75,pm10,72,75,4.7,1.4,6.9,,29.537499999999998,68.22999999999999,82768.25,1.1475,12.8,25
2025-08-12T09:00:00-04:00,Boston,42.325184,-71.05608,65,pm25,65,28,20.4,0.6,5.6,42.4,28.6,51,1018.8,,,
2025-08-12T08:00:00-04:00,Georgia,33.68797,-84.29048,23,pm25,23,10,1,0.2,1.2,10.4,26.6,54.3,1019,0.1,4.3,
2025-08-12T07:00:00-07:00,Phoenix,33.403055555556,-112.07527777778,126,pm10,80,126,4.7,,3.4,8.8,33,36,1011.1,3.6,11.3,16
2025-08-12T07:00:00-06:00,Denver,39.732146,-105.015317,222,pm10,114,222,15.1,0.6,8.3,6.1,18.8889,53,1025.5,2,8,
2025-08-12T23:00:00+09:00,Daegu,35.8714354,128.601445,30,pm25,30,8,11.4,3.6,5.4,21.7,7.1,71,1016,3.9,,
2025-08-12T23:00:00+09:00,Gyeonggi,37.4112,127.2579,30,pm25,30,11,8.7,2.6,3.9,24.7,27,69,1012.1,3,,21
2025-08-12T22:00:00+09:00,Nagoya,35.1814464,136.906398,42,pm25,42,20,9.3,1.5,3.4,16,30,78,1014.6,2.2,,
2025-08-12T23:00:00+09:00,Fukuoka,33.5903547,130.4017155,21,pm25,21,18,4.7,1.5,3.4,6.4,28.7,83,1014,2.8,,
2025-08-12T22:00:00+09:00,Kawasaki,35.5309058,139.7030511,42,pm25,42,24,13,1.5,3.4,6.4,28,90,1012,4.3,,
2025-08-12T22:00:00+08:00,Shenzhen,22.543099,114.057868,42,pm25,42,24,19.7,4.1,5.5,18.7,30.3,88,1008,4.6,,
2025-08-12T22:00:00+08:00,Zhongshan (Taiwan),25.062361,121.526528,34,pm25,34,7,10.3,1,2.9,3.1,29,79,1009,3.8,,25
2025-08-12T22:00:00+08:00,Chongqing,29.56301,106.551557,74,pm25,74,30,6.4,2.1,4.6,35.8,27,78,1009,1.5,,
2025-08-12T17:00:00+03:00,Istanbul (Turkey),41.015278,29.025,52,pm25,52,20,7,0.9,14,37.4,26.7,68,1011.6,10.8,,20.3
2025-08-12T22:00:00+07:00,Hanoi,21.0491,105.8831,61,pm25,61,54,20,15,8,10,29.5,81,1006.5,2.5,,26
2025-08-12T22:00:00+07:00,Bangkok,13.7563309,100.5017651,33,pm25,33,20,0.6,0.6,0.1,4.8,28.9,9,1007.9,2.5,,
2025-08-12T21:00:00+05:30,Delhi,28.6341,77.2005,104,pm25,104,71,5.3,1.1,9.5,12,23.474999999999998,87.25,985.8,0.24999999999999997,10.2,25
2025-08-12T21:00:00+05:30,Mumbai,19.0863,72.8888,94,pm25,94,56,1.2,14.9,0.5,11.7,28,99.92,1004.89,27.99,10.8,24
2025-08-13T00:00:00+09:00,Seoul,37.566535,126.9779692,30,o3,17,10,9.1,4.5,4.3,29.6,27.3,68.9,1000.7,2,,
2025-08-12T23:00:00+08:00,Beijing,39.954592,116.468117,76,pm25,76,32,6.9,1.1,6.4,34.2,22,100,1009,0.5,,
2025-08-12T23:00:00+08:00,Shanghai,31.2047372,121.4489017,53,pm25,53,21,5.5,4.6,5.5,21.2,30,79,1008,4.6,,
2025-08-12T23:00:00+09:00,Shinjuku (Tokyo),35.713889,139.705556,38,pm25,38,16,8.4,1.5,2.3,12.1,26.3,97.1,1010.4,2,,25.8
2025-08-13T00:00:00+09:00,Osaka,34.6937378,135.5021651,42,pm25,42,30,13,8.6,0.1,4,28.1,85.8,1015,1.5,,
2025-08-12T13:00:00+02:00,Paris,48.856614,2.3522219,56,pm25,56,37,17.3,0.6,0.1,48.1,33.8,26,1015.2,2.7,,
2025-08-12T17:00:00+02:00,Frankfurt,50.075464,8.576305,51,o3,48,18,,0.5,0.1,51.3,31,37,1015,3.3,11.3,15
2025-08-12T17:00:00+02:00,Hamburg,53.564486,9.96834,44,o3,38,20,4.2,1.6,0.1,43.9,27,42,1017,4.1,10.8,13
2025-08-12T17:00:00+03:00,Moscow,55.791842,37.578405,57,pm25,57,13,22,0.4,6.6,9.1,18.3,72,1016.3,2,5,
2025-08-12T23:00:00+08:00,Wuhan,30.593099,114.305393,42,pm25,42,14,7.4,3.1,2.8,,26,100,1008,0.5,,
2025-08-12T17:00:00+02:00,Warsaw (Poland),52.225171,21.014783,27,pm25,27,17,35.1,2,0.1,12,27,26,1021,3.6,,6
2025-08-13T00:00:00+09:30,Winnellie (Australia),-12.424323299931126,130.89335024356842,49,pm25,49,13,1.8,0.9,4.8,10.2,22.2,88,1010.5,3.59,,20.3
2025-08-12T21:00:00+05:30,Bangalore (India),13.0270199,77.494094,57,pm10,55,57,7.6,1.2,0.3,10.8,21,93.7,951.6025,0.9175,,20
2025-08-12T21:00:00+05:30,Chennai (India),13.1278,80.2642,89,pm25,89,82,6.1,1.3,9.2,,29.5025,67.6425,82799.9,0.7825,12.8,25
2025-08-12T10:00:00-04:00,Boston,42.325184,-71.05608,64,pm25,64,28,16.7,0.6,4.5,42.4,30.5,41,1018.3,,,
2025-08-12T09:00:00-04:00,Georgia,33.68797,-84.29048,22,pm25,22,10,0.9,0.2,1.4,12.1,26.9,55.1,1018.8,0.2,4.4,
2025-08-12T08:00:00-07:00,Phoenix,33.403055555556,-112.07527777778,111,pm10,73,111,4.7,,2.3,19.2,34,32,1011.5,2,11.3,15
2025-08-12T08:00:00-06:00,Denver,39.732146,-105.015317,85,pm10,57,85,6.4,0.6,3.8,9.4,20,52,1025.7,4,5,
2025-08-13T00:00:00+09:00,Daegu,35.8714354,128.601445,25,pm25,25,11,14.8,3.6,5.5,16.2,7.1,71,1016,3.9,,
2025-08-13T00:00:00+09:00,Gyeonggi,37.4112,127.2579,25,pm25,25,16,9,2.6,4,22.3,26,73,1012.5,2,,21
2025-08-12T23:00:00+09:00,Nagoya,35.1814464,136.906398,42,pm25,42,20,9.3,1.5,2.3,14.5,29.4,80,1014.4,2.5,,
2025-08-13T00:00:00+09:00,Fukuoka,33.5903547,130.4017155,21,pm25,21,20,5.6,1.5,3.4,7.3,28.2,83,1014,4.6,,
2025-08-12T23:00:00+09:00,Kawasaki,35.5309058,139.7030511,50,pm25,50,40,12.1,1.5,2.3,6.4,28,91,1012,2.3,,
2025-08-12T23:00:00+08:00,Shenzhen,22.543099,114.057868,42,pm25,42,22,19.7,4.1,5.5,18.3,30,92.6,1008,3.6,,
2025-08-12T23:00:00+08:00,Zhongshan (Taiwan),25.062361,121.526528,21,pm25,21,5,8.9,1,2.9,3.2,28,85.5,1009,4.1,,25.5
2025-08-12T23:00:00+08:00,Chongqing,29.56301,106.551557,70,pm25,70,25,5.5,1.6,4.6,33.3,27,78,1009,2.5,,
2025-08-12T23:00:00+07:00,Hanoi,21.0491,105.8831,81,pm25,81,58,17,12,3,10,30,84,1007,3.6,,27
2025-08-12T23:00:00+07:00,Bangkok,13.7563309,100.5017651,50,pm25,50,21,0.6,0.6,0.1,4.8,28.5,84.8,1007.8,2,,
2025-08-12T22:00:00+05:30,Delhi,28.6341,77.2005,95,pm25,95,69,5.4,1.5,10.4,18.3,22.824999999999996,90.025,985.5999999999999,0.3,10.2,25
2025-08-12T22:00:00+05:30,Mumbai,19.0863,72.8888,87,pm25,87,52,1.3,14.9,0.7,11.4,28,99.81,1005.1400000000001,29.675,10.8,23
2025-08-13T01:00:00+09:00,Seoul,37.566535,126.9779692,31,o3,13,8,7.9,4.3,4,30.9,26.8,71.9,1001.5,2,,
2025-08-13T00:00:00+08:00,Beijing,39.954592,116.468117,87,pm25,87,37,7.4,1.1,6.4,29.7,23,94,1009,0.5,,
2025-08-13T00:00:00+08:00,Shanghai,31.2047372,121.4489017,46,pm25,46,21,6.4,4.1,4.6,17.9,30,79,1009,5.6,,
2025-08-13T00:00:00+09:00,Shinjuku (Tokyo),35.713889,139.705556,34,pm25,34,20,8.4,1.5,3.4,11.2,26.3,94.8,1010.4,1.5,,25.4
2025-08-13T01:00:00+09:00,Osaka,34.6937378,135.5021651,42,pm25,42,30,10.2,7.2,0.1,5.6,28.1,85.8,1015,1.5,,
2025-08-12T15:00:00+02:00,Paris,48.856614,2.3522219,48,pm25,48,23,16.8,0.6,0.1,41.8,34.4,27.5,1014.9,2.7,,
2025-08-12T16:00:00+01:00,London,51.5073509,-0.1277583,76,pm25,76,32,24.7,1.1,1.9,32.9,30.6,32.5,1014.5,5.4,,
2025-08-12T18:00:00+02:00,Frankfurt,50.075464,8.576305,53,o3,50,22,,0.5,0.1,52.8,31,35,1015,3.3,11.3,14
2025-08-12T18:00:00+02:00,Hamburg,53.564486,9.96834,45,o3,38,20,3.7,1.6,0.1,44.7,27,42,1017,4.1,10.8,13
2025-08-12T18:00:00+03:00,Moscow,55.791842,37.578405,57,pm25,57,15,29.3,0.2,8.2,10.5,19.2,69.8,1016.5,3,5.1,
2025-08-13T00:00:00+08:00,Wuhan,30.593099,114.305393,46,pm25,46,15,8.3,3.1,1.9,,26,100,1008,0.5,,
2025-08-12T18:00:00+02:00,Warsaw (Poland),52.225171,21.014783,27,pm25,27,17,35.1,2,0.1,12,26,27,1021,3.6,,6
2025-08-13T01:00:00+09:30,Winnellie (Australia),-12.424323299931126,130.89335024356842,49,pm25,49,13,1.7,1,4.8,10.1,22.1,86.9,1010.2,5.19,,20.2
2025-08-12T22:00:00+05:30,Bangalore (India),13.0270199,77.494094,70,pm25,70,57,8.1,4.2,0.3,10.6,21,93.72500000000001,951.6975000000001,0.89,,20
2025-08-12T22:00:00+05:30,Chennai (India),13.1278,80.2642,123,pm25,123,82,6.6,1.2,9.7,,29.48,68.7775,82880.375,1.1425,12.8,25
2025-08-12T11:00:00-04:00,Boston,42.325184,-71.05608,63,pm25,63,30,13,0.6,4.5,52,31.9,35,1017.4,,,
2025-08-12T10:00:00-04:00,Georgia,33.68797,-84.29048,23,pm25,23,13,1.1,0.2,1.5,14.5,28.4,55,1018.7,0.4,6,
2025-08-12T09:00:00-07:00,Phoenix,33.403055555556,-112.07527777778,76,pm10,57,76,4.7,,2.3,24.1,36,28,1011.8,3,11.3,15
2025-08-12T09:00:00-06:00,Denver,39.732146,-105.015317,57,pm10,50,57,6.4,0.6,3.1,10.6,21.1111,46.3,1025.3,4,5,
2025-08-13T01:00:00+09:00,Daegu,35.8714354,128.601445,50,pm25,50,11,12.7,2.9,5.8,16.1,7.1,71,1016,3.9,,
2025-08-13T01:00:00+09:00,Gyeonggi,37.4112,127.2579,25,pm25,25,11,7.7,2.9,3.8,23.4,26,73,1012.8,1.5,,21
2025-08-13T00:00:00+09:00,Nagoya,35.1814464,136.906398,57,pm25,57,20,10.2,1.5,3.4,14.5,29.4,82,1014.5,1.5,,
2025-08-13T01:00:00+09:00,Fukuoka,33.5903547,130.4017155,25,pm25,25,16,4.7,1.5,3.4,8,28,83,1014,3.8,,
2025-08-13T01:00:00+09:00,Kawasaki,35.5309058,139.7030511,18,pm10,1,18,11.2,1.5,3.4,9.6,27,88,1013,2.5,,
2025-08-13T00:00:00+08:00,Shenzhen,22.543099,114.057868,46,pm25,46,23,17.9,4.1,5.5,18.3,30,88,1008,3.6,,
2025-08-13T00:00:00+08:00,Zhongshan (Taiwan),25.062361,121.526528,21,pm25,21,9,7.1,0.8,2.3,3.7,28,85.5,1009,4.6,,25.5
2025-08-13T00:00:00+08:00,Chongqing,29.56301,106.551557,72,pm25,72,25,7.4,1.6,4.6,29.3,26,78,1009,1.5,,
2025-08-12T19:00:00+03:00,Istanbul (Turkey),41.015278,29.025,51,pm25,51,21,5.3,0.9,13.9,38.3,25.2,82,1011.2,8.2,,21.9
2025-08-13T00:00:00+07:00,Hanoi,21.0491,105.8831,83,pm25,83,56,11,9,2,17,30,84,1007,3,,27
2025-08-12T23:00:00+05:30,Delhi,28.6341,77.2005,91,pm25,91,70,6.6,2.1,12.9,5.8,22.450000000000003,91.175,985.425,0.3,10.2,25
2025-08-12T23:00:00+05:30,Mumbai,19.0863,72.8888,95,pm25,95,56,1.3,14.9,0.7,11.6,28,99.81666666666668,1005.4466666666667,29.50333333333333,10.8,23.5
2025-08-13T02:00:00+09:00,Seoul,37.566535,126.9779692,30,o3,9,7,7.7,4.2,3.8,30,26.7,72.7,1001.3,2,,
2025-08-13T01:00:00+08:00,Beijing,39.954592,116.468117,80,pm25,80,30,6.4,1.1,6.4,30.9,22,100,1009,1.5,,
2025-08-13T01:00:00+08:00,Shanghai,31.2047372,121.4489017,42,pm25,42,25,6.9,4.1,5.5,15.5,30,74,1008,5.6,,
2025-08-13T01:00:00+09:00,Shinjuku (Tokyo),35.713889,139.705556,46,pm25,46,20,7.5,1.5,4.5,10.4,25.6,94.8,1011.3,1.5,,24.7
2025-08-13T02:00:00+09:00,Osaka,34.6937378,135.5021651,34,pm25,34,34,8.4,7.2,0.1,5.6,28.1,92,1015,2,,
2025-08-12T19:00:00+02:00,Frankfurt,50.075464,8.576305,52,o3,50,22,,0.5,0.1,51.7,31.5,34,1014,3.3,11.3,14
2025-08-12T19:00:00+02:00,Hamburg,53.564486,9.96834,44,o3,38,20,4.2,1.6,0.1,43.9,26,57,1017,4.3,10.8,17
2025-08-12T19:00:00+03:00,Moscow,55.791842,37.578405,59,pm25,59,16,28.4,0.4,9.4,7.8,19.1,70.2,1016.8,3.8,7.8,
2025-08-13T01:00:00+08:00,Wuhan,30.593099,114.305393,55,pm25,55,22,6.4,3.1,1.9,,26,100,1008,0.5,,
2025-08-12T19:00:00+02:00,Warsaw (Poland),52.225171,21.014783,28,pm25,28,18,34.8,2,0.1,12,25,29,1021,2.5,,6
2025-08-12T12:00:00-04:00,Boston,42.325184,-71.05608,65,pm25,65,27,11.2,0.6,4.5,55.8,32.7,33,1016.7,,,
2025-08-12T11:00:00-04:00,Georgia,33.68797,-84.29048,23,pm25,23,12,1,0.2,1.4,16.8,30.2,51,1019.4,0.3,7.8,
2025-08-12T10:00:00-07:00,Phoenix,33.403055555556,-112.07527777778,61,pm10,52,61,4.7,,1.2,31.2,36,26,1011.8,2,11.3,14
2025-08-12T10:00:00-06:00,Denver,39.732146,-105.015317,87,pm10,57,87,8.3,0.6,2.6,13.5,22.7778,44,1024.6,3,8.6,
2025-08-13T01:00:00+09:00,Nagoya,35.1814464,136.906398,61,pm25,61,20,10.2,1.5,3.4,13.6,28.8,81,1014.7,1.7,,
2025-08-13T02:00:00+09:00,Fukuoka,33.5903547,130.4017155,30,pm25,30,26,4.7,1.5,2.3,7.3,27.5,88,1014,5.1,,
2025-08-13T02:00:00+09:00,Kawasaki,35.5309058,139.7030511,21,pm10,1,21,8.4,1.5,3.4,8,27,88,1013,3,,
2025-08-13T01:00:00+08:00,Shenzhen,22.543099,114.057868,46,pm25,46,26,17.9,4.1,5.5,16.7,30,86,1007.4,0.2,,
2025-08-13T01:00:00+08:00,Zhongshan (Taiwan),25.062361,121.526528,17,pm25,17,14,4.7,0.6,1.8,3.9,28,83,1009,4.6,,25
2025-08-13T01:00:00+08:00,Chongqing,29.56301,106.551557,70,pm25,70,28,5.5,1.6,4.6,28.9,26,78,1009,1.5,,
2025-08-12T20:00:00+03:00,Istanbul (Turkey),41.015278,29.025,52,pm25,52,22,5.8,0.9,14,40.9,24.9,80.4,1011.5,7.2,,21.3
2025-08-13T01:00:00+07:00,Hanoi,21.0491,105.8831,74,pm25,74,51,7,9,2,19,29.5,86,1007,2.8,,27
2025-08-13T01:00:00+07:00,Bangkok,13.7563309,100.5017651,45,pm25,45,20,0.6,0.6,0.1,4.8,28.1,87.8,1007.4,2.5,,
2025-08-13T00:00:00+05:30,Delhi,28.6341,77.2005,95,pm25,95,68,4.1,1.7,13.1,14.5,22,92.6,985.8,0.3,10.2,25
2025-08-13T00:00:00+05:30,Mumbai,19.0863,72.8888,100,pm25,100,59,1.4,14.9,0.7,11.4,28,98.11749999999999,1005.0025,28.747500000000002,10.8,23.5
2025-08-13T03:00:00+09:00,Seoul,37.566535,126.9779692,30,o3,17,7,7.6,3.9,3.8,30.3,26.7,72.7,1001.3,2,,
2025-08-13T02:00:00+08:00,Beijing,39.954592,116.468117,72,pm25,72,25,6.4,1.1,6.4,32.9,22,100,1009,0.5,,
2025-08-13T02:00:00+08:00,Shanghai,31.2047372,121.4489017,50,pm25,50,25,7.8,4.1,5.5,12.6,30,74,1008,5.6,,
2025-08-13T02:00:00+09:00,Shinjuku (Tokyo),35.713889,139.705556,42,pm25,42,15,7.5,1.5,3.4,10.4,25.7,94.8,1011.6,1,,24.8
2025-08-12T17:00:00+02:00,Paris,48.856614,2.3522219,48,pm25,48,23,16.8,0.6,0.1,41.8,32.5,34.5,1014.9,2,,
2025-08-12T18:00:00+01:00,London,51.5073509,-0.1277583,61,pm25,61,32,31.6,1.6,1.9,35,28.7,33.5,1014.5,5,,
2025-08-12T20:00:00+02:00,Frankfurt,50.075464,8.576305,50,pm25,50,23,,0.5,0.1,41.8,31,35,1014,2.5,11.3,14
2025-08-12T20:00:00+02:00,Hamburg,53.564486,9.96834,39,o3,38,20,4.6,1.6,0.1,38.6,24.5,60.5,1017,4.3,10.8,16.5
2025-08-12T20:00:00+03:00,Moscow,55.791842,37.578405,59,pm25,59,12,28.8,0.2,7.9,6.8,18.7,71,1017.1,4.7,7,
2025-08-13T02:00:00+08:00,Wuhan,30.593099,114.305393,53,pm25,53,18,5.1,2.6,1.9,,26,100,1007,1.5,,
2025-08-12T20:00:00+02:00,Warsaw (Poland),52.225171,21.014783,29,pm25,29,17,42.2,2,0.1,12,23,38,1021,2.5,,8
2025-08-13T03:00:00+09:30,Winnellie (Australia),-12.424323299931126,130.89335024356842,38,pm25,38,10,2.4,1.1,5,9.5,21.4,90.8,1009.4,5.58,,19.7
2025-08-13T00:00:00+05:30,Bangalore (India),13.0270199,77.494094,90,pm25,90,58,7.8,0.3,0.3,10.4,21,93.35,951.5925,0.89,,20
2025-08-13T00:00:00+05:30,Chennai (India),13.1278,80.2642,90,pm25,90,64,4.4,0.6,6.9,,29.192500000000003,69.065,82885.9,1.0975000000000001,12.8,25
2025-08-12T13:00:00-04:00,Boston,42.325184,-71.05608,66,pm25,66,28,13.9,0.8,4.5,53.3,34.4,30.3,1016,,,
2025-08-12T12:00:00-04:00,Georgia,33.68797,-84.29048,24,pm25,24,13,0.8,0.2,1.3,21.6,31.1,46.6,1018.4,1,6.8,
2025-08-12T11:00:00-07:00,Phoenix,33.403055555556,-112.07527777778,52,pm10,17,52,4.7,,1.2,38.4,38,24,1011.5,2.5,11.3,14
2025-08-12T11:00:00-06:00,Denver,39.732146,-105.015317,50,pm10,38,50,6.4,0.6,2.7,17.1,23.8889,38.3,1023.7,3,7.3,
2025-08-13T03:00:00+09:00,Daegu,35.8714354,128.601445,25,pm25,25,15,10.5,3.3,6,14.9,7.1,71,1016,3.9,,
2025-08-13T03:00:00+09:00,Gyeonggi,37.4112,127.2579,46,pm25,46,13,7.2,2.8,3.8,21.2,26,73,1012.5,2.5,,21
2025-08-13T02:00:00+09:00,Nagoya,35.1814464,136.906398,34,pm25,34,16,10.2,1.5,3.4,11.2,28.6,92.1,1014.9,1.6,,
2025-08-13T03:00:00+09:00,Fukuoka,33.5903547,130.4017155,30,pm25,30,25,4.7,1.5,2.3,6.4,27,88,1014,4.6,,
2025-08-13T02:00:00+08:00,Shenzhen,22.543099,114.057868,42,pm25,42,23,16,3.6,4.6,15.1,29,95.4,1007.1,3.6,,
2025-08-13T02:00:00+08:00,Zhongshan (Taiwan),25.062361,121.526528,21,pm25,21,9,3.8,0.9,1.2,3.2,28,88,1008,4.6,,26
2025-08-13T02:00:00+08:00,Chongqing,29.56301,106.551557,68,pm25,68,25,5.5,1.6,4.6,28.5,26,78,1009,1.5,,
2025-08-12T21:00:00+03:00,Istanbul (Turkey),41.015278,29.025,53,pm25,53,22,6.2,0.9,14,42.8,24.6,82.9,1011.5,8.2,,21.5
2025-08-13T02:00:00+07:00,Hanoi,21.0491,105.8831,76,pm25,76,49,6,9,2,19,29,88,1007,1.5,,27
2025-08-13T02:00:00+07:00,Bangkok,13.7563309,100.5017651,50,pm25,50,20,0.6,0.6,0.1,4.8,28.1,87.8,1007.4,2.5,,
2025-08-13T04:00:00+09:00,Seoul,37.566535,126.9779692,28,o3,17,6,7.7,4,3.8,28.4,26.4,73.6,1001.1,1.5,,
2025-08-13T03:00:00+08:00,Beijing,39.954592,116.468117,82,pm25,82,31,6.9,1.6,6.4,24.8,21,100,1009,0.5,,
2025-08-13T03:00:00+09:00,Shinjuku (Tokyo),35.713889,139.705556,50,pm25,50,41,7.5,1.5,3.4,10.4,25.7,94.8,1011.6,1,,24.8
2025-08-13T03:00:00+09:00,Osaka,34.6937378,135.5021651,34,pm25,34,28,10.2,7.2,2.3,4,27.8,88,1015,1.5,,
2025-08-12T21:00:00+02:00,Frankfurt,50.075464,8.576305,63,pm25,63,59,,0.5,0.1,23,28,43.5,1014,1,11.3,14.5
2025-08-12T21:00:00+02:00,Hamburg,53.564486,9.96834,35,o3,38,21,4.6,1.6,0.1,35.4,22.5,66,1017,3.6,10.8,16
2025-08-12T21:00:00+02:00,Warsaw (Poland),52.225171,21.014783,34,pm25,34,21,40.6,2,0.1,12,23,38,1021,2,,8
2025-08-13T04:00:00+09:30,Winnellie (Australia),-12.424323299931126,130.89335024356842,34,pm25,34,9,2.1,1,4.9,8.7,20.7,93,1009.5,3.71,,19.2
2025-08-12T14:00:00-04:00,Boston,42.325184,-71.05608,68,pm25,68,28,9.3,0.8,3.4,53.3,33.6,28.5,1015.5,,,
2025-08-12T13:00:00-04:00,Georgia,33.68797,-84.29048,25,pm25,25,14,0.6,0.2,1.2,21.6,32,43,1016.8,0.6,7.2,
2025-08-12T12:00:00-07:00,Phoenix,33.403055555556,-112.07527777778,56,pm10,43,56,4.7,,1.2,48.1,39,21,1011.1,2,11.3,13
2025-08-12T12:00:00-06:00,Denver,39.732146,-105.015317,42,pm10,34,42,6.4,0.6,2.4,17.1,26.1111,36,1022.7,3,7,
2025-08-13T04:00:00+09:00,Daegu,35.8714354,128.601445,53,pm25,53,15,10.5,3.3,6,14.9,7.1,71,1016,3.9,,
2025-08-13T04:00:00+09:00,Gyeonggi,37.4112,127.2579,38,pm25,38,13,7.2,2.8,3.8,21.2,26,73,1012.5,2.5,,21
2025-08-13T03:00:00+09:00,Nagoya,35.1814464,136.906398,46,pm25,46,17,10.2,1.5,3.4,11.2,28.3,84,1015.1,1.4,,
2025-08-13T04:00:00+09:00,Fukuoka,33.5903547,130.4017155,30,pm25,30,20,5.6,1.5,2.3,6.4,27.3,88,1014,4.1,,
2025-08-13T03:00:00+09:00,Kawasaki,35.5309058,139.7030511,42,pm25,42,14,16.7,1.5,2.3,8.8,26,94,1014,3.6,,
2025-08-13T03:00:00+08:00,Zhongshan (Taiwan),25.062361,121.526528,30,pm25,30,10,3.2,0.9,0.9,3.1,28,88,1007,4.6,,26
2025-08-12T22:00:00+03:00,Istanbul (Turkey),41.015278,29.025,55,pm25,55,23,6.1,0.9,14.1,42.8,24.6,82.9,1011.5,8.2,,21.5
2025-08-13T03:00:00+07:00,Hanoi,21.0491,105.8831,76,pm25,76,49,7,9,2,18,28,94,1006,2,,27
2025-08-13T03:00:00+07:00,Bangkok,13.7563309,100.5017651,25,pm25,25,20,0.6,0.6,0.1,4.8,27.9,9.1,1007.6,1.5,,
2025-08-13T02:00:00+05:30,Delhi,28.6341,77.2005,95,pm25,95,65,3.2,1.4,14.5,12.2,22.325,93.375,985.7,0.3,10.2,25
2025-08-13T01:00:00+05:30,Mumbai,19.0863,72.8888,101,pm25,101,60,1.4,14.9,0.8,11.5,28,99.90333333333335,1003.9699999999999,29.763333333333332,10.8,23.5
2025-08-13T05:00:00+09:00,Seoul,37.566535,126.9779692,27,o3,9,8,7.5,4.3,3.8,26.6,26.4,74.9,1000.6,1.5,,
2025-08-13T04:00:00+08:00,Beijing,39.954592,116.468117,91,pm25,91,35,7.4,1.1,6.4,19.5,22,94,1010,0.5,,
2025-08-13T04:00:00+08:00,Shanghai,31.2047372,121.4489017,38,pm25,38,20,8.7,4.1,5.5,11.8,30,74,1009,5.6,,
2025-08-13T04:00:00+09:00,Shinjuku (Tokyo),35.713889,139.705556,42,pm25,42,41,6.5,1.5,3.4,10.4,26,94.2,1012,2,,25
2025-08-13T05:00:00+09:00,Osaka,34.6937378,135.5021651,34,pm25,34,24,10.2,1.5,0.1,3.2,27.9,94,1016,2,,
2025-08-12T18:00:00+02:00,Paris,48.856614,2.3522219,52,pm25,52,46,24.8,0.6,0.1,38.2,30.7,38.5,1015.2,1.6,,
2025-08-12T19:00:00+01:00,London,51.5073509,-0.1277583,70,pm25,70,33,31.6,1.4,3,30.4,28.7,33.6,1014.6,5,,
2025-08-12T22:00:00+02:00,Frankfurt,50.075464,8.576305,62,pm25,62,56,,0.5,0.1,17.8,24.5,55,1014,1.5,11.3,15
2025-08-12T22:00:00+02:00,Hamburg,53.564486,9.96834,42,pm25,42,22,5.1,1.6,0.1,30.9,20.5,75,1017,3.8,10.8,16
2025-08-12T23:00:00+03:00,Moscow,55.791842,37.578405,53,pm25,53,12,31.1,0.3,10.3,6.4,16.6,81.5,1017.3,4,6,
2025-08-13T04:00:00+08:00,Wuhan,30.593099,114.305393,50,pm25,50,17,4.6,2.6,5.5,,25,100,1007,0.5,,
2025-08-12T22:00:00+02:00,Warsaw (Poland),52.225171,21.014783,37,pm25,37,24,32.7,2,0.1,12,23,38,1021,2.5,,8
2025-08-13T01:00:00+05:30,Bangalore (India),13.0270199,77.494094,56,pm10,46,56,8.6,0.3,0.3,10.4,21,93.46666666666665,951.3833333333333,0.8966666666666666,,20
2025-08-13T01:00:00+05:30,Chennai (India),13.1278,80.2642,83,pm25,83,54,4.6,1.1,5,,29.156666666666666,68.42666666666666,82737.90000000001,1.4866666666666666,12.8,25
2025-08-12T15:00:00-04:00,Boston,42.325184,-71.05608,67,pm25,67,33,5.6,0.9,3.4,53.3,34.1,35.5,1015,,,
2025-08-12T14:00:00-04:00,Georgia,33.68797,-84.29048,21,pm25,21,12,0.6,0.2,1.2,18.4,31,45.6,1015.5,0.6,5.8,
2025-08-12T13:00:00-07:00,Phoenix,33.403055555556,-112.07527777778,60,pm10,56,60,4.7,,1.2,59.7,40,20,1010.4,4.1,11.3,13
2025-08-12T13:00:00-06:00,Denver,39.732146,-105.015317,28,pm10,25,28,3.7,0.6,1.9,23.2,27.7778,30,1021.7,3,8.5,
2025-08-13T05:00:00+09:00,Daegu,35.8714354,128.601445,50,pm25,50,19,11.6,3,6,11.4,7.1,71,1016,3.9,,
2025-08-13T05:00:00+09:00,Gyeonggi,37.4112,127.2579,30,pm25,30,12,6.8,2.5,4.2,19.6,24,94,1012.5,2.5,,23
2025-08-13T04:00:00+09:00,Nagoya,35.1814464,136.906398,42,pm25,42,17,8.4,1.5,3.4,9.6,27.7,86,1015.2,1.5,,
2025-08-13T05:00:00+09:00,Fukuoka,33.5903547,130.4017155,34,pm25,34,20,4.7,1.5,2.3,6.4,27.4,88,1015,5.1,,
2025-08-13T04:00:00+09:00,Kawasaki,35.5309058,139.7030511,46,pm25,46,20,13.9,1.5,3.4,8.8,27,94,1014.6,4.1,,
2025-08-13T04:00:00+08:00,Shenzhen,22.543099,114.057868,34,pm25,34,22,14.7,4.6,6.4,14.7,29,89.5,1007,1.5,,
2025-08-13T04:00:00+08:00,Zhongshan (Taiwan),25.062361,121.526528,17,pm25,17,15,2.7,0.8,1,3.8,28,88,1007,5.6,,26
2025-08-13T04:00:00+08:00,Chongqing,29.56301,106.551557,65,pm25,65,22,4.6,1.6,4.6,27.7,25,94,1009,1.5,,
2025-08-13T04:00:00+07:00,Hanoi,21.0491,105.8831,68,pm25,68,45,7,9,3,18,28,94,1006,2,,27
2025-08-13T04:00:00+07:00,Bangkok,13.7563309,100.5017651,47,pm25,47,19,0.6,0.6,0.1,4.8,27.9,10,1007.6,0.5,,
2025-08-13T02:00:00+05:30,Mumbai,19.0863,72.8888,100,pm25,100,59,1.3,14.8,0.7,11.5,28,99.92,1003.485,30.05,10.8,23.5
2025-08-13T06:00:00+09:00,Seoul,37.566535,126.9779692,20,o3,17,9,8.7,4.2,4.4,20.1,26.1,80.6,1001.1,3,,
2025-08-13T05:00:00+08:00,Beijing,39.954592,116.468117,95,pm25,95,37,14.2,1.1,6.4,13.5,21,100,1009,0.5,,
2025-08-13T05:00:00+08:00,Shanghai,31.2047372,121.4489017,30,pm25,30,19,6.9,4.1,5.5,11.4,29,79,1009,5.6,,
2025-08-13T05:00:00+09:00,Shinjuku (Tokyo),35.713889,139.705556,50,pm25,50,20,6.5,1.5,2.3,7.3,25.7,94.2,1012.9,2,,24.7
2025-08-13T06:00:00+09:00,Osaka,34.6937378,135.5021651,38,pm10,34,38,11.2,8.6,0.1,2.4,28,88,1016,1.5,,
2025-08-12T19:00:00+02:00,Paris,48.856614,2.3522219,55,pm25,55,24,19.1,0.6,0.1,42.8,29.1,44,1016,1.2,,
2025-08-12T20:00:00+01:00,London,51.5073509,-0.1277583,59,pm25,59,29,30.7,1.4,2.8,36.2,27,35.6,1014.8,4.3,,
2025-08-12T23:00:00+02:00,Frankfurt,50.075464,8.576305,62,pm25,62,56,,0.5,0.1,11.1,22.5,64,1014,1.5,11.3,15.5
2025-08-12T23:00:00+02:00,Hamburg,53.564486,9.96834,42,pm25,42,23,6.4,1.6,0.1,25.2,19,82,1017,3.8,10.8,16
2025-08-13T00:00:00+03:00,Moscow,55.791842,37.578405,53,pm25,53,12,30.2,0.2,7.5,5,16.1,85.5,1017.2,1.5,5,
2025-08-13T05:00:00+08:00,Wuhan,30.593099,114.305393,46,pm25,46,20,6.4,2.6,5.5,,25,100,1007,0.5,,
2025-08-12T23:00:00+02:00,Warsaw (Poland),52.225171,21.014783,38,pm25,38,24,25.5,2,0.1,12,22,40,1021,2,,8
2025-08-13T05:00:00+09:30,Winnellie (Australia),-12.424323299931126,130.89335024356842,56,pm25,56,15,1.7,1,5.2,8.9,18.1,94,1010.4,5.19,,17.5
2025-08-13T02:00:00+05:30,Bangalore (India),13.0270199,77.494094,53,pm10,45,53,8.5,1.7,0.3,10.7,21,93.36666666666667,951.2333333333332,0.9266666666666666,,20
2025-08-13T02:00:00+05:30,Chennai (India),13.1278,80.2642,69,pm25,69,47,3.7,0.9,3.2,,29.366666666666664,69.63666666666667,82669.83333333333,1.57,12.8,25
2025-08-12T16:00:00-04:00,Boston,42.325184,-71.05608,66,pm25,66,32,3.8,0.9,3.4,52,31.6,44.5,1014.7,,,
2025-08-12T15:00:00-04:00,Georgia,33.68797,-84.29048,22,pm25,22,15,0.7,0.2,1.3,20,31.1,47.7,1015.3,0.4,5.8,
2025-08-12T14:00:00-07:00,Phoenix,33.403055555556,-112.07527777778,57,pm10,49,57,4.7,,1.2,55.8,42,18,1009.4,2.5,11.3,13
2025-08-12T14:00:00-06:00,Denver,39.732146,-105.015317,24,o3,21,23,3.7,0.6,1.9,23.6,29.4444,22,1020.3,4,9,
2025-08-13T06:00:00+09:00,Daegu,35.8714354,128.601445,50,pm25,50,20,14.3,3,5.9,7.6,7.1,71,1016,3.9,,
2025-08-13T06:00:00+09:00,Gyeonggi,37.4112,127.2579,30,pm25,30,11,7.5,2.6,4.2,17.4,24,100,1012.8,2,,24
2025-08-13T05:00:00+09:00,Nagoya,35.1814464,136.906398,50,pm25,50,19,8.4,1.5,3.4,8,27.9,94.8,1015.2,1.9,,
2025-08-13T06:00:00+09:00,Fukuoka,33.5903547,130.4017155,34,pm25,34,22,5.6,1.5,2.3,4.8,27,88,1015,3,,
2025-08-13T05:00:00+09:00,Kawasaki,35.5309058,139.7030511,46,pm25,46,25,15.8,1.5,3.4,8,27,94,1015,3.6,,
2025-08-13T05:00:00+08:00,Shenzhen,22.543099,114.057868,38,pm25,38,22,17,4.6,5.5,14.3,29.4,97.1,1007,2.5,,
2025-08-13T05:00:00+08:00,Zhongshan (Taiwan),25.062361,121.526528,17,pm25,17,13,2.6,0.8,0.9,4.4,28,88,1007,6.1,,26
2025-08-13T05:00:00+08:00,Chongqing,29.56301,106.551557,65,pm25,65,26,6,1.6,4.6,23.2,25,88,1009,1.5,,
2025-08-12T23:00:00+03:00,Istanbul (Turkey),41.015278,29.025,56,pm25,56,23,4.8,0.9,14.2,43.2,24.5,86.5,1011.7,6.1,,22.1
2025-08-13T05:00:00+07:00,Hanoi,21.0491,105.8831,65,pm25,65,42,7,9,4,26,28,94,1006,2.3,,27
2025-08-13T05:00:00+07:00,Bangkok,13.7563309,100.5017651,43,pm25,43,21,0.6,0.6,0.1,4.8,27.5,89.8,1007.5,0.5,,
2025-08-13T04:00:00+05:30,Delhi,28.6341,77.2005,97,pm25,97,70,2.9,2,10.9,10.2,22.5,93.72500000000001,985.5500000000001,0.3,10.2,26
2025-08-13T04:00:00+05:30,Mumbai,19.0863,72.8888,96,pm25,96,56,1.5,14.9,1.1,11.7,27,99.92,1003.0966666666667,29.44666666666667,10.8,24
2025-08-13T07:00:00+09:00,Seoul,37.566535,126.9779692,18,o3,13,6,15,4.3,4.7,17.7,24.6,93.6,1001.8,2,,
2025-08-13T06:00:00+08:00,Beijing,39.954592,116.468117,87,pm25,87,31,18.8,1.1,6.4,10.6,21,100,1009,0.5,,
2025-08-13T06:00:00+08:00,Shanghai,31.2047372,121.4489017,30,pm25,30,17,5.5,4.1,4.6,10.2,30,70,1010,6.6,,
2025-08-13T06:00:00+09:00,Shinjuku (Tokyo),35.713889,139.705556,57,pm25,57,20,5.6,1.5,2.3,9.6,25.6,94.2,1013.2,0.5,,24.6
2025-08-13T07:00:00+09:00,Osaka,34.6937378,135.5021651,34,pm25,34,25,11.2,7.2,0.1,4,28.2,84.8,1016,1,,
2025-08-12T20:00:00+02:00,Paris,48.856614,2.3522219,65,pm25,65,46,41.3,0.6,0.1,38.2,27.5,47.8,1016.2,0.1,,
2025-08-12T21:00:00+01:00,London,51.5073509,-0.1277583,57,pm25,57,34,29.3,1.6,2.8,31.3,23.6,51.6,1015.1,2.8,,
2025-08-13T00:00:00+02:00,Frankfurt,50.075464,8.576305,53,pm25,53,52,,0.5,0.1,8.2,22.5,64,1014,2.3,11.3,15.5
2025-08-13T00:00:00+02:00,Hamburg,53.564486,9.96834,42,pm25,42,24,6.4,1.6,0.1,24.4,19,82,1017,3,10.8,16
2025-08-13T01:00:00+03:00,Moscow,55.791842,37.578405,46,pm25,46,10,26.1,0.2,4.6,6.4,16.1,81,1017.1,4,6.5,
2025-08-13T06:00:00+08:00,Wuhan,30.593099,114.305393,46,pm25,46,19,7.4,2.6,2.8,,25,100,1008,1.5,,
2025-08-13T00:00:00+02:00,Warsaw (Poland),52.225171,21.014783,37,pm25,37,22,16.3,2,0.1,12,17,59,1021,1.5,,9
2025-08-13T07:00:00+09:30,Winnellie (Australia),-12.424323299931126,130.89335024356842,68,pm25,68,20,1.6,1,5.2,8.7,18.5,90.8,1011.3,4.77,,17.2
2025-08-13T04:00:00+05:30,Bangalore (India),13.0270199,77.494094,52,pm10,45,52,8,2.3,0.3,10.7,20,93.8,951.13,0.955,,19
2025-08-13T04:00:00+05:30,Chennai (India),13.1278,80.2642,60,pm25,60,45,2.3,0.6,0.7,,29.4275,66.22,82651.15,2.075,12.8,25
2025-08-12T17:00:00-04:00,Boston,42.325184,-71.05608,67,pm25,67,37,5.6,0.9,4.5,63.5,32.5,43,1014.4,,,
2025-08-12T16:00:00-04:00,Georgia,33.68797,-84.29048,21,pm25,21,13,0.7,0.2,1.3,17.6,30.2,50.4,1015.4,1.6,7,
2025-08-12T15:00:00-07:00,Phoenix,33.403055555556,-112.07527777778,56,pm10,53,56,4.7,,1.2,44.8,43,16,1008.1,2.5,11.3,12
2025-08-12T20:00:00+05:30,Hyderabad (India),17.417094,78.457437,151,pm25,151,72,11.3,14.8,9.6,6.9,25,72.87,1008.5,1.585,10.2,22
2025-08-12T15:00:00-06:00,Denver,39.732146,-105.015317,21,o3,17,19,3.2,0.6,2.1,21.2,31.1111,20.5,1019.5,4,6.5,
2025-08-13T07:00:00+09:00,Daegu,35.8714354,128.601445,46,pm25,46,17,14.3,3,6,5.9,7.1,71,1016,3.9,,
2025-08-13T07:00:00+09:00,Gyeonggi,37.4112,127.2579,21,o3,17,6,7.5,2.6,3.9,21.3,24,100,1012.8,2,,24
2025-08-13T06:00:00+09:00,Nagoya,35.1814464,136.906398,46,pm25,46,20,8.4,1.5,2.3,8,28.8,80,1015.9,1,,
2025-08-13T07:00:00+09:00,Fukuoka,33.5903547,130.4017155,38,pm25,38,28,4.7,1.5,2.3,7.3,27.5,87.3,1015,2.5,,
2025-08-13T06:00:00+09:00,Kawasaki,35.5309058,139.7030511,53,pm25,53,22,13.9,1.5,2.3,8,27,94,1015.6,2.2,,
2025-08-13T06:00:00+08:00,Shenzhen,22.543099,114.057868,38,pm25,38,20,16,4.1,5.5,16.7,29,86.6,1007,1.5,,
2025-08-13T06:00:00+08:00,Zhongshan (Taiwan),25.062361,121.526528,17,pm25,17,7,3.1,0.8,1.3,5.3,27,94,1007,5.6,,26
2025-08-13T06:00:00+08:00,Chongqing,29.56301,106.551557,55,pm25,55,25,6.4,2.1,4.6,21.2,24,94,1009,1.5,,
2025-08-13T01:00:00+03:00,Istanbul (Turkey),41.015278,29.025,57,pm25,57,24,6.4,1.4,14.6,46.1,24.4,87,1011.2,6.1,,22.1
2025-08-13T06:00:00+07:00,Hanoi,21.0491,105.8831,64,pm25,64,41,8,10,8,32,28,94,1006,2,,27
2025-08-13T06:00:00+07:00,Bangkok,13.7563309,100.5017651,49,pm25,49,23,0.6,0.6,0.1,4.8,27.7,95.9,1008.1,0.5,,
2025-08-13T08:00:00+09:00,Seoul,37.566535,126.9779692,20,o3,5,4,14.2,4.3,4.7,19.5,24,94.7,1002.6,3.6,,
2025-08-13T07:00:00+08:00,Beijing,39.954592,116.468117,72,pm25,72,24,12.8,1.6,6.4,17.5,23,94,1009,1.5,,
2025-08-13T07:00:00+08:00,Shanghai,31.2047372,121.4489017,25,pm25,25,19,5.1,4.1,4.6,10.2,31,66,1010,5.6,,
2025-08-13T07:00:00+09:00,Shinjuku (Tokyo),35.713889,139.705556,57,pm25,57,20,7.5,1.5,2.3,9.6,26.6,86.2,1013.7,1,,24.1
2025-08-12T21:00:00+02:00,Paris,48.856614,2.3522219,90,pm25,90,43,41.5,0.6,0.1,22.6,26.7,52.3,1016.3,0.1,,
2025-08-12T22:00:00+01:00,London,51.5073509,-0.1277583,72,pm25,72,32,33.3,1.6,2.8,30.5,23.6,52.7,1015.1,2.8,,
2025-08-13T07:00:00+08:00,Wuhan,30.593099,114.305393,50,pm25,50,18,6,1.6,1.9,,25,100,1008,1.5,,
2025-08-13T08:00:00+09:30,Winnellie (Australia),-12.424323299931126,130.89335024356842,69,pm25,69,22,2,1,5.2,10,21.9,80.6,1011.7,4.79,,17.5
2025-08-12T17:00:00-04:00,Georgia,33.68797,-84.29048,23,pm25,23,11,1.2,0.2,1.6,13.6,28.2,58,1015.1,0.8,1.8,
2025-08-12T16:00:00-07:00,Phoenix,33.403055555556,-112.07527777778,45,pm25,45,36,4.7,,1.2,43.2,43,16,1007.4,6.1,11.3,12
2025-08-12T16:00:00-06:00,Denver,39.732146,-105.015317,21,o3,17,15,2.8,0.6,1.6,21.2,31.6667,21.6,1018.9,3,10.3,
2025-08-13T08:00:00+09:00,Daegu,35.8714354,128.601445,53,pm25,53,20,16,3,6,7.6,7.1,71,1016,3.9,,
2025-08-13T08:00:00+09:00,Gyeonggi,37.4112,127.2579,28,o3,9,8,9.1,2.6,3.9,28.2,24,100,1013.5,0.5,,24
2025-08-13T07:00:00+09:00,Nagoya,35.1814464,136.906398,42,pm25,42,19,10.2,1.5,3.4,13.6,30,74,1015.9,1.9,,
2025-08-13T08:00:00+09:00,Fukuoka,33.5903547,130.4017155,38,pm25,38,25,3.8,1.5,2.3,8.8,28,84.8,1015,4.8,,
2025-08-13T07:00:00+09:00,Kawasaki,35.5309058,139.7030511,55,pm25,55,22,14.9,1.5,3.4,7.3,27,92,1016,1.8,,
2025-08-13T07:00:00+08:00,Shenzhen,22.543099,114.057868,42,pm25,42,35,12.4,4.1,8.2,17.5,29.3,84.7,1007,0.5,,
2025-08-13T07:00:00+08:00,Zhongshan (Taiwan),25.062361,121.526528,25,pm25,25,15,6,0.9,2.3,4.6,28,83,1006,5.6,,25
2025-08-13T07:00:00+08:00,Chongqing,29.56301,106.551557,65,pm25,65,30,8.7,2.1,5.5,18.7,25,88,1010,1.5,,
2025-08-13T02:00:00+03:00,Istanbul (Turkey),41.015278,29.025,58,pm25,58,24,4.3,1.4,14.7,43.7,24.1,87.5,1011.1,5.1,,21.9
2025-08-13T09:00:00+07:00,Hanoi,21.0491,105.8831,69,pm25,69,52,21,15,11,23,31,81.5,1007.5,2,,27.5
2025-08-13T08:00:00+07:00,Bangkok,13.7563309,100.5017651,46,pm25,46,21,0.6,0.6,0.1,4.8,27.2,98.8,1007.9,1,,
2025-08-13T07:00:00+05:30,Delhi,28.6341,77.2005,97,pm25,97,75,5,2,10,11.6,24.166666666666668,91.2,985.4666666666667,0.4666666666666666,10.2,25
2025-08-13T07:00:00+05:30,Mumbai,19.0863,72.8888,97,pm25,97,56,1.3,14.9,0.6,11.5,27,99.92,1003.7650000000001,44.17,10.8,25
2025-08-13T11:00:00+09:00,Seoul,37.566535,126.9779692,43,o3,5,8,13.8,4.2,4.3,43.1,22.7,95.8,1001.7,3.6,,
2025-08-13T10:00:00+08:00,Beijing,39.954592,116.468117,68,pm25,68,22,7.4,1.1,7.3,30.1,27,74,1011,1.5,,
2025-08-13T09:00:00+08:00,Shanghai,31.2047372,121.4489017,38,pm25,38,24,4.2,4.1,4.6,15.9,33.5,55,1011,7.2,,
2025-08-13T10:00:00+09:00,Shinjuku (Tokyo),35.713889,139.705556,13,pm25,13,10,8.4,1.5,2.3,17.6,28.9,70.9,1014,2.5,,23.1
2025-08-13T10:00:00+09:00,Osaka,34.6937378,135.5021651,50,pm25,50,31,9.3,5.8,0.1,8.8,31,80,1016,3,,
2025-08-13T01:00:00+02:00,Paris,48.856614,2.3522219,72,pm25,72,41,39.3,0.6,0.1,30.1,23.8,69.3,1016.6,0.6,,
2025-08-13T01:00:00+01:00,London,51.5073509,-0.1277583,68,pm25,68,37,21.6,1.1,2.7,15,18.2,77.2,1015.8,0.1,,
2025-08-13T03:00:00+02:00,Frankfurt,50.075464,8.576305,53,pm25,53,17,,0.5,0.1,4.1,20.5,66,1014,2.3,11.3,14
2025-08-13T04:00:00+02:00,Hamburg,53.564486,9.96834,46,pm25,46,26,4.2,1.6,0.1,26.4,18,82,1016,2.3,10.8,15
2025-08-13T03:00:00+03:00,Moscow,55.791842,37.578405,38,pm25,38,10,16.5,0.3,1,10.4,16.1,78.5,1017.7,3,6,
2025-08-13T09:00:00+08:00,Wuhan,30.593099,114.305393,46,pm25,46,18,6.9,3.6,2.8,,26,100,1008,0.5,,
2025-08-13T04:00:00+02:00,Warsaw (Poland),52.225171,21.014783,35,pm25,35,17,22.2,2,0.1,12,16,63,1021,1.5,,9
2025-08-13T10:00:00+09:30,Winnellie (Australia),-12.424323299931126,130.89335024356842,55,pm25,55,17,1.1,1,4.7,9.8,27.9,53.4,1012.3,9.24,,18
2025-08-13T07:00:00+05:30,Bangalore (India),13.0270199,77.494094,51,pm10,45,51,6.1,2.3,0.3,10.5,20,93.8,951.33,0.9450000000000001,,19
2025-08-13T07:00:00+05:30,Chennai (India),13.1278,80.2642,13,pm25,13,12,2.4,0.8,3.7,,29.064999999999998,67.27,82780.45,1.3,12.8,23
2025-08-12T20:00:00-04:00,Boston,42.325184,-71.05608,59,pm25,59,22,7.5,0.6,4.5,45.6,26.4,62,1015.2,,,
2025-08-12T20:00:00-04:00,Georgia,33.68797,-84.29048,21,pm25,21,11,3.8,0.2,2.3,4.8,26.1,57.5,1016.2,1.3,0.9,
2025-08-12T19:00:00-07:00,Phoenix,33.403055555556,-112.07527777778,42,o3,23,28,4.7,,1.2,41.6,43,12,1006.4,8.2,10.2,8
2025-08-12T18:00:00-06:00,Denver,39.732146,-105.015317,22,o3,46,70,5.5,0.6,3,21.6,30,28,1018.9,9,8,
2025-08-13T10:00:00+09:00,Daegu,35.8714354,128.601445,46,pm25,46,22,17.9,3.5,6,12.6,7.1,71,1016,3.9,,
2025-08-13T10:00:00+09:00,Gyeonggi,37.4112,127.2579,46,o3,13,9,8.9,2.6,3.5,46.2,23,100,1013.5,2.5,,23
2025-08-13T10:00:00+09:00,Nagoya,35.1814464,136.906398,46,pm25,46,14,6.5,1.5,2.3,22.4,32.2,64,1016.1,2.8,,
2025-08-13T11:00:00+09:00,Fukuoka,33.5903547,130.4017155,59,pm25,59,31,4.7,4.3,2.3,15.2,33,62,1016,5.6,,
2025-08-13T10:00:00+09:00,Kawasaki,35.5309058,139.7030511,30,pm25,30,13,13.9,1.5,3.4,21.6,30,78,1016,3,,
2025-08-13T09:00:00+08:00,Shenzhen,22.543099,114.057868,55,pm25,55,29,18.3,7.1,8.2,17.1,30.3,80.6,1008,1.5,,
2025-08-13T10:00:00+08:00,Zhongshan (Taiwan),25.062361,121.526528,25,pm25,25,22,7,0.9,2.8,7.9,31,74.3,1005.6,8.7,13.8,26
2025-08-13T09:00:00+08:00,Chongqing,29.56301,106.551557,57,pm25,57,31,10.1,3.6,7.3,20.8,26,83,1010,2.5,,
2025-08-13T04:00:00+03:00,Istanbul (Turkey),41.015278,29.025,58,pm25,58,25,2.3,1.5,14.7,42.3,23.9,80.3,1010.7,5.6,,20.3
2025-08-13T10:00:00+07:00,Hanoi,21.0491,105.8831,58,pm25,58,50,19,14,8,18,32,79,1008,2.3,,28
2025-08-13T10:00:00+07:00,Bangkok,13.7563309,100.5017651,38,pm25,38,19,0.6,0.6,0.1,4.8,30.8,8.6,1009.5,1,,
2025-08-13T09:00:00+05:30,Delhi,28.6341,77.2005,102,pm25,102,73,3.9,1.2,7.5,9.2,27.1,77.7,985.8,0.6,10.2,25.5
2025-08-13T09:00:00+05:30,Mumbai,19.0863,72.8888,107,pm25,107,63,1.4,14.8,0.8,11.7,28,99.92,1004.19,27.39,10.8,25
2025-08-13T11:00:00+08:00,Beijing,39.954592,116.468117,50,pm25,50,14,5.1,1.6,6.4,35.4,26,65,1011,4.6,,
2025-08-13T11:00:00+08:00,Shanghai,31.2047372,121.4489017,30,pm25,30,23,4.2,4.1,4.6,23.2,35,53,1010,7.7,,
2025-08-13T11:00:00+09:00,Shinjuku (Tokyo),35.713889,139.705556,13,pm25,13,8,9.3,1.5,4.5,31.2,30.4,63.1,1013.9,2.5,,22.6
2025-08-13T12:00:00+09:00,Osaka,34.6937378,135.5021651,50,pm25,50,31,10.2,7.2,0.1,20,33,62,1015,3,,
2025-08-13T02:00:00+02:00,Paris,48.856614,2.3522219,37,pm10,74,37,31.8,0.6,0.1,28.7,23.3,72,1016.9,0.5,,
2025-08-13T03:00:00+01:00,London,51.5073509,-0.1277583,72,pm25,72,33,27.5,1.3,2.5,12.9,16.8,83.3,1015.3,0.1,,
2025-08-13T05:00:00+02:00,Frankfurt,50.075464,8.576305,55,pm25,55,30,,0.5,0.1,3.8,19,72,1014,1.2,11.3,14
2025-08-13T05:00:00+02:00,Hamburg,53.564486,9.96834,46,pm25,46,27,4.2,1.6,0.1,25.2,18,82,1015.5,1.5,10.8,15
2025-08-13T11:00:00+08:00,Wuhan,30.593099,114.305393,50,pm25,50,18,10.1,4.6,6.4,,28,94,1009,1.5,,
2025-08-13T05:00:00+02:00,Warsaw (Poland),52.225171,21.014783,35,pm25,35,17,22.9,2,0.1,12,15,67,1021,1,,9
2025-08-13T13:00:00+09:30,Winnellie (Australia),-12.424323299931126,130.89335024356842,52,pm25,52,17,1,1.1,4.9,12.2,30.3,45,1010.7,10.309999999999999,,15.6
2025-08-13T09:00:00+05:30,Bangalore (India),13.0270199,77.494094,52,pm10,45,52,7.2,3.7,3.8,10.4,21,93.8,951.43,0.94,,19.5
2025-08-13T09:00:00+05:30,Chennai (India),13.1278,80.2642,54,pm25,54,22,2.9,1,10,,29.02,69.57,82887,0.97,12.8,24
2025-08-12T22:00:00-04:00,Boston,42.325184,-71.05608,56,pm25,56,20,8.4,0.6,4.5,42.4,24.2,73,1014.9,,,
2025-08-12T21:00:00-04:00,Georgia,33.68797,-84.29048,22,pm25,22,12,3.8,0.2,2.3,3.2,25.6,56.5,1016.6,1.3,1,
2025-08-12T20:00:00-07:00,Phoenix,33.403055555556,-112.07527777778,37,o3,28,29,4.7,,1.2,36.8,42,13,1007.1,4.6,10.2,9
2025-08-13T09:00:00+05:30,Hyderabad (India),17.417094,78.457437,151,pm25,151,68,11.3,13.6,4.4,6.9,24,80.34,1008,2.42,10.2,22
2025-08-12T20:00:00-06:00,Denver,39.732146,-105.015317,19,pm10,17,19,5.5,0.6,2.2,18.7,28.3333,29,1019.5,9,10,
2025-08-13T11:00:00+09:00,Daegu,35.8714354,128.601445,61,pm25,61,30,13.1,3.5,7.3,23.2,7.1,71,1016,3.9,,
2025-08-13T12:00:00+09:00,Gyeonggi,37.4112,127.2579,36,o3,13,5,10.1,2.6,3.9,35.9,26,88,1011.5,5.1,,24
2025-08-13T11:00:00+09:00,Nagoya,35.1814464,136.906398,46,pm25,46,13,6.5,1.5,2.3,28.1,34.1,57.9,1015.3,3.5,,
2025-08-13T12:00:00+09:00,Fukuoka,33.5903547,130.4017155,59,pm25,59,32,7.5,4.3,3.4,20.8,34,59,1015,3,,
2025-08-13T11:00:00+09:00,Kawasaki,35.5309058,139.7030511,34,o3,21,6,13,1.5,3.4,33.6,30,70,1016,3,,
2025-08-13T11:00:00+08:00,Shenzhen,22.543099,114.057868,70,pm25,70,34,11.5,4.6,7.3,22.4,32.9,78,1007,5,,
2025-08-13T11:00:00+08:00,Zhongshan (Taiwan),25.062361,121.526528,38,pm25,38,30,6.4,1,1.9,11,32,68,1004.5,10.5,16.9,25.5
2025-08-13T11:00:00+08:00,Chongqing,29.56301,106.551557,57,pm25,57,26,7.4,2.6,5.5,39,30,66,1010,1.5,,
2025-08-13T06:00:00+03:00,Istanbul (Turkey),41.015278,29.025,57,pm25,57,25,1.6,1.5,14.5,37.2,23.9,78.8,1011.2,5.1,,20
2025-08-13T11:00:00+07:00,Hanoi,21.0491,105.8831,55,pm25,55,49,22,11,9,10,30,84,1008.5,2,,27
2025-08-13T11:00:00+07:00,Bangkok,13.7563309,100.5017651,41,pm25,41,19,0.6,0.6,0.1,4.8,32.4,82.9,1009.7,2,,
2025-08-13T10:00:00+05:30,Delhi,28.6341,77.2005,72,pm25,72,71,3.3,1.1,6.6,16.2,27.75,74.475,985.6500000000001,0.32499999999999996,10.2,25
2025-08-13T10:00:00+05:30,Mumbai,19.0863,72.8888,91,pm25,91,54,1.3,14.8,0.5,11.4,28,99.92,1004.35,27.366666666666664,10.8,25
2025-08-13T13:00:00+09:00,Seoul,37.566535,126.9779692,21,pm25,21,10,16,4.3,4.3,19.3,23.7,97.6,1000.9,1.5,,
2025-08-13T12:00:00+08:00,Beijing,39.954592,116.468117,39,o3,13,6,2.8,1.6,4.6,38.6,27,65,1010,2.5,,
2025-08-13T12:00:00+08:00,Shanghai,31.2047372,121.4489017,38,pm25,38,22,3.7,4.1,4.6,23.2,35,53,1010,6.6,,
2025-08-13T13:00:00+09:00,Osaka,34.6937378,135.5021651,42,pm25,42,20,7.5,7.2,0.1,28.1,33,65,1015,3,,
2025-08-13T03:00:00+02:00,Paris,48.856614,2.3522219,34,pm10,64,34,24.9,0.6,0.1,26.6,22.7,75.2,1016.9,0.5,,
2025-08-13T04:00:00+01:00,London,51.5073509,-0.1277583,78,pm25,78,33,17.6,1.3,2.5,9.5,16.2,82.2,1015.3,0.1,,
2025-08-13T06:00:00+02:00,Frankfurt,50.075464,8.576305,52,pm25,52,19,,0.5,0.1,1.6,17.5,79.5,1014.5,1,11.3,14
2025-08-13T06:00:00+03:00,Moscow,55.791842,37.578405,42,pm25,42,10,15.6,0.3,2.8,6.8,15.5,81,1018.7,4,6,
2025-08-13T12:00:00+08:00,Wuhan,30.593099,114.305393,53,pm25,53,20,10.6,6.1,18.1,,30,84,1009,1.5,,
2025-08-13T06:00:00+02:00,Warsaw (Poland),52.225171,21.014783,40,pm25,40,22,26,2,0.1,12,14,76,1022,1,,10
2025-08-13T10:00:00+05:30,Bangalore (India),13.0270199,77.494094,53,pm25,53,53,7.2,4.7,3.8,10.5,21,93.775,951.4325,0.935,,20
2025-08-13T10:00:00+05:30,Chennai (India),13.1278,80.2642,58,pm25,58,24,3.4,1.1,10.4,,29.05,69.1925,82878.425,1.085,12.8,24
2025-08-12T23:00:00-04:00,Boston,42.325184,-71.05608,56,pm25,56,19,8.4,0.8,4.5,40,23.3,77,1014.7,,,
2025-08-12T22:00:00-04:00,Georgia,33.68797,-84.29048,24,pm25,24,14,2.5,0.2,2.3,2.4,25.5,56.7,1016.6,1.3,0.8,
2025-08-12T21:00:00-07:00,Phoenix,33.403055555556,-112.07527777778,37,pm25,37,30,4.7,,2.3,28.9,41,15,1007.1,2.5,10.2,10
2025-08-13T10:00:00+05:30,Hyderabad (India),17.417094,78.457437,152,pm25,152,66,11.3,13.7,5.7,6.9,24,79.45500000000001,1008,2.43,10.2,22
2025-08-13T13:00:00+09:00,Daegu,35.8714354,128.601445,55,pm25,55,18,10.7,4.3,6.3,23.2,7.1,71,1016,3.9,,
2025-08-13T12:00:00+09:00,Nagoya,35.1814464,136.906398,38,pm25,38,11,5.6,1.5,1.2,28.9,35,56,1014.9,2.9,,
2025-08-13T13:00:00+09:00,Fukuoka,33.5903547,130.4017155,63,pm25,63,30,12.1,2.9,3.4,25.6,33.6,64.2,1015,5.1,,
2025-08-13T12:00:00+09:00,Kawasaki,35.5309058,139.7030511,37,o3,25,10,13,1.5,2.3,36.8,30,70,1016,2.5,,
2025-08-13T12:00:00+08:00,Shenzhen,22.543099,114.057868,87,pm25,87,45,10.6,4.1,7.3,33.3,33.7,72.3,1006,1.5,,
2025-08-13T12:00:00+08:00,Zhongshan (Taiwan),25.062361,121.526528,46,pm25,46,39,5,0.8,1.6,12.4,33,62,1004,12.6,19.3,25
2025-08-13T12:00:00+08:00,Chongqing,29.56301,106.551557,59,pm25,59,24,6.4,2.6,5.5,57.8,32,62,1010,2.5,,
2025-08-13T07:00:00+03:00,Istanbul (Turkey),41.015278,29.025,56,pm25,56,25,6.7,1.6,14.4,34.7,24,80.8,1011.3,4.6,,20.5
2025-08-13T12:00:00+07:00,Hanoi,21.0491,105.8831,66,pm25,66,50,25,10,11,21,27,85.5,1007,2.5,,24.5
2025-08-13T12:00:00+07:00,Bangkok,13.7563309,100.5017651,41,pm25,41,21,0.6,0.6,0.1,4.8,32.1,8.4,1009.2,3.6,,
2025-08-13T11:00:00+05:30,Delhi,28.6341,77.2005,76,pm25,76,67,3.4,1.9,5.5,16.9,29.275,69.69999999999999,985.4250000000001,0.35000000000000003,10.2,25
2025-08-13T11:00:00+05:30,Mumbai,19.0863,72.8888,105,pm25,105,62,1.3,14.9,0.6,11.7,29,99.87,1004.4333333333334,28.393333333333334,10.8,25
2025-08-13T14:00:00+09:00,Seoul,37.566535,126.9779692,15,o3,13,12,10,4.3,3.2,15.2,23.7,97.6,1000.9,1.5,,
2025-08-13T13:00:00+08:00,Beijing,39.954592,116.468117,41,o3,13,6,2.3,1.6,4.6,41.1,27,57,1010,2.5,,
2025-08-13T13:00:00+08:00,Shanghai,31.2047372,121.4489017,42,pm25,42,23,3.2,4.1,4.6,28.5,35,56,1009,6.6,,
2025-08-13T13:00:00+09:00,Shinjuku (Tokyo),35.713889,139.705556,30,pm25,30,6,9.3,1.5,3.4,35.2,30.6,63.2,1013.5,3.6,,22.8
2025-08-13T04:00:00+02:00,Paris,48.856614,2.3522219,64,pm25,64,37,26.8,0.6,0.1,26.6,22.7,76,1016.9,0.5,,
2025-08-13T05:00:00+01:00,London,51.5073509,-0.1277583,76,pm25,76,34,20.1,1.1,2.8,17.1,16.1,84,1015.5,0.1,,
2025-08-13T07:00:00+02:00,Frankfurt,50.075464,8.576305,57,pm25,57,41,,0.5,0.1,1.3,18,77,1015,1,11.3,14
2025-08-13T07:00:00+02:00,Hamburg,53.564486,9.96834,27,pm10,46,27,6.9,1.6,0.1,20.8,17,82,1016,1.5,10.8,14
2025-08-13T07:00:00+03:00,Moscow,55.791842,37.578405,55,pm25,55,10,18.8,0.3,7,5.9,16.6,76,1018.6,6,7,
2025-08-13T13:00:00+08:00,Wuhan,30.593099,114.305393,50,pm25,50,15,6,3.1,1.9,,29,88,1008,1.5,,
2025-08-13T07:00:00+02:00,Warsaw (Poland),52.225171,21.014783,47,pm25,47,25,30.3,2,0.1,12,17,63,1022,2,,10
2025-08-13T14:00:00+09:30,Winnellie (Australia),-12.424323299931126,130.89335024356842,48,pm25,48,17,1.1,1.2,4.6,12.7,32.3,33,1008.9,8.77,,13
2025-08-13T00:00:00-04:00,Boston,42.325184,-71.05608,54,pm25,54,18,7.5,0.6,4.5,36.1,22.7,81,1014.5,,,
2025-08-12T23:00:00-04:00,Georgia,33.68797,-84.29048,25,pm25,25,14,1.3,0.2,2.3,2.4,25.5,56.2,1017.4,1.3,0.7,
2025-08-12T22:00:00-07:00,Phoenix,33.403055555556,-112.07527777778,43,pm25,43,30,4.7,,2.3,26.4,39,18,1007.7,4.1,10.2,11
2025-08-12T22:00:00-06:00,Denver,39.732146,-105.015317,17,pm25,17,13,3.7,0.6,1.8,16.7,26.1111,33,1019.7,9,14,
2025-08-13T13:00:00+09:00,Nagoya,35.1814464,136.906398,29,o3,5,11,3.8,1.5,1.2,28.9,33.2,55.9,1008.8,1.7,,
2025-08-13T14:00:00+09:00,Fukuoka,33.5903547,130.4017155,46,pm25,46,34,7.5,1.5,3.4,19.2,33,67.8,1015,5.6,,
2025-08-13T13:00:00+09:00,Kawasaki,35.5309058,139.7030511,41,o3,34,10,8.4,2.9,2.3,40.8,30,66,1015,3.6,,
2025-08-13T13:00:00+08:00,Shenzhen,22.543099,114.057868,134,pm25,134,53,6.4,4.1,6.4,46.3,34.4,71.5,1005,1.5,,
2025-08-13T13:00:00+08:00,Zhongshan (Taiwan),25.062361,121.526528,42,pm25,42,30,4.6,0.9,1.6,12.5,32,66,1003,14.6,20.3,25
2025-08-13T13:00:00+08:00,Chongqing,29.56301,106.551557,86,o3,59,24,6.4,3.1,5.5,86.4,33,55,1009,1.5,,
2025-08-13T08:00:00+03:00,Istanbul (Turkey),41.015278,29.025,56,pm25,56,25,10.1,1.6,14.3,32.6,26,78.2,1011.3,5.6,,21.9
2025-08-13T13:00:00+07:00,Hanoi,21.0491,105.8831,69,pm25,69,49,16,10,4,19,33,70,1006,1,,27
2025-08-13T13:00:00+07:00,Bangkok,13.7563309,100.5017651,48,pm25,48,25,0.6,0.6,0.1,4.8,32.5,61.3,1007.2,3.6,,
2025-08-13T12:00:00+05:30,Delhi,28.6341,77.2005,65,pm10,57,65,4.1,1.1,5.2,15.1,30.349999999999998,67.6,985.5500000000001,0.55,10.2,24
2025-08-13T12:00:00+05:30,Mumbai,19.0863,72.8888,106,pm25,106,62,1.3,14.8,0.5,11.2,28,99.92,1004.24,27.4025,10.8,25
2025-08-13T15:00:00+09:00,Seoul,37.566535,126.9779692,17,pm25,17,13,8.8,4.5,3.2,10,26.6,91.5,1001,5.1,,
2025-08-13T14:00:00+08:00,Beijing,39.954592,116.468117,44,o3,13,6,2.3,1.6,3.7,43.9,27,61,1009,1.5,,
2025-08-13T14:00:00+08:00,Shanghai,31.2047372,121.4489017,42,pm25,42,26,3.2,4.1,4.6,32.5,36,50,1009,7.7,,
2025-08-13T14:00:00+09:00,Shinjuku (Tokyo),35.713889,139.705556,21,pm25,21,9,7.5,1.5,3.4,35.2,30.7,58,1012.9,3.6,,21.5
2025-08-13T15:00:00+09:00,Osaka,34.6937378,135.5021651,57,pm25,57,30,8.4,5.8,0.1,26.4,34,59,1014,3,,
2025-08-13T05:00:00+02:00,Paris,48.856614,2.3522219,72,pm25,72,41,36.4,0.6,0.1,12.8,23.7,70.5,1017.4,0.5,,
2025-08-13T06:00:00+01:00,London,51.5073509,-0.1277583,82,pm25,82,35,23.4,1.1,2.8,14.3,16.2,83.9,1015.5,0.3,,
2025-08-13T08:00:00+02:00,Frankfurt,50.075464,8.576305,56,pm25,56,40,,0.5,0.1,2,20,75,1015,0.5,11.3,15.5
2025-08-13T08:00:00+03:00,Moscow,55.791842,37.578405,55,pm25,55,16,20.2,0.4,7.5,7.5,16.8,73.6,1018.5,4.4,6.8,
2025-08-13T14:00:00+08:00,Wuhan,30.593099,114.305393,50,pm25,50,16,4.6,3.1,1.9,,29,88,1008,1.5,,
2025-08-13T08:00:00+02:00,Warsaw (Poland),52.225171,21.014783,48,pm25,48,28,26.6,2,0.1,12,19.5,55.5,1021,2.5,,10.5
2025-08-13T15:00:00+09:30,Winnellie (Australia),-12.424323299931126,130.89335024356842,67,pm25,67,32,1,1.1,4.7,10.2,30.8,54.4,1008.6,10.33,,20.4
2025-08-13T12:00:00+05:30,Bangalore (India),13.0270199,77.494094,59,pm10,56,59,8.5,3.5,3.8,10.6,21,93.7,951.39,0.9,,20
2025-08-13T12:00:00+05:30,Chennai (India),13.1278,80.2642,33,pm25,33,21,2.5,0.2,3.7,,29.3175,68.5325,82871.2,1.54,12.8,23
2025-08-13T01:00:00-04:00,Boston,42.325184,-71.05608,53,pm25,53,18,6.5,0.6,3.4,36.1,22.2,83,1014.2,,,
2025-08-13T00:00:00-04:00,Georgia,33.68797,-84.29048,27,pm25,27,18,1.5,0.2,2.5,2.4,25.5,54,1017.8,0.2,2,
2025-08-12T23:00:00-07:00,Phoenix,33.403055555556,-112.07527777778,27,o3,18,22,4.7,,1.2,27.2,38,21,1008.1,4.6,10.2,12
2025-08-13T12:00:00+05:30,Hyderabad (India),17.417094,78.457437,117,pm25,117,67,8.6,11.2,6.2,6.9,24,89.655,1008,2.0125,10.2,22
2025-08-13T14:00:00+09:00,Daegu,35.8714354,128.601445,27,o3,17,9,7.5,3.2,2.8,27,7.1,71,1016,3.9,,
2025-08-13T14:00:00+09:00,Nagoya,35.1814464,136.906398,42,pm25,42,11,3.8,1.5,1.2,28.1,35.5,54.5,1014.4,2.7,,
2025-08-13T15:00:00+09:00,Fukuoka,33.5903547,130.4017155,55,pm25,55,33,6.5,1.5,2.3,20,32,66,1015,5.1,,
2025-08-13T14:00:00+09:00,Kawasaki,35.5309058,139.7030511,42,pm25,42,10,8.4,2.9,2.3,40.8,30,70,1015,3,,
2025-08-13T14:00:00+08:00,Shenzhen,22.543099,114.057868,152,pm25,152,57,6,4.1,6.4,71.4,35.7,74.2,1005,2.5,,
2025-08-13T14:00:00+08:00,Zhongshan (Taiwan),25.062361,121.526528,39,pm10,34,39,3.8,0.9,1.5,12.7,31.3,66,1002.6,14,22.3,24.3
2025-08-13T14:00:00+08:00,Chongqing,29.56301,106.551557,92,o3,61,21,5.5,3.1,5.5,91.6,33,55,1009,2.5,,
2025-08-13T09:00:00+03:00,Istanbul (Turkey),41.015278,29.025,56,pm25,56,25,10.1,1.6,14.2,32.8,26,78.2,1011.3,5.6,,21.9
2025-08-13T14:00:00+07:00,Hanoi,21.0491,105.8831,-,pm25,62,45,24,10,6,19,34,63,1004,2,,26
2025-08-13T14:00:00+07:00,Bangkok,13.7563309,100.5017651,49,pm25,49,22,0.6,0.6,0.1,4.8,32.5,69.5,1007.2,1.5,,
2025-08-13T16:00:00+09:00,Seoul,37.566535,126.9779692,13,pm25,13,12,8.8,4.5,3.2,9.7,26.7,93.7,1001,3,,
2025-08-13T15:00:00+08:00,Beijing,39.954592,116.468117,46,o3,13,6,3.2,2.6,3.7,46.3,29,51,1009,1.5,,
2025-08-13T15:00:00+09:00,Shinjuku (Tokyo),35.713889,139.705556,25,pm25,25,6,7.5,1.5,3.4,35.2,30.7,58,1012.9,3.6,,21.5
2025-08-13T16:00:00+09:00,Osaka,34.6937378,135.5021651,53,pm25,53,31,8.4,7.2,0.1,24.8,34,56,1014,4.1,,
2025-08-13T09:00:00+02:00,Frankfurt,50.075464,8.576305,58,pm25,58,41,,0.5,0.1,10.3,23,60,1016,1,11.3,15
2025-08-13T09:00:00+02:00,Hamburg,53.564486,9.96834,50,pm25,50,27,9.6,1.6,0.1,21.6,21,68,1016,2.3,10.8,15
2025-08-13T09:00:00+03:00,Moscow,55.791842,37.578405,57,pm25,57,16,24.3,0.4,10.3,8.3,18.2,64.4,1018.6,6.2,9,
2025-08-13T09:00:00+02:00,Warsaw (Poland),52.225171,21.014783,54,pm25,54,45,29.3,2,0.1,12,22,49,1021,2,,11
2025-08-13T16:00:00+09:30,Winnellie (Australia),-12.424323299931126,130.89335024356842,42,pm25,42,20,0.9,0.9,4.7,10.1,30.5,57,1008.4,10.89,,20.7
2025-08-13T02:00:00-04:00,Boston,42.325184,-71.05608,52,pm25,52,16,6.5,0.6,3.4,32,21.6,85.6,1013.9,,,
2025-08-13T01:00:00-04:00,Georgia,33.68797,-84.29048,26,pm25,26,16,1.9,0.2,2.4,2.4,25,54.4,1017.3,1.3,1.7,
2025-08-13T00:00:00-07:00,Phoenix,33.403055555556,-112.07527777778,29,o3,21,19,4.7,,1.2,28.9,38,21,1008.8,5.6,10.2,12
2025-08-13T16:00:00+09:00,Daegu,35.8714354,128.601445,22,o3,13,9,6.7,3.2,2.5,21.6,7.1,71,1016,3.9,,
2025-08-13T15:00:00+09:00,Nagoya,35.1814464,136.906398,30,pm25,30,10,3.8,1.5,1.2,28.1,34.4,59,1014.4,2.6,,
2025-08-13T16:00:00+09:00,Fukuoka,33.5903547,130.4017155,57,pm25,57,30,4.7,2.9,2.3,16,31,70,1015,4.6,,
2025-08-13T15:00:00+09:00,Kawasaki,35.5309058,139.7030511,43,o3,42,12,10.2,4.3,3.4,43.2,30,66,1015,2.5,,
2025-08-13T15:00:00+08:00,Zhongshan (Taiwan),25.062361,121.526528,30,pm25,30,20,4.2,0.9,1.6,13.1,30,70,1002,13.8,18.5,24
2025-08-13T15:00:00+08:00,Chongqing,29.56301,106.551557,99,o3,65,23,5.1,3.1,5.5,98.8,35,49,1008,2.5,,
2025-08-13T10:00:00+03:00,Istanbul (Turkey),41.015278,29.025,55,pm25,55,24,10,1.5,14,33.6,26.2,78.2,1011.2,7.2,,22.1
2025-08-13T15:00:00+07:00,Hanoi,21.0491,105.8831,-,pm25,57,42,22,10,5,19,34,66,1003,1,,27
2025-08-13T15:00:00+07:00,Bangkok,13.7563309,100.5017651,35,pm25,35,23,0.6,0.6,0.1,4.8,34.5,7.7,1007.2,1,,
2025-08-13T14:00:00+05:30,Delhi,28.6341,77.2005,93,pm25,93,74,4.7,1.1,5.5,22.1,33.825,61.125,985.675,0.7,10.2,24
2025-08-13T14:00:00+05:30,Mumbai,19.0863,72.8888,97,pm25,97,57,1.3,14.9,0.6,11.5,28,97.68333333333334,1003.4366666666666,27.526666666666667,10.8,24
2025-08-13T17:00:00+09:00,Seoul,37.566535,126.9779692,17,pm25,17,13,10.3,4.3,3.4,8.5,26.7,91.5,1000.5,3.6,,
2025-08-13T16:00:00+08:00,Beijing,39.954592,116.468117,50,o3,13,6,3.7,2.6,3.7,49.6,30,42,1009,0.5,,
2025-08-13T16:00:00+08:00,Shanghai,31.2047372,121.4489017,57,pm25,57,31,4.2,2.1,4.6,37,36,53,1009,5.6,,
2025-08-13T16:00:00+09:00,Shinjuku (Tokyo),35.713889,139.705556,25,pm25,25,7,7.5,1.5,2.3,38.4,30.3,60.1,1013,4.1,,21.7
2025-08-13T17:00:00+09:00,Osaka,34.6937378,135.5021651,61,pm25,61,46,7.5,5.8,0.1,26.4,32.9,62,1015,2.5,,
2025-08-13T06:00:00+02:00,Paris,48.856614,2.3522219,70,pm25,70,48,32.4,0.6,0.1,19.6,25.6,62,1017.6,0.2,,
2025-08-13T08:00:00+01:00,London,51.5073509,-0.1277583,61,pm25,61,34,34.3,1.6,2.8,11.8,23.4,66.6,1015.9,3.3,,
2025-08-13T10:00:00+02:00,Frankfurt,50.075464,8.576305,57,pm25,57,32,,2.8,0.1,25.6,25.5,50,1016,1,11.3,14.5
2025-08-13T10:00:00+02:00,Hamburg,53.564486,9.96834,46,pm25,46,26,8.3,1.6,0.1,26.4,23,60,1016,3.6,10.8,15
2025-08-13T10:00:00+03:00,Moscow,55.791842,37.578405,59,pm25,59,16,26.6,0.4,10.6,11.7,19.1,59.7,1018.6,6.2,11.5,
2025-08-13T16:00:00+08:00,Wuhan,30.593099,114.305393,55,pm25,55,18,4.6,3.1,6.4,,29,88,1007,1.5,,
2025-08-13T10:00:00+02:00,Warsaw (Poland),52.225171,21.014783,48,pm25,48,39,26.4,2,0.1,12,25,41,1021,2,,11
2025-08-13T17:00:00+09:30,Winnellie (Australia),-12.424323299931126,130.89335024356842,42,pm25,42,15,1.2,0.9,4.9,10.9,29.8,56.6,1008,10.76,,20.6
2025-08-13T14:00:00+05:30,Bangalore (India),13.0270199,77.494094,87,pm25,87,43,8.8,2.3,3.8,10.5,23,93.55,951.1,0.895,,21
2025-08-13T14:00:00+05:30,Chennai (India),13.1278,80.2642,437,pm25,437,25,2.3,0.7,4,,29.339999999999996,67.9125,82779.375,1.6125,12.8,24
2025-08-13T03:00:00-04:00,Boston,42.325184,-71.05608,48,pm25,48,15,7.5,0.6,3.4,28.1,21.6,87,1013.6,,,
2025-08-13T02:00:00-04:00,Georgia,33.68797,-84.29048,24,pm25,24,15,2.4,0.2,1.2,2.4,25,56,1017.3,0.2,2.8,
2025-08-13T01:00:00-07:00,Phoenix,33.403055555556,-112.07527777778,26,o3,23,17,4.7,,1.2,26.4,38,21,1008.8,3.6,10.2,12
2025-08-13T14:00:00+05:30,Hyderabad (India),17.417094,78.457437,157,pm25,157,71,9.3,17.7,7.1,7,25,92.04,1007,2.1624999999999996,10.2,22
2025-08-13T16:00:00+09:00,Nagoya,35.1814464,136.906398,46,pm25,46,15,5.6,1.5,1.2,31.2,33.3,63,1014.4,3.3,,
2025-08-13T17:00:00+09:00,Fukuoka,33.5903547,130.4017155,42,pm25,42,25,3.8,1.5,2.3,15.2,32.6,68,1015,5.1,,
2025-08-13T16:00:00+09:00,Kawasaki,35.5309058,139.7030511,58,o3,50,29,12.1,7.2,4.5,58.4,29,74,1016,2.5,,
2025-08-13T16:00:00+08:00,Shenzhen,22.543099,114.057868,139,pm25,139,67,22,4.1,6.4,90.3,35.4,74,1003,4.6,,
2025-08-13T16:00:00+08:00,Zhongshan (Taiwan),25.062361,121.526528,30,pm25,30,29,4.5,0.9,1.5,13.9,30.5,68,1002,14.6,21.6,24
2025-08-13T16:00:00+08:00,Chongqing,29.56301,106.551557,101,o3,72,20,5.1,3.6,6.4,101.1,35,46,1007,1.5,,
2025-08-13T11:00:00+03:00,Istanbul (Turkey),41.015278,29.025,55,pm25,55,25,10,1.5,14,32.5,25.9,75.8,1011.3,9.2,,21.3
2025-08-13T16:00:00+07:00,Hanoi,21.0491,105.8831,57,pm25,57,43,26,10,7,20,34.5,62.5,1003,1,,26.5
2025-08-13T16:00:00+07:00,Bangkok,13.7563309,100.5017651,24,pm25,24,20,0.6,0.6,0.1,4.8,34,8.1,1006.2,2,,
2025-08-13T15:00:00+05:30,Delhi,28.6341,77.2005,97,pm25,97,81,4.4,1.7,5.5,28.2,31.974999999999998,62.75,985.5,0.525,10.2,25
2025-08-13T15:00:00+05:30,Mumbai,19.0863,72.8888,97,pm25,97,57,1.3,14.8,0.6,11.6,28,99.3,1002.86,27.116666666666664,10.8,24
2025-08-13T18:00:00+09:00,Seoul,37.566535,126.9779692,17,pm25,17,17,12,4.6,4.4,6.9,26.8,93.7,1001.1,2.5,,
2025-08-13T17:00:00+08:00,Beijing,39.954592,116.468117,55,o3,13,7,4.6,2.1,3.7,54.5,30,48,1009,0.5,,
2025-08-13T17:00:00+08:00,Shanghai,31.2047372,121.4489017,55,pm25,55,30,3.7,2.1,3.7,38.2,34,59,1009,6.6,,
2025-08-13T17:00:00+09:00,Shinjuku (Tokyo),35.713889,139.705556,38,pm25,38,11,9.3,1.5,2.3,38.4,29.6,62.2,1013.3,3.6,,21.6
2025-08-13T18:00:00+09:00,Osaka,34.6937378,135.5021651,50,pm25,50,33,10.2,5.8,0.1,26.4,32.9,67,1015,2.5,,
2025-08-13T08:00:00+02:00,Paris,48.856614,2.3522219,59,pm25,59,41,29.1,0.6,0.1,34.4,27.7,51,1017.3,0.2,,
2025-08-13T11:00:00+02:00,Frankfurt,50.075464,8.576305,55,pm25,55,27,,1.7,0.1,33.3,26.5,54,1016,1.5,11.3,16.5
2025-08-13T11:00:00+02:00,Hamburg,53.564486,9.96834,46,pm25,46,26,5.1,1.6,0.1,32.9,24.5,58.5,1016,3.8,10.8,16
2025-08-13T11:00:00+03:00,Moscow,55.791842,37.578405,57,pm25,57,10,29.8,0.4,9.7,13.9,20.5,52,1018.9,9,15,
2025-08-13T17:00:00+08:00,Wuhan,30.593099,114.305393,50,pm25,50,25,4.6,3.6,6.4,,29,83,1007,1.5,,
2025-08-13T11:00:00+02:00,Warsaw (Poland),52.225171,21.014783,41,pm25,41,29,26.3,2,0.1,12,27,34,1021,3,,10
2025-08-13T15:00:00+05:30,Chennai (India),13.1278,80.2642,999,pm25,999,35,2.1,0.8,3.2,,29.1375,67.72749999999999,82717.75,1.7249999999999999,12.8,24
2025-08-13T04:00:00-04:00,Boston,42.325184,-71.05608,46,pm25,46,15,8.4,0.6,3.4,28.1,21.2,88.3,1013.4,,,
2025-08-13T03:00:00-04:00,Georgia,33.68797,-84.29048,23,pm25,23,15,2.4,0.2,1.5,2.4,24.4,57,1017.2,0.7,7,
2025-08-13T02:00:00-07:00,Phoenix,33.403055555556,-112.07527777778,25,o3,20,19,4.7,,1.2,24.8,37,22,1009.1,3.6,10.2,12
2025-08-13T15:00:00+05:30,Hyderabad (India),17.417094,78.457437,152,pm25,152,67,8.8,16.5,5.1,6.9,25,88.7175,1006,1.5325,10.2,22
2025-08-13T18:00:00+09:00,Daegu,35.8714354,128.601445,21,pm25,21,9,8,3.3,2.7,19,7.1,71,1016,3.9,,
2025-08-13T17:00:00+09:00,Nagoya,35.1814464,136.906398,46,pm25,46,16,6.5,1.5,3.4,29.6,32.2,65,1014.6,3,,
2025-08-13T18:00:00+09:00,Fukuoka,33.5903547,130.4017155,38,pm25,38,21,5.6,1.5,2.3,12.1,32.1,70,1015,4.3,,
2025-08-13T17:00:00+09:00,Kawasaki,35.5309058,139.7030511,58,o3,55,20,11.2,7.2,4.5,58.4,31,72,1016,2.4,,
2025-08-13T17:00:00+08:00,Shenzhen,22.543099,114.057868,122,pm25,122,63,12.4,4.1,6.4,98.8,33.6,79,1002.4,5.6,,
2025-08-13T17:00:00+08:00,Zhongshan (Taiwan),25.062361,121.526528,43,pm10,42,43,4.4,0.9,1.7,13.4,29,72,1002,12.6,19,23.5
2025-08-13T17:00:00+08:00,Chongqing,29.56301,106.551557,98,o3,68,20,4.6,3.6,5.5,98.1,33,52,1007,1.5,,
2025-08-13T17:00:00+07:00,Hanoi,21.0491,105.8831,63,pm25,63,48,22,10,6,24,35,57.5,1003,0.7,,25.5
2025-08-13T17:00:00+07:00,Bangkok,13.7563309,100.5017651,32,pm25,32,16,0.6,0.6,0.1,4.8,33.2,66.8,1005.8,3.6,,
2025-08-13T16:00:00+05:30,Delhi,28.6341,77.2005,112,pm25,112,78,2.2,1.2,5.9,25.5,30.375,69,985.575,0.75,10.2,25
2025-08-13T16:00:00+05:30,Mumbai,19.0863,72.8888,96,pm25,96,57,1.4,14.8,0.9,11.7,28,98.53333333333335,1002.4166666666666,43.94333333333333,10.8,23.5
2025-08-13T19:00:00+09:00,Seoul,37.566535,126.9779692,25,pm25,25,19,12.5,4.6,3.7,7.6,26.2,93.7,1000.6,4.6,,
2025-08-13T18:00:00+08:00,Beijing,39.954592,116.468117,53,o3,17,8,6,2.1,4.6,52.6,29,54,1009,0.5,,
2025-08-13T18:00:00+08:00,Shanghai,31.2047372,121.4489017,50,pm25,50,29,3.7,2.1,5.5,35.8,33,62,1009,7.7,,
2025-08-13T18:00:00+09:00,Shinjuku (Tokyo),35.713889,139.705556,42,pm25,42,15,8.4,1.5,4.5,40,28.9,65.2,1013.7,2.5,,21.7
2025-08-13T09:00:00+02:00,Paris,48.856614,2.3522219,82,pm25,82,48,32.4,0.6,0.1,34.4,27.7,53,1017.4,0.2,,
2025-08-13T10:00:00+01:00,London,51.5073509,-0.1277583,55,pm25,55,26,30.7,1.4,2.7,28.6,25,63,1016.2,3.3,,
2025-08-13T12:00:00+02:00,Frankfurt,50.075464,8.576305,58,pm25,58,27,,1.6,0.1,34.4,28.5,52.5,1016,1.5,11.3,18
2025-08-13T12:00:00+02:00,Hamburg,53.564486,9.96834,50,pm25,50,26,4.2,1.6,0.1,41.1,26.5,54,1016,3.3,10.8,16.5
2025-08-13T12:00:00+02:00,Warsaw (Poland),52.225171,21.014783,39,pm25,39,29,23.9,2,0.1,12,28,32,1021,2.5,,10
2025-08-13T16:00:00+05:30,Bangalore (India),13.0270199,77.494094,153,pm25,153,51,6.5,0.9,3.8,10.8,22,93.5,950.865,0.9075,,20.5
2025-08-13T16:00:00+05:30,Chennai (India),13.1278,80.2642,60,pm25,60,29,2,0.9,3.2,,29.095000000000002,67.81,82687.525,1.395,12.8,23.5
2025-08-13T05:00:00-04:00,Boston,42.325184,-71.05608,43,pm25,43,13,11.2,0.6,4.5,23.3,21.1,90,1013.5,,,
2025-08-13T04:00:00-04:00,Georgia,33.68797,-84.29048,22,pm25,22,15,2.3,0.2,1.3,2.4,23.8,57,1017.5,0.2,5.8,
2025-08-13T03:00:00-07:00,Phoenix,33.403055555556,-112.07527777778,33,pm25,33,20,4.7,,1.2,20,35,26,1009.4,3,10.2,13
2025-08-13T16:00:00+05:30,Hyderabad (India),17.417094,78.457437,164,pm25,164,80,8.8,16.2,5.4,6.9,25,84.295,1005,1.0699999999999998,10.2,22
2025-08-13T03:00:00-06:00,Denver,39.732146,-105.015317,25,pm25,25,16,3.7,0.6,1.8,16.7,22.7778,40.5,1018.1,4,7,
2025-08-13T18:00:00+09:00,Nagoya,35.1814464,136.906398,50,pm25,50,18,11.2,1.5,3.4,27.2,31.1,69,1014.8,2.3,,
2025-08-13T19:00:00+09:00,Fukuoka,33.5903547,130.4017155,37,pm10,34,37,7.5,1.5,3.4,13.6,30,74,1015,3.6,,
2025-08-13T18:00:00+09:00,Kawasaki,35.5309058,139.7030511,50,pm25,50,15,11.2,5.8,4.5,49.6,30,74,1016,3,,
2025-08-13T18:00:00+08:00,Shenzhen,22.543099,114.057868,127,pm25,127,58,19.2,4.1,7.3,94.2,32.8,84,1003.2,4.6,,
2025-08-13T18:00:00+08:00,Zhongshan (Taiwan),25.062361,121.526528,34,pm25,34,26,6.2,0.9,2.5,11.1,29,72,1003,11.5,19.2,23.5
2025-08-13T18:00:00+08:00,Chongqing,29.56301,106.551557,102,o3,65,33,4.6,2.6,5.5,101.6,34,52,1006,1.5,,
2025-08-13T13:00:00+03:00,Istanbul (Turkey),41.015278,29.025,55,pm25,55,25,5.2,1.3,14.1,31.8,26.8,76.4,1011.5,10.2,,22.3
2025-08-13T18:00:00+07:00,Hanoi,21.0491,105.8831,60,pm25,60,48,35,10,11,13,33,70,1003,2.5,,27
2025-08-13T20:00:00+09:00,Seoul,37.566535,126.9779692,15,o3,13,13,13.2,4.3,3.5,15.3,26.2,93.7,1000.6,4.6,,
2025-08-13T19:00:00+08:00,Beijing,39.954592,116.468117,44,o3,21,10,10.1,1.1,4.6,44.3,24,83,1009,0.5,,
2025-08-13T19:00:00+09:00,Shinjuku (Tokyo),35.713889,139.705556,42,pm25,42,11,8.4,1.5,4.5,31.2,28.1,64.2,1014.5,2,,20.7
2025-08-13T19:00:00+09:00,Osaka,34.6937378,135.5021651,50,pm25,50,42,13,5.8,1.2,23.3,30.6,70.8,1006.9,1.5,,
2025-08-13T13:00:00+02:00,Frankfurt,50.075464,8.576305,60,pm25,60,28,,1.3,0.1,48.7,30.5,46.5,1016,1,11.3,18
2025-08-13T13:00:00+02:00,Hamburg,53.564486,9.96834,50,pm25,50,26,3.7,1.6,0.1,45.5,28.5,48,1016,3.8,10.8,16.5
2025-08-13T13:00:00+03:00,Moscow,55.791842,37.578405,50,pm25,50,10,25.2,0.5,7.9,17.4,21,50.8,1018.7,6,10.8,
2025-08-13T13:00:00+02:00,Warsaw (Poland),52.225171,21.014783,33,pm25,33,19,19.4,2,0.1,12,29,28,1021,2.5,,9
2025-08-13T06:00:00-04:00,Boston,42.325184,-71.05608,41,pm25,41,13,13.9,0.6,5.6,17.6,21.1,92,1013.7,,,
2025-08-13T05:00:00-04:00,Georgia,33.68797,-84.29048,22,pm25,22,13,2.9,0.2,1.4,2.4,23.8,56.6,1017.1,0.2,2.4,
2025-08-13T04:00:00-07:00,Phoenix,33.403055555556,-112.07527777778,27,pm25,27,20,4.7,,1.2,19.2,34,28,1010.1,3,10.2,13
2025-08-13T04:00:00-06:00,Denver,39.732146,-105.015317,30,pm25,30,14,7.8,0.6,2.2,13.9,21.6667,46.5,1018.2,1,1,
2025-08-13T20:00:00+09:00,Daegu,35.8714354,128.601445,21,pm25,21,10,8.4,3,2.7,18.1,7.1,71,1016,3.9,,
2025-08-13T19:00:00+09:00,Nagoya,35.1814464,136.906398,50,pm25,50,19,13,1.5,3.4,29.6,30.5,74.5,1015.2,1.9,,
2025-08-13T20:00:00+09:00,Fukuoka,33.5903547,130.4017155,34,pm25,34,23,6.5,1.5,3.4,14.5,30,80.1,1016,2,,
2025-08-13T19:00:00+09:00,Kawasaki,35.5309058,139.7030511,46,pm25,46,36,18.6,4.3,4.5,41.6,29,78,1016,3.8,,
2025-08-13T19:00:00+08:00,Zhongshan (Taiwan),25.062361,121.526528,34,pm25,34,17,6.6,0.9,2.4,11.3,28.5,76,1003,12.6,17.7,24
2025-08-13T19:00:00+08:00,Chongqing,29.56301,106.551557,95,o3,89,33,5.5,2.1,5.5,94.9,33,46,1006,2.5,,
2025-08-13T14:00:00+03:00,Istanbul (Turkey),41.015278,29.025,56,pm25,56,25,6,1.4,14.1,33,26.3,79.6,1011.5,10.2,,22.5
2025-08-13T19:00:00+07:00,Hanoi,21.0491,105.8831,53,pm25,53,48,33,11,11,12,32.5,72,1003,2.5,,27
2025-08-13T19:00:00+07:00,Bangkok,13.7563309,100.5017651,46,pm25,46,24,1.8,0.6,0.1,4.8,30.4,82.7,1005.2,3,,
2025-08-13T18:00:00+05:30,Delhi,28.6341,77.2005,87,pm25,87,77,4,1.7,6.4,25.8,27.9,78,985.5,0.3,10.2,24
2025-08-13T18:00:00+05:30,Mumbai,19.0863,72.8888,116,pm25,116,67,1.4,14.9,0.8,11.6,28,97.46,1001.8166666666666,29.709999999999997,10.8,23.5
2025-08-13T21:00:00+09:00,Seoul,37.566535,126.9779692,15,o3,13,13,16.2,4.5,4.4,14.5,24.5,89.7,1002,1,,
2025-08-13T20:00:00+08:00,Beijing,39.954592,116.468117,38,o3,25,7,10.1,1.6,4.6,38.2,22,94,1010,1.5,,
2025-08-13T20:00:00+08:00,Shanghai,31.2047372,121.4489017,55,pm25,55,30,4.6,5.1,5.5,18.3,31,70,1011,5.1,,
2025-08-13T20:00:00+09:00,Shinjuku (Tokyo),35.713889,139.705556,38,pm25,38,10,5.6,1.5,4.5,31.2,28.1,64.2,1014.5,2,,20.7
2025-08-13T21:00:00+09:00,Osaka,34.6937378,135.5021651,46,pm25,46,35,14.9,7.2,0.1,10.4,30,75,1016,2.5,,
2025-08-13T11:00:00+02:00,Paris,48.856614,2.3522219,65,pm25,65,44,24.5,0.6,0.1,42.9,30.3,40.3,1016.9,0.3,,
2025-08-13T12:00:00+01:00,London,51.5073509,-0.1277583,72,pm25,72,32,27.5,1.6,2.8,27.4,25.2,64.5,1016.3,4,,
2025-08-13T14:00:00+02:00,Frankfurt,50.075464,8.576305,73,o3,62,28,,0.5,0.1,73.1,32.5,40.5,1016,1.5,11.3,17.5
2025-08-13T14:00:00+02:00,Hamburg,53.564486,9.96834,50,pm25,50,27,3.2,1.6,0.1,48.8,30,40,1016,2.5,10.8,15
2025-08-13T20:00:00+08:00,Wuhan,30.593099,114.305393,38,pm25,38,26,5.5,3.1,5.5,,27,94,1008,1.5,,
2025-08-13T14:00:00+02:00,Warsaw (Poland),52.225171,21.014783,35,pm25,35,20,27.6,2,0.1,12,30,28,1021,1,,10
2025-08-13T18:00:00+05:30,Bangalore (India),13.0270199,77.494094,159,pm25,159,65,8.4,4.3,3.8,9.5,22,93.8,950.95,0.97,,21
2025-08-13T18:00:00+05:30,Chennai (India),13.1278,80.2642,55,pm25,55,44,3.3,1.1,3.4,,29.29,72.59,82663.9,1.79,12.8,24
2025-08-13T07:00:00-04:00,Boston,42.325184,-71.05608,40,pm25,40,12,9.3,0.6,4.5,12.8,21.9,91,1013.6,,,
2025-08-13T06:00:00-04:00,Georgia,33.68797,-84.29048,20,pm25,20,11,2.3,0.2,1.3,2.4,23.8,56,1016.8,1.2,5.8,
2025-08-13T05:00:00-07:00,Phoenix,33.403055555556,-112.07527777778,24,o3,10,23,4.7,,1.2,24.1,33,29,1010.4,3,10.2,13
2025-08-13T18:00:00+05:30,Hyderabad (India),17.417094,78.457437,193,pm25,193,94,10,12.9,6.6,7.5,24.5,92.2225,1005,1.0825,10.2,22
2025-08-13T05:00:00-06:00,Denver,39.732146,-105.015317,58,pm10,55,58,11,0.6,4.6,7.4,19.4444,58,1018.4,1,0.3,
2025-08-13T20:00:00+09:00,Nagoya,35.1814464,136.906398,57,pm25,57,23,22.3,4.3,2.3,25.6,29.4,77.6,1015.7,1.8,,
2025-08-13T21:00:00+09:00,Fukuoka,33.5903547,130.4017155,38,pm25,38,26,6.5,1.5,3.4,14.5,29,79,1016,2,,
2025-08-13T20:00:00+09:00,Kawasaki,35.5309058,139.7030511,55,pm25,55,29,14.9,2.9,4.5,33.6,27,83,1017,2.5,,
2025-08-13T20:00:00+08:00,Shenzhen,22.543099,114.057868,97,pm25,97,52,18.3,4.1,7.3,88.4,31.1,86,1003.7,3.6,,
2025-08-13T20:00:00+08:00,Zhongshan (Taiwan),25.062361,121.526528,21,pm25,21,14,4.1,0.9,1.6,14.3,29,70,1004,11,18,23
2025-08-13T20:00:00+08:00,Chongqing,29.56301,106.551557,87,pm25,87,38,6.4,1.6,5.5,72.1,32,49,1007,2.5,,
2025-08-13T15:00:00+03:00,Istanbul (Turkey),41.015278,29.025,56,pm25,56,26,5.8,1.4,14.1,33.5,26.2,79.1,1011.2,10.2,,22.3
2025-08-13T20:00:00+07:00,Hanoi,21.0491,105.8831,-,pm25,59,51,34,11,11,10,32,74,1003.5,2.8,,27
2025-08-13T20:00:00+07:00,Bangkok,13.7563309,100.5017651,51,pm25,51,18,1.2,0.6,0.1,4.8,30.1,82.7,1006.7,1,,
2025-08-13T19:00:00+05:30,Delhi,28.6341,77.2005,95,pm25,95,72,4.7,1.7,6.6,22.3,27.475,79.325,985.475,0.3,10.2,25
2025-08-13T19:00:00+05:30,Mumbai,19.0863,72.8888,119,pm25,119,70,1.4,14.9,1,11.5,27,99.76666666666667,1002.3066666666667,29.673333333333332,10.8,24
2025-08-13T22:00:00+09:00,Seoul,37.566535,126.9779692,16,o3,13,6,14.1,4.3,4.2,16,24.5,91.9,1002.5,1.5,,
2025-08-13T21:00:00+08:00,Shanghai,31.2047372,121.4489017,46,pm25,46,29,5.5,5.1,5.5,11.4,31,70,1011.5,6.6,,
2025-08-13T21:00:00+09:00,Shinjuku (Tokyo),35.713889,139.705556,13,pm10,1,13,7.5,1.5,4.5,31.2,27.6,71.1,1014.8,2,,21.9
2025-08-13T22:00:00+09:00,Osaka,34.6937378,135.5021651,50,pm25,50,40,13.9,7.2,0.1,8.8,29,83,1016,1.5,,
2025-08-13T12:00:00+02:00,Paris,48.856614,2.3522219,63,pm25,63,39,22,0.6,0.1,42.9,32.9,33,1016.7,0.2,,
2025-08-13T13:00:00+01:00,London,51.5073509,-0.1277583,72,pm25,72,32,21.5,1.4,2.2,30.3,25.5,65.3,1015.9,4,,
2025-08-13T15:00:00+02:00,Frankfurt,50.075464,8.576305,84,o3,62,29,,0.5,0.1,84.3,33.5,37,1016,2.3,11.3,17
2025-08-13T21:00:00+08:00,Wuhan,30.593099,114.305393,42,pm25,42,18,8.7,2.6,5.5,,28,88,1008,2.5,,
2025-08-13T15:00:00+02:00,Warsaw (Poland),52.225171,21.014783,33,pm25,33,20,15,2,0.1,12,31,27,1020,5.1,,10
2025-08-13T19:00:00+05:30,Bangalore (India),13.0270199,77.494094,64,pm25,64,63,8.1,2.4,3.8,9.3,20,93.8,950.9975,0.97,,19
2025-08-13T19:00:00+05:30,Chennai (India),13.1278,80.2642,63,pm25,63,48,3.9,0.5,4.6,,29.314999999999998,68.9425,82680.55,1.405,12.8,24
2025-08-13T08:00:00-04:00,Boston,42.325184,-71.05608,45,pm25,45,12,9.3,0.6,4.5,12.8,23.3,87.5,1013.5,,,
2025-08-13T07:00:00-04:00,Georgia,33.68797,-84.29048,22,pm25,22,14,3.8,0.2,2.3,1.6,24.4,55,1017.2,1.3,6,
2025-08-13T06:00:00-07:00,Phoenix,33.403055555556,-112.07527777778,35,pm10,28,35,4.7,,1.2,21.6,33,29,1011.1,3.6,10.2,13
2025-08-13T19:00:00+05:30,Hyderabad (India),17.417094,78.457437,58,pm10,55,58,10.1,24.7,5.1,6.9,24,93.42333333333335,1006,2.1533333333333333,10.2,23
2025-08-13T06:00:00-06:00,Denver,39.732146,-105.015317,57,pm25,57,55,15.6,0.6,8.9,1.3,18.8889,58,1018.5,2,1.3,
2025-08-13T22:00:00+09:00,Daegu,35.8714354,128.601445,25,pm25,25,17,9.6,3,3,13.4,7.1,71,1016,3.9,,
2025-08-13T21:00:00+09:00,Nagoya,35.1814464,136.906398,55,pm25,55,25,19.5,4.3,2.3,23.3,28.8,80,1016,2.3,,
2025-08-13T22:00:00+09:00,Fukuoka,33.5903547,130.4017155,42,pm25,42,23,7.5,2.9,2.3,13.6,28,83,1016,1.5,,
2025-08-13T21:00:00+09:00,Kawasaki,35.5309058,139.7030511,55,pm25,55,19,12.1,2.9,4.5,30.4,29,80.5,1017,3,,
2025-08-13T21:00:00+08:00,Shenzhen,22.543099,114.057868,85,pm25,85,43,18.8,3.6,8.2,63,31.1,85,1003.9,2.5,,
2025-08-13T21:00:00+08:00,Zhongshan (Taiwan),25.062361,121.526528,25,pm25,25,16,3.4,0.9,1.4,15.4,29,72,1004.5,12,20.3,23.5
2025-08-13T21:00:00+08:00,Chongqing,29.56301,106.551557,82,pm25,82,43,9.6,1.6,5.5,63,31,55,1007,2.5,,
2025-08-13T16:00:00+03:00,Istanbul (Turkey),41.015278,29.025,56,pm25,56,26,5.2,1.3,14,35,26.2,79.1,1011.2,10.2,,22.3
2025-08-13T21:00:00+07:00,Hanoi,21.0491,105.8831,78,pm25,78,57,28,10,8,10,31,79,1005,0.5,,27
2025-08-13T21:00:00+07:00,Bangkok,13.7563309,100.5017651,42,pm25,42,15,1.2,0.6,0.1,4.8,30.1,82.7,1006.7,1,,
2025-08-13T20:00:00+05:30,Mumbai,19.0863,72.8888,104,pm25,104,61,1.5,14.9,1,11.4,27,99.92,1002.65,30.74333333333333,10.8,25
2025-08-13T23:00:00+09:00,Seoul,37.566535,126.9779692,17,pm25,17,9,12.7,4.2,4.4,15.6,24.6,91.9,1002.6,1.5,,
2025-08-13T22:00:00+08:00,Beijing,39.954592,116.468117,48,o3,30,15,12.8,2.6,5.5,48.4,22,94,1010.5,0.5,,
2025-08-13T22:00:00+08:00,Shanghai,31.2047372,121.4489017,34,pm25,34,27,5.1,4.6,4.6,11.4,30,74,1012,5.6,,
2025-08-13T22:00:00+09:00,Shinjuku (Tokyo),35.713889,139.705556,34,pm25,34,13,8.4,1.5,2.3,28.9,27.6,71.1,1014.8,2,,21.9
2025-08-13T23:00:00+09:00,Osaka,34.6937378,135.5021651,42,pm25,42,36,9.3,7.2,0.1,11.2,29.1,83,1016,2,,
2025-08-13T14:00:00+01:00,London,51.5073509,-0.1277583,72,pm25,72,33,24.3,1.6,2.8,13.9,26.4,64.8,1015.6,5.5,,
2025-08-13T16:00:00+02:00,Frankfurt,50.075464,8.576305,68,o3,54,28,,0.5,0.1,67.5,34,34,1015.5,2.8,11.3,16
2025-08-13T16:00:00+02:00,Hamburg,53.564486,9.96834,55,o3,50,27,2.8,1.6,0.1,55.2,31,35,1016,3.3,,14
2025-08-13T22:00:00+08:00,Wuhan,30.593099,114.305393,42,pm25,42,14,8.7,2.6,5.5,,27,94,1008,1.5,,
2025-08-13T16:00:00+02:00,Warsaw (Poland),52.225171,21.014783,29,pm25,29,16,17.6,2,0.1,12,31,27,1020,2.5,,10
2025-08-13T09:00:00-04:00,Boston,42.325184,-71.05608,45,pm25,45,23,9.3,0.6,4.5,14.5,25.1,81,1013.2,,,
2025-08-13T08:00:00-04:00,Georgia,33.68797,-84.29048,23,pm25,23,15,8.7,0.2,2.3,3.2,25.5,53,1017.1,2.5,7.7,
2025-08-13T07:00:00-07:00,Phoenix,33.403055555556,-112.07527777778,55,pm25,55,50,4.7,,1.2,20,33,29,1011.8,4.1,10.2,13
2025-08-13T07:00:00-06:00,Denver,39.732146,-105.015317,61,pm25,61,53,17,0.6,9.7,2.9,20.5556,42.3,1018.7,2,6.3,
2025-08-13T23:00:00+09:00,Daegu,35.8714354,128.601445,21,pm25,21,12,8.8,3.6,2.9,12.1,7.1,71,1016,3.9,,
2025-08-13T22:00:00+09:00,Nagoya,35.1814464,136.906398,55,pm25,55,25,14.9,2.9,2.3,23.3,28.3,81,1016.2,3.4,,
2025-08-13T23:00:00+09:00,Fukuoka,33.5903547,130.4017155,42,pm25,42,24,5.6,2.9,2.3,8.8,28,83,1016,1.5,,
2025-08-13T22:00:00+09:00,Kawasaki,35.5309058,139.7030511,50,pm25,50,19,14.9,2.9,2.3,24.8,27,83,1017,3.8,,
2025-08-13T22:00:00+08:00,Shenzhen,22.543099,114.057868,70,pm25,70,38,14.7,5.1,8.2,45.1,31,87.4,1004.3,3.6,,
2025-08-13T22:00:00+08:00,Zhongshan (Taiwan),25.062361,121.526528,46,pm25,46,13,3.3,0.8,1.4,15.1,29,70,1005,12.6,18.5,23
2025-08-13T22:00:00+08:00,Chongqing,29.56301,106.551557,85,pm25,85,48,13.3,1.6,5.5,61.7,30,62,1008,2.5,,
2025-08-13T17:00:00+03:00,Istanbul (Turkey),41.015278,29.025,57,pm25,57,26,5.2,1.3,14,35.7,26.1,77.7,1010.8,10.8,,21.9
2025-08-13T22:00:00+07:00,Hanoi,21.0491,105.8831,93,pm25,93,60,30,10,9,10,31,79,1006,1.5,,27
2025-08-13T22:00:00+07:00,Bangkok,13.7563309,100.5017651,52,pm25,52,26,0.6,0.6,0.1,4.8,30.1,10.9,1006.7,1,,
2025-08-13T21:00:00+05:30,Mumbai,19.0863,72.8888,93,pm25,93,55,1.6,14.9,1.2,11.5,27,99.92,1003.0366666666667,29.106666666666666,10.8,25
2025-08-14T00:00:00+09:00,Seoul,37.566535,126.9779692,30,pm25,30,10,10.5,4.3,4.7,17.9,24.6,91.9,1002.6,1.5,,
2025-08-13T23:00:00+08:00,Beijing,39.954592,116.468117,46,o3,30,6,10.6,4.6,10.9,45.5,21,100,1011,0.5,,
2025-08-13T23:00:00+08:00,Shanghai,31.2047372,121.4489017,38,pm25,38,25,4.6,4.6,4.6,8.2,30,74,1012,7.7,,
2025-08-13T23:00:00+09:00,Shinjuku (Tokyo),35.713889,139.705556,38,pm25,38,17,10.2,1.5,2.3,26.4,26.2,82.1,1015.1,1.5,,22.9
2025-08-13T13:00:00+02:00,Paris,48.856614,2.3522219,66,pm25,66,44,28.2,0.6,0.1,53.7,30.8,39.5,1017.2,1,,
2025-08-13T17:00:00+02:00,Frankfurt,50.075464,8.576305,78,o3,52,27,,0.5,0.1,78.2,34,34,1015,2,11.3,16
2025-08-13T17:00:00+02:00,Hamburg,53.564486,9.96834,56,o3,50,27,2.8,1.6,0.1,55.8,31,38.5,1016,3.6,,15.5
2025-08-13T23:00:00+08:00,Wuhan,30.593099,114.305393,38,pm25,38,12,7.8,2.6,6.4,,26,100,1008,1.5,,
2025-08-13T17:00:00+02:00,Warsaw (Poland),52.225171,21.014783,32,pm25,32,19,27.4,2,0.1,12,30,28,1019,3,,10
2025-08-13T20:00:00+05:30,Bangalore (India),13.0270199,77.494094,60,pm25,60,60,7.3,0.8,3.8,9.3,20,93.8,951.2133333333335,0.9433333333333334,,20
2025-08-13T20:00:00+05:30,Chennai (India),13.1278,80.2642,75,pm25,75,65,5.7,0.3,6.6,,29.326666666666664,68.86,82836.33333333333,0.4566666666666667,12.8,24
2025-08-13T08:00:00-07:00,Phoenix,33.403055555556,-112.07527777778,55,pm10,52,55,4.7,,2.3,17.6,33,29,1012.5,4.1,10.2,13
2025-08-13T20:00:00+05:30,Hyderabad (India),17.417094,78.457437,64,pm25,64,59,8.5,7.2,2.2,7,24,94.19666666666666,1007,2.01,10.2,23
2025-08-13T08:00:00-06:00,Denver,39.732146,-105.015317,53,pm25,53,41,12.4,0.6,4.8,9.8,24.4444,33,1018.6,3,8,
2025-08-13T23:00:00+09:00,Nagoya,35.1814464,136.906398,72,pm25,72,31,14.9,1.5,2.3,34.4,28.3,81,1016,2.9,,
2025-08-14T00:00:00+09:00,Fukuoka,33.5903547,130.4017155,38,pm25,38,24,5.6,1.5,2.3,7.3,28.5,85.5,1016,1.5,,
2025-08-13T23:00:00+09:00,Kawasaki,35.5309058,139.7030511,38,pm25,38,18,15.8,4.3,3.4,20,27,83,1017,3.3,,
2025-08-13T23:00:00+08:00,Shenzhen,22.543099,114.057868,68,pm25,68,40,19.7,4.6,8.2,33.3,31.1,89,1003.5,2.5,,
2025-08-13T23:00:00+08:00,Zhongshan (Taiwan),25.062361,121.526528,25,pm25,25,14,3.6,0.9,1.5,14.1,29,72,1005.5,11.3,16.4,23.5
2025-08-13T23:00:00+08:00,Chongqing,29.56301,106.551557,76,pm25,76,41,16.5,2.1,5.5,43.1,30,62,1008,2.5,,
2025-08-13T23:00:00+07:00,Hanoi,21.0491,105.8831,103,pm25,103,64,29,10,8,11,30,89,1005,0.5,,28
2025-08-13T23:00:00+07:00,Bangkok,13.7563309,100.5017651,56,pm25,56,26,0.6,0.6,0.1,4.8,29.2,70.1,1007.9,2.5,,
2025-08-13T22:00:00+05:30,Mumbai,19.0863,72.8888,90,pm25,90,53,1.7,14.9,1.4,11.6,26,99.92,1003.41,30.78333333333333,10.8,25
2025-08-14T01:00:00+09:00,Seoul,37.566535,126.9779692,25,pm25,25,13,9.1,4.5,4.2,21.1,24.9,93.6,1002.1,1,,
2025-08-14T00:00:00+08:00,Shanghai,31.2047372,121.4489017,34,pm25,34,23,4.6,4.1,4.6,7.8,30,74,1012,6.6,,
2025-08-14T00:00:00+09:00,Shinjuku (Tokyo),35.713889,139.705556,46,pm25,46,10,10.2,2.9,2.3,22.4,25.8,83,1014.9,1.5,,22.7
2025-08-14T00:00:00+09:00,Osaka,34.6937378,135.5021651,38,pm25,38,29,8.4,4.3,0.1,12.1,29.1,85,1016,2,,
2025-08-13T14:00:00+02:00,Paris,48.856614,2.3522219,70,pm25,70,39,28.2,0.6,0.1,53.4,30.1,48,1017.2,1.3,,
2025-08-13T15:00:00+01:00,London,51.5073509,-0.1277583,72,pm25,72,33,21.5,1.1,2.8,15.1,26.4,64.1,1016.3,8.1,,
2025-08-13T18:00:00+02:00,Frankfurt,50.075464,8.576305,80,o3,53,26,,0.5,0.1,79.6,34,33,1015,2,11.3,15.5
2025-08-13T18:00:00+02:00,Hamburg,53.564486,9.96834,57,o3,50,27,2.8,1.6,0.1,56.5,30.5,41,1015.5,3.6,,16
2025-08-14T00:00:00+08:00,Wuhan,30.593099,114.305393,42,pm25,42,15,9.2,2.6,6.4,,26,100,1008,2.5,,
2025-08-13T18:00:00+02:00,Warsaw (Poland),52.225171,21.014783,46,pm25,46,33,33,2,0.1,12,30,27,1019,3,8.7,9
2025-08-13T21:00:00+05:30,Bangalore (India),13.0270199,77.494094,59,pm25,59,59,7.6,0.7,3.8,9.2,21,93.8,951.36,0.94,,20
2025-08-13T21:00:00+05:30,Chennai (India),13.1278,80.2642,80,pm25,80,74,6.2,0.4,8.5,,29.293333333333333,68.52999999999999,82878.90000000001,0.63,12.8,24
2025-08-13T11:00:00-04:00,Boston,42.325184,-71.05608,45,pm25,45,18,10.2,0.8,3.4,24.1,28,72.5,1012.6,,,
2025-08-13T10:00:00-04:00,Georgia,33.68797,-84.29048,23,pm25,23,14,4.4,0.2,1.2,10.4,28.7,52.8,1016.1,1.1,5.4,
2025-08-13T09:00:00-07:00,Phoenix,33.403055555556,-112.07527777778,47,pm25,47,45,4.7,,2.3,24.8,36,25,1012.8,4.6,10.2,13
2025-08-13T21:00:00+05:30,Hyderabad (India),17.417094,78.457437,116,pm25,116,64,7.9,16.1,1.7,7,24,95.45666666666666,1008,1.24,10.2,23
2025-08-13T09:00:00-06:00,Denver,39.732146,-105.015317,57,pm25,57,50,10.1,0.6,3.5,9.8,27.7778,27,1018.2,3,5.3,
2025-08-14T01:00:00+09:00,Daegu,35.8714354,128.601445,17,pm25,17,10,5.9,4,2.8,11.7,7.1,71,1016,3.9,,
2025-08-14T00:00:00+09:00,Nagoya,35.1814464,136.906398,57,pm25,57,30,9.3,1.5,5.6,34.4,27.7,79,1015.8,2.6,,
2025-08-14T01:00:00+09:00,Fukuoka,33.5903547,130.4017155,42,pm25,42,23,5.6,1.5,2.3,6.4,27,88,1015,2.5,,
2025-08-14T00:00:00+09:00,Kawasaki,35.5309058,139.7030511,46,pm25,46,20,18.6,5.8,6.7,16,26,86,1017,2.8,,
2025-08-14T00:00:00+08:00,Shenzhen,22.543099,114.057868,61,pm25,61,37,18.8,5.1,7.3,33.3,30.9,88,1003,3.6,,
2025-08-14T00:00:00+08:00,Zhongshan (Taiwan),25.062361,121.526528,15,o3,5,14,3.3,0.9,1.4,14.5,29,70,1006.3,7.5,16.4,23
2025-08-14T00:00:00+08:00,Chongqing,29.56301,106.551557,74,pm25,74,37,15.6,2.1,5.5,43.1,29,65,1008,1.5,,
2025-08-13T19:00:00+03:00,Istanbul (Turkey),41.015278,29.025,57,pm25,57,25,6.6,1.4,13.9,36,25.1,78.5,1010.5,9.7,,21.1
2025-08-14T00:00:00+07:00,Hanoi,21.0491,105.8831,111,pm25,111,67,25,10,7,18,29,94,1005,1.5,,28
2025-08-14T02:00:00+09:00,Seoul,37.566535,126.9779692,30,pm25,30,14,7.7,4.5,4.3,21.2,25,96.5,1002.3,4.6,,
2025-08-14T01:00:00+08:00,Beijing,39.954592,116.468117,30,pm25,30,12,32.5,1.6,4.6,13.5,21,94,1011,0.5,,
2025-08-14T01:00:00+08:00,Shanghai,31.2047372,121.4489017,30,pm25,30,23,4.2,4.6,4.6,7.4,29,79,1012,5.6,,
2025-08-14T01:00:00+09:00,Shinjuku (Tokyo),35.713889,139.705556,38,pm25,38,9,10.2,1.5,4.5,25.6,25.8,83,1014.9,1.5,,22.7
2025-08-14T01:00:00+09:00,Osaka,34.6937378,135.5021651,38,pm25,38,30,9.3,4.3,3.4,8.8,28,88,1016,2.3,,
2025-08-13T15:00:00+02:00,Paris,48.856614,2.3522219,73,pm25,73,47,37.5,0.6,0.1,47.9,30.9,47.6,1017.2,0.3,,
2025-08-13T16:00:00+01:00,London,51.5073509,-0.1277583,72,pm25,72,33,26.1,1.6,2.8,15.1,23.3,76.8,1015.8,4.2,,
2025-08-13T19:00:00+02:00,Frankfurt,50.075464,8.576305,77,o3,53,27,,0.5,0.1,76.7,33.5,37,1015,2.8,11.3,17
2025-08-13T19:00:00+02:00,Hamburg,53.564486,9.96834,52,o3,50,27,3.2,1.6,0.1,51.9,28.5,51,1016,5.1,,17.5
2025-08-14T01:00:00+08:00,Wuhan,30.593099,114.305393,34,pm25,34,15,6.4,4.1,6.4,,26,100,1008,0.5,,
2025-08-13T19:00:00+02:00,Warsaw (Poland),52.225171,21.014783,33,pm25,33,20,22.6,2,0.1,12,28,32,1019,2.5,8.7,10
2025-08-13T22:00:00+05:30,Bangalore (India),13.0270199,77.494094,89,pm25,89,58,7.9,3.4,3.8,9.3,21,93.8,951.5033333333334,0.92,,19
2025-08-13T22:00:00+05:30,Chennai (India),13.1278,80.2642,99,pm25,99,74,7.3,0.7,12.4,,29.05333333333333,69.91000000000001,82913.7,0.5966666666666667,12.8,25
2025-08-13T12:00:00-04:00,Boston,42.325184,-71.05608,46,pm25,46,15,9.3,0.6,3.4,31.2,29.1,68.5,1011.7,,,
2025-08-13T11:00:00-04:00,Georgia,33.68797,-84.29048,20,pm25,20,11,1.3,0.2,1.2,19.2,28.8,51.5,1016,1,6.6,
2025-08-13T10:00:00-07:00,Phoenix,33.403055555556,-112.07527777778,31,o3,21,26,4.7,,1.2,31.2,37,23,1012.8,2,10.2,13
2025-08-13T22:00:00+05:30,Hyderabad (India),17.417094,78.457437,118,pm25,118,64,8,15.4,1.5,7,24,97.56,1008,1.4799999999999998,10.2,23
2025-08-13T10:00:00-06:00,Denver,39.732146,-105.015317,57,pm25,57,39,8.7,0.6,3.2,13.9,30.5556,19.5,1017.5,4,6,
2025-08-14T02:00:00+09:00,Daegu,35.8714354,128.601445,25,pm25,25,13,5.9,3.8,2.7,10.7,7.1,71,1016,3.9,,
2025-08-14T01:00:00+09:00,Nagoya,35.1814464,136.906398,61,pm25,61,26,5.6,1.5,5.6,32.8,27.7,77,1015.9,2.7,,
2025-08-14T02:00:00+09:00,Fukuoka,33.5903547,130.4017155,34,pm25,34,20,4.7,1.5,3.4,6.4,27,83,1015,1.5,,
2025-08-14T01:00:00+09:00,Kawasaki,35.5309058,139.7030511,42,pm25,42,15,18.6,5.8,6.7,12.8,26,84,1017,2.4,,
2025-08-14T01:00:00+08:00,Shenzhen,22.543099,114.057868,63,pm25,63,37,16.5,5.1,7.3,19.1,30.5,89,1002.6,2.5,,
2025-08-14T01:00:00+08:00,Zhongshan (Taiwan),25.062361,121.526528,30,pm25,30,17,2.9,0.9,1.2,14.8,29,70,1006.3,5.4,16.4,23
2025-08-14T01:00:00+08:00,Chongqing,29.56301,106.551557,78,pm25,78,35,27,2.1,4.6,35,28,74,1008,1.5,,
2025-08-13T20:00:00+03:00,Istanbul (Turkey),41.015278,29.025,56,pm25,56,25,6,1.4,13.9,36.2,24.7,76.5,1010.7,6.1,,20.3
2025-08-14T01:00:00+07:00,Hanoi,21.0491,105.8831,118,pm25,118,69,17,9,5,19,29,94,1005,1.5,,28
2025-08-14T01:00:00+07:00,Bangkok,13.7563309,100.5017651,101,pm25,101,45,0.6,0.6,0.1,4.8,29.1,9.1,1008.8,1,,
2025-08-13T23:00:00+05:30,Mumbai,19.0863,72.8888,83,pm25,83,49,1.9,14.9,1.8,11.6,26,99.92,1003.58,44.69,10.8,25
2025-08-14T03:00:00+09:00,Seoul,37.566535,126.9779692,21,pm25,21,10,6.4,4.2,3.3,20.5,25,96.5,1002.3,4.6,,
2025-08-14T02:00:00+08:00,Beijing,39.954592,116.468117,25,pm25,25,12,29.8,1.6,3.7,3.7,21,94,1012,0.5,,
2025-08-14T02:00:00+08:00,Shanghai,31.2047372,121.4489017,34,pm25,34,21,5.1,4.1,4.6,7.4,29,79,1012,4.6,,
2025-08-14T02:00:00+09:00,Shinjuku (Tokyo),35.713889,139.705556,34,pm25,34,13,9.3,1.5,4.5,25.6,25.7,73,1014.5,2,,20.5
2025-08-14T03:00:00+09:00,Osaka,34.6937378,135.5021651,30,pm25,30,18,12.1,5.8,0.1,9.6,28.5,83,1016,1,,
2025-08-13T16:00:00+02:00,Paris,48.856614,2.3522219,79,pm25,79,50,40.1,0.6,0.1,45.3,30,49.5,1017.3,1.4,,
2025-08-13T18:00:00+01:00,London,51.5073509,-0.1277583,61,pm25,61,50,19.7,1.1,2.8,15.5,22.5,75.6,1016.2,5.5,,
2025-08-13T20:00:00+02:00,Hamburg,53.564486,9.96834,47,o3,50,27,3.7,1.6,0.1,47.2,26.5,54,1016,4.1,,16.5
2025-08-14T02:00:00+08:00,Wuhan,30.593099,114.305393,34,pm25,34,13,11.5,2.1,7.3,,25,100,1008,0.5,,
2025-08-13T20:00:00+02:00,Warsaw (Poland),52.225171,21.014783,33,pm25,33,20,40.9,2,0.1,12,27,34,1020,2,8.7,10
2025-08-14T00:00:00+05:30,Bangalore (India),13.0270199,77.494094,54,pm10,45,54,8.9,3.6,3.8,9.4,20,93.8,951.4449999999999,0.8925,,19
2025-08-14T00:00:00+05:30,Chennai (India),13.1278,80.2642,125,pm25,125,96,7.5,1.4,10.2,,28.9975,69.275,82885.375,1.155,12.8,24.5
2025-08-13T13:00:00-04:00,Boston,42.325184,-71.05608,46,pm25,46,18,7.5,0.8,3.4,42.4,31.1,61.5,1010.7,,,
2025-08-13T12:00:00-04:00,Georgia,33.68797,-84.29048,21,pm25,21,13,1.5,0.2,1.2,20.8,30.4,46,1016.6,0.8,5.6,
2025-08-13T11:00:00-07:00,Phoenix,33.403055555556,-112.07527777778,39,pm25,39,30,4.7,,1.2,37.6,38,21,1012.1,2,10.2,12
2025-08-14T00:00:00+05:30,Hyderabad (India),17.417094,78.457437,104,pm25,104,63,7,14.9,1.5,7.1,24,98.2625,1008,1.2125000000000001,10.2,23
2025-08-13T11:00:00-06:00,Denver,39.732146,-105.015317,30,pm25,30,17,2.8,0.6,1.9,20.4,33.3333,15,1016.7,4,8,
2025-08-14T03:00:00+09:00,Daegu,35.8714354,128.601445,25,pm25,25,12,7.6,4,2.8,9.4,7.1,71,1016,3.9,,
2025-08-14T02:00:00+09:00,Nagoya,35.1814464,136.906398,59,pm25,59,25,8.4,1.5,1.2,28.1,27.4,77.6,1015.6,1.3,,
2025-08-14T03:00:00+09:00,Fukuoka,33.5903547,130.4017155,42,pm25,42,23,4.7,1.5,2.3,6.4,27,88,1016,3.6,,
2025-08-14T02:00:00+09:00,Kawasaki,35.5309058,139.7030511,34,pm25,34,7,14.9,5.8,5.6,20,27,78,1017,2.5,,
2025-08-14T02:00:00+08:00,Shenzhen,22.543099,114.057868,65,pm25,65,36,15.1,5.1,7.3,13.5,30.5,89,1002.1,2.7,,
2025-08-14T02:00:00+08:00,Zhongshan (Taiwan),25.062361,121.526528,34,pm25,34,12,4,0.9,1.4,13.9,29,70,1006,5.6,16.4,23
2025-08-14T02:00:00+08:00,Chongqing,29.56301,106.551557,70,pm25,70,30,20.2,2.1,4.6,24.4,28,74,1008,2.5,,
2025-08-13T21:00:00+03:00,Istanbul (Turkey),41.015278,29.025,54,pm25,54,24,6.1,1.3,13.9,36.2,24.3,77.4,1010.8,6.1,,20.1
2025-08-14T02:00:00+07:00,Hanoi,21.0491,105.8831,125,pm25,125,69,13,9,3,18,29,88,1005,0.7,,27
2025-08-14T02:00:00+07:00,Bangkok,13.7563309,100.5017651,50,pm25,50,24,0.6,0.6,0.1,4.8,28.5,71.3,1007.8,2.5,,
2025-08-14T00:00:00+05:30,Mumbai,19.0863,72.8888,85,pm25,85,50,1.8,14.9,1.7,11.6,26,99.92,1003.0899999999999,42.519999999999996,10.8,25
2025-08-14T04:00:00+09:00,Seoul,37.566535,126.9779692,20,o3,13,5,5,4.5,2.5,19.7,24.7,96.5,1002.6,4.1,,
2025-08-14T03:00:00+09:00,Shinjuku (Tokyo),35.713889,139.705556,38,pm25,38,10,9.3,1.5,4.5,20.8,25.7,73,1014.5,2,,20.5
2025-08-14T04:00:00+09:00,Osaka,34.6937378,135.5021651,30,pm25,30,25,12.1,5.8,0.1,8.8,27,88,1015,1,,
2025-08-13T19:00:00+02:00,Paris,48.856614,2.3522219,50,pm10,76,50,40.1,0.6,0.1,45.3,24.2,82,1017.9,1.5,,
2025-08-13T21:00:00+02:00,Frankfurt,50.075464,8.576305,63,pm25,63,53,,0.5,0.1,25,27.5,54,1015,2,11.3,17.5
2025-08-13T21:00:00+02:00,Hamburg,53.564486,9.96834,40,o3,50,28,5.5,1.6,0.1,40.3,24.5,62.5,1016,3.6,,17
2025-08-13T21:00:00+02:00,Warsaw (Poland),52.225171,21.014783,46,pm25,46,30,23.3,2,0.1,12,26,39,1020,2.5,8.7,11
2025-08-13T14:00:00-04:00,Boston,42.325184,-71.05608,47,pm25,47,18,7.5,0.8,3.4,42.4,31.3,61.5,1010.1,,,
2025-08-13T13:00:00-04:00,Georgia,33.68797,-84.29048,18,o3,16,12,3.4,0.2,1.2,18.4,28.3,55.2,1016.1,1,2.2,
2025-08-13T12:00:00-07:00,Phoenix,33.403055555556,-112.07527777778,42,pm25,42,27,4.7,,1.2,40.8,41,16,1011.5,4.1,8.2,11
2025-08-13T12:00:00-06:00,Denver,39.732146,-105.015317,30,pm25,30,16,2.8,0.6,1.8,21.2,34.4444,13,1015.8,4,4,
2025-08-14T03:00:00+09:00,Nagoya,35.1814464,136.906398,53,pm25,53,26,9.3,1.5,1.2,26.4,27.7,77,1015.8,1.2,,
2025-08-14T04:00:00+09:00,Fukuoka,33.5903547,130.4017155,50,pm25,50,26,3.8,1.5,2.3,5.6,27,88,1016,2.5,,
2025-08-14T03:00:00+09:00,Kawasaki,35.5309058,139.7030511,42,pm25,42,20,13.9,4.3,4.5,22.4,26,80,1017,2.5,,
2025-08-14T03:00:00+08:00,Zhongshan (Taiwan),25.062361,121.526528,38,pm25,38,12,5.7,0.9,1.4,12.1,29,65,1006,5.1,16.4,22
2025-08-14T03:00:00+08:00,Chongqing,29.56301,106.551557,76,pm25,76,39,28.8,2.1,4.6,12.6,28,74,1008,2.5,,
2025-08-13T22:00:00+03:00,Istanbul (Turkey),41.015278,29.025,53,pm25,53,24,6,1.4,14,35.8,24.3,77.4,1010.8,6.1,,20.1
2025-08-14T03:00:00+07:00,Hanoi,21.0491,105.8831,120,pm25,120,66,10,9,3,21,30,84,1005,1.2,,27
2025-08-14T03:00:00+07:00,Bangkok,13.7563309,100.5017651,66,pm25,66,25,0.6,0.6,0.1,4.8,28.4,71.3,1008.6,1.5,,
2025-08-14T01:00:00+05:30,Mumbai,19.0863,72.8888,79,pm25,79,43,1.8,14.9,1.5,11.7,26,99.92,1002.5450000000001,43.620000000000005,10.8,25
2025-08-14T05:00:00+09:00,Seoul,37.566535,126.9779692,15,o3,9,6,7.1,4.2,2.8,14.5,24.4,94.7,1002.6,2.5,,
2025-08-14T04:00:00+08:00,Beijing,39.954592,116.468117,13,pm25,13,10,24.7,2.6,3.7,6.5,20,100,1012,1,,
2025-08-14T04:00:00+08:00,Shanghai,31.2047372,121.4489017,38,pm25,38,25,6,4.6,4.6,4.9,29,79,1012,3.6,,
2025-08-14T04:00:00+09:00,Shinjuku (Tokyo),35.713889,139.705556,30,pm25,30,9,9.3,1.5,2.3,7.3,25.1,79,1014.7,1.5,,21.2
2025-08-14T05:00:00+09:00,Osaka,34.6937378,135.5021651,34,pm25,34,20,13.9,7.2,0.1,8,28.5,88,1015,1.5,,
2025-08-13T18:00:00+02:00,Paris,48.856614,2.3522219,79,pm25,79,50,40.1,0.6,0.1,45.3,24.1,82.2,1017.9,1.5,,
2025-08-13T19:00:00+01:00,London,51.5073509,-0.1277583,74,pm25,74,50,17.4,1.1,2.8,16.3,21.4,76.8,1016.2,6.3,,
2025-08-13T22:00:00+02:00,Frankfurt,50.075464,8.576305,60,pm25,60,41,,0.5,0.1,21.7,25.5,59,1015,0.7,11.3,17
2025-08-13T22:00:00+02:00,Hamburg,53.564486,9.96834,37,o3,50,28,5.5,1.6,0.1,37,22.5,70.5,1016.5,3.6,,17
2025-08-14T03:00:00+08:00,Wuhan,30.593099,114.305393,38,pm25,38,16,11,2.1,7.3,,26,100,1008,0.5,,
2025-08-13T22:00:00+02:00,Warsaw (Poland),52.225171,21.014783,46,pm25,46,30,16.1,2,0.1,12,25,44,1020,3.6,8.7,12
2025-08-14T01:00:00+05:30,Bangalore (India),13.0270199,77.494094,77,pm25,77,54,7.9,4,3.8,9.4,20,93.8,951.1466666666666,0.89,,19
2025-08-14T01:00:00+05:30,Chennai (India),13.1278,80.2642,109,pm25,109,85,6.9,0.5,8.2,,29.00333333333333,70.63333333333334,82783.46666666666,1.9900000000000002,12.8,24
2025-08-13T14:00:00-04:00,Georgia,33.68797,-84.29048,18,o3,16,10,2.8,0.2,1.2,17.6,30.8,50.2,1014.7,1,2.6,
2025-08-13T13:00:00-07:00,Phoenix,33.403055555556,-112.07527777778,41,o3,28,21,4.7,,1.2,40.8,39,18,1010.4,2.5,7.7,11
2025-08-14T01:00:00+05:30,Hyderabad (India),17.417094,78.457437,154,pm25,154,67,6.2,15.3,2.7,7,24,98.76666666666667,1008,1.0766666666666669,10.2,23
2025-08-13T13:00:00-06:00,Denver,39.732146,-105.015317,34,pm25,34,20,4.6,0.6,2.1,21.2,35,12.6,1015.3,3,9.3,
2025-08-14T05:00:00+09:00,Daegu,35.8714354,128.601445,21,pm25,21,15,7.9,3.9,2.8,8.8,7.1,71,1016,3.9,,
2025-08-14T04:00:00+09:00,Nagoya,35.1814464,136.906398,53,pm25,53,26,9.3,1.5,1.2,24.8,28.3,76,1016.3,1.7,,
2025-08-14T05:00:00+09:00,Fukuoka,33.5903547,130.4017155,50,pm25,50,30,4.7,1.5,2.3,4,27.2,88,1016,1,,
2025-08-14T04:00:00+09:00,Kawasaki,35.5309058,139.7030511,46,pm25,46,12,13,2.9,4.5,23.3,26,83,1017,2,,
2025-08-14T04:00:00+08:00,Shenzhen,22.543099,114.057868,68,pm25,68,36,15.1,5.1,6.4,18.3,30,90.1,1002.1,3.8,,
2025-08-14T04:00:00+08:00,Zhongshan (Taiwan),25.062361,121.526528,46,pm25,46,10,7.5,0.9,1.3,10.9,28,74,1007,2,16.4,23
2025-08-14T04:00:00+08:00,Chongqing,29.56301,106.551557,78,pm25,78,35,28.8,2.1,5.5,9.4,27,78,1008,2.5,,
2025-08-14T04:00:00+07:00,Hanoi,21.0491,105.8831,114,pm25,114,63,10,9,4,19,29,88,1004.5,1.8,,27
2025-08-14T04:00:00+07:00,Bangkok,13.7563309,100.5017651,56,pm25,56,25,0.6,0.6,0.1,4.8,28.4,10,1008.1,1,,
2025-08-14T02:00:00+05:30,Mumbai,19.0863,72.8888,77,pm25,77,42,1.7,14.9,1.4,11.5,26,99.92,1001.9866666666667,29.066666666666666,10.8,25
2025-08-14T06:00:00+09:00,Seoul,37.566535,126.9779692,11,o3,5,6,11,4.3,3.2,10.7,24.3,96.5,1003,3,,
2025-08-14T05:00:00+08:00,Beijing,39.954592,116.468117,17,pm25,17,9,19.7,2.1,2.8,1.3,20,100,1013,1.5,,
2025-08-14T05:00:00+09:00,Shinjuku (Tokyo),35.713889,139.705556,30,pm25,30,11,10.2,2.9,4.5,23.3,25.2,77.1,1015.3,2,,20.9
2025-08-13T20:00:00+02:00,Paris,48.856614,2.3522219,63,pm25,63,40,17.1,0.6,0.1,47.3,24.4,77,1018.4,1.5,,
2025-08-13T20:00:00+01:00,London,51.5073509,-0.1277583,132,pm25,132,48,15.6,1.1,2.8,16.3,20.3,80,1016.1,6.7,,
2025-08-13T23:00:00+02:00,Frankfurt,50.075464,8.576305,61,pm25,61,36,,0.5,0.1,15,24,66.5,1016,2.3,11.3,17.5
2025-08-13T23:00:00+02:00,Hamburg,53.564486,9.96834,33,o3,50,28,6,1.6,0.1,32.9,21.5,75,1017,3,,17
2025-08-14T04:00:00+08:00,Wuhan,30.593099,114.305393,46,pm25,46,20,10.1,2.1,6.4,,26,100,1008,1.5,,
2025-08-13T23:00:00+02:00,Warsaw (Poland),52.225171,21.014783,46,pm25,46,30,12.9,2,0.1,12,24,47,1020,3.6,8.7,12
2025-08-14T02:00:00+05:30,Bangalore (India),13.0270199,77.494094,58,pm25,58,55,7.7,1,3.8,9.2,20,93.8,951.08,0.8866666666666667,,19
2025-08-14T02:00:00+05:30,Chennai (India),13.1278,80.2642,90,pm25,90,61,34.5,0.2,4.7,,29.24,68.88,82728.7,2.17,12.8,24
2025-08-13T15:00:00-04:00,Boston,42.325184,-71.05608,51,pm25,51,20,6.5,0.8,4.5,44.8,31.6,61,1009.6,,,
2025-08-13T15:00:00-04:00,Georgia,33.68797,-84.29048,20,pm25,20,12,2,0.2,1.2,11.2,28.6,54.5,1013.9,0.1,6.2,
2025-08-13T14:00:00-07:00,Phoenix,33.403055555556,-112.07527777778,42,o3,27,25,4.7,,1.2,41.6,41,17,1009.4,2.5,7.7,12
2025-08-14T02:00:00+05:30,Hyderabad (India),17.417094,78.457437,162,pm25,162,69,5.8,14.6,2.5,7,24,99.33,1008,1.3633333333333333,10.2,23
2025-08-13T14:00:00-06:00,Denver,39.732146,-105.015317,34,pm25,34,20,6.4,0.6,2.6,24.4,36.1111,12,1014.8,4,8,
2025-08-14T06:00:00+09:00,Daegu,35.8714354,128.601445,42,pm25,42,11,12.1,3.6,3.5,3.2,7.1,71,1016,3.9,,
2025-08-14T05:00:00+09:00,Nagoya,35.1814464,136.906398,50,pm25,50,23,11.2,1.5,1.2,22.4,27.7,79,1016.7,1.2,,
2025-08-14T06:00:00+09:00,Fukuoka,33.5903547,130.4017155,53,pm25,53,28,4.7,1.5,2.3,4.8,26,94,1016,1,,
2025-08-14T05:00:00+09:00,Kawasaki,35.5309058,139.7030511,46,pm25,46,17,16.7,2.9,4.5,22.4,26,81,1017.5,2.5,,
2025-08-14T05:00:00+08:00,Zhongshan (Taiwan),25.062361,121.526528,30,pm25,30,10,4.8,0.9,1.3,11.8,29,70,1008,1.5,16.4,23
2025-08-14T05:00:00+08:00,Chongqing,29.56301,106.551557,85,pm25,85,31,12.4,2.1,4.6,27.3,28,74,1008,1.5,,
2025-08-13T23:00:00+03:00,Istanbul (Turkey),41.015278,29.025,51,pm25,51,23,6.4,1.4,14.1,35,24.1,79.3,1010.8,5.1,,20.3
2025-08-14T05:00:00+07:00,Hanoi,21.0491,105.8831,107,pm25,107,61,8,9,6,24,28,94,1005,2,,27
2025-08-14T05:00:00+07:00,Bangkok,13.7563309,100.5017651,35,pm25,35,20,0.6,0.6,0.1,4.8,28.1,70.8,1007.2,3.6,,
2025-08-14T04:00:00+05:30,Mumbai,19.0863,72.8888,77,pm25,77,41,1.5,14.9,1,11.5,26,99.92,1001.8166666666666,42.946666666666665,10.8,25
2025-08-14T07:00:00+09:00,Seoul,37.566535,126.9779692,10,o3,9,7,13,4.5,3.5,9.6,24.5,97.6,1003.7,2,,
2025-08-14T06:00:00+08:00,Beijing,39.954592,116.468117,17,pm25,17,8,15.1,2.1,2.8,4.9,21,100,1013,0.5,,
2025-08-14T06:00:00+08:00,Shanghai,31.2047372,121.4489017,25,pm25,25,23,5.5,4.1,3.7,3.7,29,79,1012,4.6,,
2025-08-14T06:00:00+09:00,Shinjuku (Tokyo),35.713889,139.705556,34,pm25,34,8,9.3,2.9,4.5,23.3,25.3,82,1015.6,2,,22
2025-08-14T06:00:00+09:00,Osaka,34.6937378,135.5021651,34,pm25,34,27,12.1,7.2,7.8,6.4,28.6,80,1007.7,0.5,,
2025-08-13T21:00:00+01:00,London,51.5073509,-0.1277583,137,pm25,137,50,14.2,1.1,2.8,31.7,20,81,1016.5,6.6,,
2025-08-14T00:00:00+02:00,Frankfurt,50.075464,8.576305,60,pm25,60,33,,0.5,0.1,8.5,22.5,75.5,1016,1,11.3,18
2025-08-14T05:00:00+08:00,Wuhan,30.593099,114.305393,46,pm25,46,20,7.8,18.8,5.5,,26,100,1008,0.5,,
2025-08-14T00:00:00+02:00,Warsaw (Poland),52.225171,21.014783,48,pm25,48,29,12.8,2,0.1,12,23,49,1020,3.6,8.7,12
2025-08-14T03:00:00+05:30,Bangalore (India),13.0270199,77.494094,56,pm10,45,56,8.3,2.9,3.8,9.2,20,93.8,951.0766666666667,0.8533333333333334,,19
2025-08-14T03:00:00+05:30,Chennai (India),13.1278,80.2642,71,pm25,71,41,4.7,0.7,3.6,,29.26,68.66000000000001,82747.93333333333,1.3266666666666669,12.8,24
2025-08-13T16:00:00-04:00,Boston,42.325184,-71.05608,51,pm25,51,20,7.5,0.8,4.5,45.6,31.2,63.3,1009.2,,,
2025-08-13T16:00:00-04:00,Georgia,33.68797,-84.29048,28,pm25,28,16,1.1,0.2,1.2,10.4,28.5,53.8,1013.5,1,6.2,
2025-08-13T15:00:00-07:00,Phoenix,33.403055555556,-112.07527777778,43,o3,27,30,4.7,,1.2,43.2,42,15,1008.1,5.1,7.7,11
2025-08-14T03:00:00+05:30,Hyderabad (India),17.417094,78.457437,154,pm25,154,68,4.8,14.8,2.5,6.9,24,99.33,1008,1.22,10.2,23
2025-08-13T15:00:00-06:00,Denver,39.732146,-105.015317,34,pm25,34,16,4.6,0.6,2.3,25.6,36.1111,12,1014.3,4,5.3,
2025-08-14T07:00:00+09:00,Daegu,35.8714354,128.601445,38,pm25,38,16,12.9,3.9,3.5,3.2,7.1,71,1016,3.9,,
2025-08-14T06:00:00+09:00,Nagoya,35.1814464,136.906398,59,pm25,59,21,17.6,1.5,1.2,21.6,28.3,75,1017.3,1.3,,
2025-08-14T07:00:00+09:00,Fukuoka,33.5903547,130.4017155,53,pm25,53,36,4.7,1.5,3.4,7.3,27.5,88,1017,2,,
2025-08-14T06:00:00+09:00,Kawasaki,35.5309058,139.7030511,34,pm25,34,10,13.9,1.5,4.5,23.3,25,83,1018,2.5,,
2025-08-14T05:00:00+08:00,Shenzhen,22.543099,114.057868,61,pm25,61,34,13.3,4.6,6.4,17.9,30,91,1002,2.6,,
2025-08-14T06:00:00+08:00,Zhongshan (Taiwan),25.062361,121.526528,17,pm25,17,10,6.8,0.9,2,8.8,28,74,1008,6.1,16.4,23
2025-08-14T06:00:00+08:00,Chongqing,29.56301,106.551557,82,pm25,82,32,6.4,2.6,5.5,27.7,27,78,1008,1.5,,
2025-08-14T01:00:00+03:00,Istanbul (Turkey),41.015278,29.025,44,pm25,44,22,4.9,1.5,14.4,34.1,23.9,75.9,1010.6,6.1,,19.4
2025-08-14T06:00:00+07:00,Hanoi,21.0491,105.8831,99,pm25,99,59,4,10,10,31,28,94,1005,1.5,,27
2025-08-14T06:00:00+07:00,Bangkok,13.7563309,100.5017651,52,pm25,52,20,0.6,0.6,0.1,4.8,28.1,70.8,1007.7,1.5,,
2025-08-13T20:00:00+05:30,Delhi,28.6341,77.2005,-,,99,70,3.3,1.2,7.3,15.9,23.1,92.2,985.7,0.9,10.2,26
2025-08-14T05:00:00+05:30,Mumbai,19.0863,72.8888,79,pm25,79,44,1.4,14.9,0.8,11.6,26,99.92,1002.0099999999999,43.63333333333333,10.8,25
2025-08-14T08:00:00+09:00,Seoul,37.566535,126.9779692,8,o3,5,5,16.4,4,3.7,8,24.5,97.6,1003.7,2,,
2025-08-14T07:00:00+08:00,Beijing,39.954592,116.468117,17,pm25,17,8,11.5,2.1,2.8,9,23,88,1013,0.5,,
2025-08-14T07:00:00+08:00,Shanghai,31.2047372,121.4489017,23,pm10,13,23,4.6,4.6,4.6,3.7,30,74,1012,5.6,,
2025-08-14T07:00:00+09:00,Shinjuku (Tokyo),35.713889,139.705556,21,pm25,21,13,12.1,2.9,5.6,24.8,25.2,85,1015.9,1,,22.5
2025-08-14T08:00:00+09:00,Osaka,34.6937378,135.5021651,46,pm25,46,38,10.2,7.2,0.1,10.4,30.3,79,1017,1,,
2025-08-13T21:00:00+02:00,Paris,48.856614,2.3522219,67,pm25,67,37,20.2,0.6,0.1,24.5,23.1,77.8,1018.4,0.1,,
2025-08-14T01:00:00+02:00,Hamburg,53.564486,9.96834,29,pm10,50,29,6,1.6,0.1,32.9,20,82,1017,1.5,,17
2025-08-14T06:00:00+08:00,Wuhan,30.593099,114.305393,42,pm25,42,24,6.4,14.7,5.5,,26,100,1008,0.5,,
2025-08-14T01:00:00+02:00,Warsaw (Poland),52.225171,21.014783,50,pm25,50,30,12.4,2,0.1,12,21,56,1020,2.5,8.7,12
2025-08-14T08:00:00+09:30,Winnellie (Australia),-12.424323299931126,130.89335024356842,101,pm25,101,51,6,1.1,6.4,6.1,21.6,81.2,1011.5,5.17,,20.4
2025-08-14T04:00:00+05:30,Bangalore (India),13.0270199,77.494094,54,pm10,46,54,7.8,2.6,3.8,9.5,20,93.8,951.14,0.8566666666666666,,19
2025-08-14T04:00:00+05:30,Chennai (India),13.1278,80.2642,63,pm25,63,33,8.4,0.5,2.9,,29.24333333333333,69.36,82757.53333333334,0.7533333333333333,12.8,24
2025-08-13T17:00:00-04:00,Boston,42.325184,-71.05608,44,o3,40,20,6.5,0.8,4.5,44,29.7,71.5,1009.9,,,
2025-08-13T17:00:00-04:00,Georgia,33.68797,-84.29048,29,pm25,29,15,1.9,0.2,1.4,6.4,27.3,55.8,1013.8,1.3,7.1,
2025-08-13T16:00:00-07:00,Phoenix,33.403055555556,-112.07527777778,45,o3,32,31,4.7,,1.2,44.8,42,17,1007.4,5.6,7.7,12
2025-08-14T04:00:00+05:30,Hyderabad (India),17.417094,78.457437,125,pm25,125,66,5.7,15.1,2.6,6.9,24,99.21666666666665,1008,1.3666666666666665,10.2,23
2025-08-14T08:00:00+09:00,Daegu,35.8714354,128.601445,42,pm25,42,20,13,4.5,3.7,5.6,7.1,71,1016,3.9,,
2025-08-14T07:00:00+09:00,Nagoya,35.1814464,136.906398,46,pm25,46,19,18.6,1.5,1.2,23.3,29.4,70,1017.2,2.1,,
2025-08-14T08:00:00+09:00,Fukuoka,33.5903547,130.4017155,50,pm25,50,35,5.6,1.5,2.3,9.6,29.1,79,1017,1.5,,
2025-08-14T07:00:00+09:00,Kawasaki,35.5309058,139.7030511,38,pm25,38,14,20.4,2.9,4.5,23.3,26,83,1018,2.8,,
2025-08-14T06:00:00+08:00,Shenzhen,22.543099,114.057868,65,pm25,65,33,13.3,4.6,7.3,18.3,30,93,1002,1.8,,
2025-08-14T07:00:00+08:00,Zhongshan (Taiwan),25.062361,121.526528,17,pm25,17,10,5.7,0.9,1.9,11.2,29.3,70,1009,5.1,16.4,23.3
2025-08-14T07:00:00+08:00,Chongqing,29.56301,106.551557,70,pm25,70,41,9.2,4.1,7.3,22.4,27,74,1008,2.5,,
2025-08-14T02:00:00+03:00,Istanbul (Turkey),41.015278,29.025,41,pm25,41,22,4.1,1.5,14.4,34.1,23.8,77.4,1009.8,7.2,,19.6
2025-08-14T09:00:00+07:00,Hanoi,21.0491,105.8831,102,pm25,102,63,40,11,7,24,30,89,1005,1,,28
2025-08-14T09:00:00+07:00,Bangkok,13.7563309,100.5017651,68,pm25,68,27,0.6,0.6,0.1,4.8,29.4,94.7,1009,2,,
2025-08-14T07:00:00+05:30,Delhi,28.6341,77.2005,61,pm25,61,25,3.6,1.8,4.6,23.6,21.15,93.75,985.4,0.5,10.2,25
2025-08-14T07:00:00+05:30,Mumbai,19.0863,72.8888,75,pm25,75,39,1.3,14.9,0.7,11.6,25,99.92,1003.235,43.925,10.8,24
2025-08-14T11:00:00+09:00,Seoul,37.566535,126.9779692,21,pm25,21,9,15.7,4.3,3.9,13,25,94.8,1004.2,1.5,,
2025-08-14T10:00:00+08:00,Beijing,39.954592,116.468117,34,pm25,34,16,8.3,1.1,2.8,19.1,27,65,1014,0.5,,
2025-08-14T09:00:00+08:00,Shanghai,31.2047372,121.4489017,38,pm25,38,21,3.2,4.6,3.7,9.8,33,60.5,1013,5.6,,
2025-08-14T10:00:00+09:00,Shinjuku (Tokyo),35.713889,139.705556,9,pm25,9,7,8.4,2.9,4.5,22.4,28.3,70,1015.6,1.5,,22.3
2025-08-14T10:00:00+09:00,Osaka,34.6937378,135.5021651,57,pm25,57,39,14.9,8.6,3.4,23.3,32,70,1016,1.5,,
2025-08-14T00:00:00+02:00,Paris,48.856614,2.3522219,60,pm25,60,21,16.9,0.6,0.1,29.2,22.2,77.5,1018.3,0.2,,
2025-08-14T01:00:00+01:00,London,51.5073509,-0.1277583,70,pm25,70,30,4.6,0.6,1.9,19.5,19.4,79.8,1017.5,4,,
2025-08-14T03:00:00+02:00,Frankfurt,50.075464,8.576305,63,pm25,63,28,,0.5,0.1,3.7,22.5,70.5,1016.5,2.3,11.3,17
2025-08-14T04:00:00+02:00,Hamburg,53.564486,9.96834,30,pm10,50,30,5.5,1.6,0.1,27.3,18,88,1017,1.5,,16
2025-08-14T09:00:00+08:00,Wuhan,30.593099,114.305393,50,pm25,50,27,6.9,8.2,6.4,,28,94,1008,1.5,,
2025-08-14T03:00:00+02:00,Warsaw (Poland),52.225171,21.014783,52,pm25,52,28,12,2,0.1,12,19,63,1020,2,8.7,12
2025-08-14T11:00:00+09:30,Winnellie (Australia),-12.424323299931126,130.89335024356842,49,pm25,49,22,1.5,1.2,4.6,11,28.5,38,1012.5,14.48,,14.3
2025-08-14T07:00:00+05:30,Bangalore (India),13.0270199,77.494094,56,pm25,56,54,8.1,0.9,3.8,9.2,20,93.8,951.345,0.875,,19
2025-08-14T07:00:00+05:30,Chennai (India),13.1278,80.2642,87,pm25,87,39,7.4,1.4,4.7,,28.903333333333336,70.15333333333332,82888.86666666667,1.1400000000000001,12.8,25
2025-08-13T20:00:00-04:00,Boston,42.325184,-71.05608,37,o3,32,12,6.5,0.6,3.4,36.8,25.5,75,1011.5,,,
2025-08-13T20:00:00-04:00,Georgia,33.68797,-84.29048,32,pm25,32,20,3.2,0.2,1.2,0.8,26.1,60,1013.4,0.3,3.6,
2025-08-13T19:00:00-07:00,Phoenix,33.403055555556,-112.07527777778,42,o3,33,26,4.7,,1.2,41.6,41,16,1007.1,3.6,11.8,11
2025-08-14T06:00:00+05:30,Hyderabad (India),17.417094,78.457437,83,pm25,83,63,5,15.3,2.6,7,24,94.765,1008,1.355,10.2,23
2025-08-13T19:00:00-06:00,Denver,39.732146,-105.015317,49,pm10,46,49,9.2,0.6,3.9,19.9,33.3333,15,1013.9,7,8.6,
2025-08-14T10:00:00+09:00,Daegu,35.8714354,128.601445,25,pm25,25,9,8.1,3.5,2.6,13.1,7.1,71,1016,3.9,,
2025-08-14T10:00:00+09:00,Nagoya,35.1814464,136.906398,61,pm25,61,31,22.3,5.8,4.5,28.9,31.6,65,1017.1,2.7,,
2025-08-14T11:00:00+09:00,Fukuoka,33.5903547,130.4017155,55,pm25,55,17,6.5,1.5,3.4,21.6,32.9,59,1016,3,,
2025-08-14T10:00:00+09:00,Kawasaki,35.5309058,139.7030511,46,pm25,46,10,17.6,2.9,3.4,28.1,29,71.5,1018,1.8,,
2025-08-14T09:00:00+08:00,Shenzhen,22.543099,114.057868,42,pm25,42,32,9.2,4.6,7.3,21.2,26.5,100,1005.3,7,,
2025-08-14T10:00:00+08:00,Zhongshan (Taiwan),25.062361,121.526528,38,pm25,38,11,7.1,0.9,2.4,13.1,33,59,1010,7.7,16.4,24
2025-08-14T09:00:00+08:00,Chongqing,29.56301,106.551557,80,pm25,80,43,9.6,6.1,9.1,26.4,29,70,1009,2.5,,
2025-08-14T04:00:00+03:00,Istanbul (Turkey),41.015278,29.025,37,pm25,37,21,1.4,1.5,14.3,33,23.7,77.8,1009.2,6.1,,19.6
2025-08-14T10:00:00+07:00,Hanoi,21.0491,105.8831,120,pm25,120,69,35,11,9,19,32,79,1006,1,,28
2025-08-14T10:00:00+07:00,Bangkok,13.7563309,100.5017651,60,pm25,60,28,0.6,0.6,0.1,4.8,31.5,58.2,1008.3,2,,
2025-08-14T09:00:00+05:30,Delhi,28.6341,77.2005,53,pm25,53,20,6.3,2,6.4,15.4,21.1,94.4,985.8,0.5,10.2,25
2025-08-14T09:00:00+05:30,Mumbai,19.0863,72.8888,74,pm25,74,39,1.4,14.7,0.9,11.6,25,99.92,1004.0699999999999,43.705,10.8,24
2025-08-14T12:00:00+09:00,Seoul,37.566535,126.9779692,25,pm25,25,12,13.9,4.3,4,13.2,25.3,93.6,1005.1,3,,
2025-08-14T11:00:00+08:00,Beijing,39.954592,116.468117,25,pm25,25,11,9.6,2.1,3.7,22.8,27,69,1013,0.5,,
2025-08-14T11:00:00+08:00,Shanghai,31.2047372,121.4489017,34,pm25,34,22,3.7,4.1,3.7,18.7,34,57.5,1013,6.6,,
2025-08-14T11:00:00+09:00,Shinjuku (Tokyo),35.713889,139.705556,9,pm25,9,8,10.2,2.9,2.3,43.2,30.5,56.9,1014.2,1,,21
2025-08-14T12:00:00+09:00,Osaka,34.6937378,135.5021651,65,pm25,65,40,10.2,8.6,0.1,40,34,63,1015,3,,
2025-08-14T02:00:00+02:00,Paris,48.856614,2.3522219,58,pm25,58,21,19.1,0.6,0.1,15.6,21.5,84,1019.2,0.1,,
2025-08-14T03:00:00+01:00,London,51.5073509,-0.1277583,57,pm25,57,30,2.3,0.6,1.9,21.2,18.8,79,1017.7,5.8,,
2025-08-14T05:00:00+02:00,Frankfurt,50.075464,8.576305,68,pm25,68,37,,0.5,0.1,2.2,20.5,79.5,1017,1.2,11.3,17
2025-08-14T05:00:00+02:00,Hamburg,53.564486,9.96834,30,pm10,50,30,6.9,1.6,0.1,23.2,18,88,1017,1.8,,16
2025-08-14T11:00:00+08:00,Wuhan,30.593099,114.305393,59,pm25,59,28,6,2.6,8.2,,33,70,1008,2.5,,
2025-08-14T05:00:00+02:00,Warsaw (Poland),52.225171,21.014783,51,pm25,51,26,9.8,2,0.1,12,18,67,1021,1.5,8.7,12
2025-08-14T12:00:00+09:30,Winnellie (Australia),-12.424323299931126,130.89335024356842,54,pm25,54,30,1.3,1.2,4.3,11.7,31.6,29.53333333333333,1010.8,15.54,,11.9
2025-08-14T09:00:00+05:30,Bangalore (India),13.0270199,77.494094,75,pm25,75,59,7,1.1,3.8,9.1,21.5,93.7,951.61,0.85,,19.5
2025-08-14T09:00:00+05:30,Chennai (India),13.1278,80.2642,100,pm25,100,64,5,1.3,5.8,,28.93,69.72,82973.6,2.26,12.8,25
2025-08-13T22:00:00-04:00,Boston,42.325184,-71.05608,36,o3,26,7,10.2,0.6,4.5,36.1,26.1,73.6,1011.2,,,
2025-08-13T21:00:00-04:00,Georgia,33.68797,-84.29048,33,pm25,33,20,4.5,0.2,2.3,0.8,26.1,60.5,1013.8,0.3,2.1,
2025-08-13T20:00:00-07:00,Phoenix,33.403055555556,-112.07527777778,43,pm25,43,28,4.7,,2.3,38.4,41,16,1007.7,3,11.8,11
2025-08-14T12:00:00+09:00,Daegu,35.8714354,128.601445,20,o3,17,7,6.4,2.6,2.4,19.9,7.1,71,1016,3.9,,
2025-08-14T11:00:00+09:00,Nagoya,35.1814464,136.906398,61,pm25,61,27,20.4,5.8,10,43.2,32.7,63,1016,3.2,,
2025-08-14T12:00:00+09:00,Fukuoka,33.5903547,130.4017155,53,pm25,53,20,6.5,1.5,3.4,27.2,33,59,1016,3.6,,
2025-08-14T11:00:00+09:00,Kawasaki,35.5309058,139.7030511,41,o3,38,30,19.5,7.2,4.5,40.8,29,70,1016,2.5,,
2025-08-14T11:00:00+08:00,Shenzhen,22.543099,114.057868,25,pm25,25,19,13.8,4.6,7.3,21.6,27,100,1005.5,7.7,,
2025-08-14T11:00:00+08:00,Zhongshan (Taiwan),25.062361,121.526528,21,pm25,21,16,7.2,0.9,2.2,13.7,34,56,1010,8.2,16.4,24
2025-08-14T11:00:00+08:00,Chongqing,29.56301,106.551557,72,pm25,72,29,6.9,4.1,7.3,45.5,33,55,1009,1.5,,
2025-08-14T06:00:00+03:00,Istanbul (Turkey),41.015278,29.025,36,pm25,36,21,1.5,1.6,14,33,23.7,77.8,1008.7,7.7,,19.6
2025-08-14T11:00:00+07:00,Hanoi,21.0491,105.8831,130,pm25,130,74,39,11,9,11,34,71,1005,2,,28
2025-08-14T11:00:00+07:00,Bangkok,13.7563309,100.5017651,72,pm25,72,30,0.6,0.6,0.1,4.8,33,8,1008.5,1,,
2025-08-14T10:00:00+05:30,Delhi,28.6341,77.2005,72,pm25,72,21,7.6,1.9,6.8,16.8,20.975,94.525,985.8,0.375,10.2,25
2025-08-14T13:00:00+09:00,Seoul,37.566535,126.9779692,17,pm25,17,10,11.9,4.5,3.7,15.3,26,90.9,1004.8,2,,
2025-08-14T12:00:00+08:00,Beijing,39.954592,116.468117,30,pm25,30,13,11,1.6,3.7,28.5,28,69,1013,0.5,,
2025-08-14T12:00:00+08:00,Shanghai,31.2047372,121.4489017,42,pm25,42,25,3.7,4.1,3.7,18.7,35,53,1013,4.6,,
2025-08-14T12:00:00+09:00,Shinjuku (Tokyo),35.713889,139.705556,13,pm25,13,8,10.2,2.9,2.3,43.2,30.5,56.9,1014.2,1,,21
2025-08-14T13:00:00+09:00,Osaka,34.6937378,135.5021651,63,pm25,63,30,10.2,7.2,0.1,48.1,34,63,1015,3.6,,
2025-08-14T03:00:00+02:00,Paris,48.856614,2.3522219,54,pm25,54,27,7.6,0.6,0.1,23.9,21.1,87,1018.8,0.1,,
2025-08-14T04:00:00+01:00,London,51.5073509,-0.1277583,57,pm25,57,30,3.7,0.6,1.9,22,18.3,80.7,1018,4.5,,
2025-08-14T06:00:00+02:00,Frankfurt,50.075464,8.576305,65,pm25,65,24,,0.5,0.1,2.4,19,88,1017,1.8,11.3,17
2025-08-14T06:00:00+02:00,Hamburg,53.564486,9.96834,30,pm10,50,30,8.3,1.6,0.1,22.4,18,85,1017,1.5,,15.5
2025-08-14T12:00:00+08:00,Wuhan,30.593099,114.305393,59,pm25,59,31,6,2.6,7.3,,34,66,1008,2.5,,
2025-08-14T06:00:00+02:00,Warsaw (Poland),52.225171,21.014783,53,pm25,53,29,13.7,2,0.1,12,17,77,1021,2,8.7,13
2025-08-14T13:00:00+09:30,Winnellie (Australia),-12.424323299931126,130.89335024356842,65,pm25,65,35,1.1,1,4.6,13.3,32.4,27.700000000000003,1009.7,10.09,,11.6
2025-08-14T10:00:00+05:30,Bangalore (India),13.0270199,77.494094,59,pm10,56,59,7.2,1.1,3.8,9.2,22,93.60000000000001,951.6133333333333,0.86,,20
2025-08-14T10:00:00+05:30,Chennai (India),13.1278,80.2642,74,pm25,74,61,4.2,1.3,3.7,,29.0375,68.9425,82958.07500000001,2.5225,12.8,25
2025-08-13T22:00:00-04:00,Georgia,33.68797,-84.29048,34,pm25,34,26,6.4,0.2,2.5,0.8,25.5,61,1013.8,0.3,1.4,
2025-08-13T21:00:00-07:00,Phoenix,33.403055555556,-112.07527777778,50,pm25,50,33,4.7,,3.4,32,38,18,1009.4,8.2,11.8,10
2025-08-13T21:00:00-06:00,Denver,39.732146,-105.015317,46,pm25,46,31,11.9,0.6,4.6,19.9,29.4444,22,1015.4,3,6,
2025-08-14T13:00:00+09:00,Daegu,35.8714354,128.601445,21,o3,13,8,6.3,3,2.2,21.4,7.1,71,1016,3.9,,
2025-08-14T12:00:00+09:00,Nagoya,35.1814464,136.906398,74,pm25,74,27,17.6,4.3,22.3,55.8,33.3,61.3,1015.3,3.4,,
2025-08-14T13:00:00+09:00,Fukuoka,33.5903547,130.4017155,50,pm25,50,16,5.6,1.5,2.3,27.2,33,62,1016,5.1,,
2025-08-14T12:00:00+09:00,Kawasaki,35.5309058,139.7030511,67,o3,63,30,19.5,7.2,2.3,67.4,29,70,1016,2.5,,
2025-08-14T12:00:00+08:00,Shenzhen,22.543099,114.057868,38,pm25,38,19,12.8,4.1,8.2,22.4,26,94.5,1005.7,7.7,,
2025-08-14T12:00:00+08:00,Zhongshan (Taiwan),25.062361,121.526528,30,pm25,30,11,5.4,0.9,1.7,13.4,34,56,1010,8.7,16.4,24
2025-08-14T12:00:00+08:00,Chongqing,29.56301,106.551557,68,pm25,68,20,4.6,3.6,5.5,48.4,33,55,1008,2.5,,
2025-08-14T07:00:00+03:00,Istanbul (Turkey),41.015278,29.025,36,pm25,36,20,3,1.6,13.9,33.4,23.7,77.8,1008.7,7.7,,19.6
2025-08-14T12:00:00+07:00,Hanoi,21.0491,105.8831,138,pm25,138,77,25,10,6,18,35,67,1004,1.5,,28
2025-08-14T12:00:00+07:00,Bangkok,13.7563309,100.5017651,81,pm25,81,44,0.6,0.6,0.1,4.8,33,8.3,1008.5,2,,
2025-08-14T11:00:00+05:30,Delhi,28.6341,77.2005,57,pm25,57,11,6,1.1,6.4,24.6,21.075000000000003,94.675,985.55,0.675,10.2,25
2025-08-14T11:00:00+05:30,Mumbai,19.0863,72.8888,83,pm25,83,48,1.6,14.8,1.2,11.8,25.5,99.92,1004.69,43.1,10.8,24.5
2025-08-14T14:00:00+09:00,Seoul,37.566535,126.9779692,17,o3,17,10,11.3,4.6,3.8,17.4,26,90.9,1004.8,2,,
2025-08-14T13:00:00+08:00,Beijing,39.954592,116.468117,40,o3,38,15,11,2.1,4.6,39.8,29,70,1013,0.5,,
2025-08-14T13:00:00+08:00,Shanghai,31.2047372,121.4489017,50,pm25,50,28,3.2,4.1,3.7,24.4,35,53,1012,5.6,,
2025-08-14T13:00:00+09:00,Shinjuku (Tokyo),35.713889,139.705556,17,pm25,17,8,7.5,1.5,2.3,7.3,33.3,50,1016.9,0.2,1,
2025-08-14T14:00:00+09:00,Osaka,34.6937378,135.5021651,76,pm25,76,50,11.2,8.6,0.1,59.7,35,56,1014,3,,
2025-08-14T07:00:00+02:00,Frankfurt,50.075464,8.576305,68,pm25,68,37,,0.5,0.1,1.4,21,77,1017,2.5,11.3,17
2025-08-14T13:00:00+08:00,Wuhan,30.593099,114.305393,57,pm25,57,23,6.9,2.1,6.4,,34,66,1007,2.5,,
2025-08-14T07:00:00+02:00,Warsaw (Poland),52.225171,21.014783,52,pm25,52,29,19.4,2,0.1,12,20,64,1021,2.5,8.7,13
2025-08-14T14:00:00+09:30,Winnellie (Australia),-12.424323299931126,130.89335024356842,54,pm25,54,22,1.4,1.2,4.8,14.6,32.4,28.200000000000003,1009.7,7.215,,11.6
2025-08-14T11:00:00+05:30,Bangalore (India),13.0270199,77.494094,61,pm25,61,61,7.2,5.9,3.8,9.1,23.5,91.725,951.55,0.855,,21
2025-08-14T11:00:00+05:30,Chennai (India),13.1278,80.2642,70,pm25,70,61,4.4,0.7,3.8,,29.240000000000002,66.16250000000001,82941.425,2.125,12.8,24.5
2025-08-14T00:00:00-04:00,Boston,42.325184,-71.05608,29,pm25,29,10,6.5,0.6,3.4,28.9,25.3,81,1010.8,,,
2025-08-13T23:00:00-04:00,Georgia,33.68797,-84.29048,33,pm25,33,24,4.8,0.2,2.3,0.8,25,59.2,1014,0.3,0.2,
2025-08-13T22:00:00-07:00,Phoenix,33.403055555556,-112.07527777778,85,pm25,85,85,4.7,,2.3,39.2,37,21.5,1009.6,9,11.8,11.5
2025-08-14T14:00:00+09:00,Daegu,35.8714354,128.601445,22,o3,13,8,6.6,3,2.2,22.3,7.1,71,1016,3.9,,
2025-08-14T13:00:00+09:00,Nagoya,35.1814464,136.906398,63,pm25,63,27,14.9,2.9,21.2,55.8,33.3,61,1014.8,3,,
2025-08-14T14:00:00+09:00,Fukuoka,33.5903547,130.4017155,42,pm25,42,19,4.7,1.5,2.3,21.6,33,59,1016,6.6,,
2025-08-14T13:00:00+09:00,Kawasaki,35.5309058,139.7030511,67,o3,53,12,13.9,4.3,2.3,67.4,32,66,1015,3,,
2025-08-14T13:00:00+08:00,Shenzhen,22.543099,114.057868,34,pm25,34,18,11,4.1,8.2,19.9,26,100,1005.4,8,,
2025-08-14T13:00:00+08:00,Zhongshan (Taiwan),25.062361,121.526528,21,pm25,21,8,5,0.9,1.7,13.1,34,56,1010,8.4,16.4,24
2025-08-14T13:00:00+08:00,Chongqing,29.56301,106.551557,57,pm25,57,16,2.8,4.1,4.6,44.7,35,49,1008,3.6,,
2025-08-14T08:00:00+03:00,Istanbul (Turkey),41.015278,29.025,36,pm25,36,20,6.3,1.6,13.7,33.8,25,65,1015,8.4,15.9,18
2025-08-14T13:00:00+07:00,Hanoi,21.0491,105.8831,131,pm25,131,73,16,10,5,20,34,68.5,1003.5,1.5,,27.5
2025-08-14T12:00:00+05:30,Delhi,28.6341,77.2005,46,pm25,46,12,5.7,1.4,7.1,19.4,21.525,94.45,985.475,0.8500000000000001,10.2,25
2025-08-14T12:00:00+05:30,Mumbai,19.0863,72.8888,95,pm25,95,56,1.5,14.9,1.1,11.6,26,99.92,1004.5775,43.07,10.8,25
2025-08-14T15:00:00+09:00,Seoul,37.566535,126.9779692,21,pm25,21,10,11,4.6,3.9,17.1,26.4,89.9,1004.4,2,,
2025-08-14T14:00:00+08:00,Beijing,39.954592,116.468117,60,o3,46,18,7.8,2.1,5.5,59.7,30,66,1012,0.5,,
2025-08-14T14:00:00+08:00,Shanghai,31.2047372,121.4489017,42,pm25,42,21,2.8,4.1,3.7,27.7,35,53,1012,6.6,,
2025-08-14T14:00:00+09:00,Shinjuku (Tokyo),35.713889,139.705556,42,pm25,42,10,10.2,1.5,4.5,50.7,33.3,50,1016.7,0.2,1,
2025-08-14T15:00:00+09:00,Osaka,34.6937378,135.5021651,87,pm25,87,52,11.2,8.6,0.1,68.6,35,56,1014,3,,
2025-08-14T05:00:00+02:00,Paris,48.856614,2.3522219,56,pm25,56,25,19.7,0.6,0.1,17.5,21.6,82,1019.3,1,,
2025-08-14T06:00:00+01:00,London,51.5073509,-0.1277583,65,pm25,65,51,11,0.6,1.4,27.2,17.2,83.6,1018.3,3.7,,
2025-08-14T08:00:00+02:00,Frankfurt,50.075464,8.576305,66,pm25,66,29,,0.5,0.1,2.5,21,80.5,1018,2,11.3,17.5
2025-08-14T08:00:00+02:00,Hamburg,53.564486,9.96834,22,o3,50,30,18.3,3.1,0.1,22,20.5,75,1017,2.3,,16
2025-08-14T14:00:00+08:00,Wuhan,30.593099,114.305393,55,pm25,55,19,4.2,2.1,5.5,,35,59,1007,4.6,,
2025-08-14T08:00:00+02:00,Warsaw (Poland),52.225171,21.014783,54,pm25,54,34,24,2,0.1,12,22,60,1022,2,8.7,14
2025-08-14T15:00:00+09:30,Winnellie (Australia),-12.424323299931126,130.89335024356842,69,pm25,69,26,1.7,1.1,5,15.7,32.5,29,1008.2,8.015,,12.2
2025-08-14T12:00:00+05:30,Bangalore (India),13.0270199,77.494094,57,pm10,56,57,8.2,0.9,3.8,9.3,24.5,79.1,951.41,0.86,,20
2025-08-14T12:00:00+05:30,Chennai (India),13.1278,80.2642,64,pm25,64,64,3.7,0.3,3.5,,29.33,66.47,82894.8,2.33,12.8,25
2025-08-14T01:00:00-04:00,Boston,42.325184,-71.05608,28,pm25,28,10,5.6,0.6,3.4,21.6,24.8,83.6,1010.7,,,
2025-08-14T00:00:00-04:00,Georgia,33.68797,-84.29048,25,pm25,25,16,3.2,0.2,1.4,2.4,24.3,57.8,1013.1,0.3,0.8,
2025-08-13T23:00:00-07:00,Phoenix,33.403055555556,-112.07527777778,69,pm10,52,69,4.7,,1.2,35.2,34,30,1009.8,3,11.8,14
2025-08-14T15:00:00+09:00,Daegu,35.8714354,128.601445,20,o3,17,10,6.1,3.3,2,19.5,7.1,71,1016,3.9,,
2025-08-14T14:00:00+09:00,Nagoya,35.1814464,136.906398,68,pm25,68,27,19.5,2.9,5.6,64.8,33.3,60,1014.5,4,,
2025-08-14T15:00:00+09:00,Fukuoka,33.5903547,130.4017155,46,pm25,46,16,2.8,2.9,1.2,17.6,33,59,1016,6.6,,
2025-08-14T14:00:00+09:00,Kawasaki,35.5309058,139.7030511,79,o3,46,10,10.2,2.9,3.4,78.9,33,58,1015,3.3,,
2025-08-14T14:00:00+08:00,Shenzhen,22.543099,114.057868,34,pm25,34,17,11.5,4.1,8.2,19.9,25,100,1005.1,7.7,,
2025-08-14T14:00:00+08:00,Zhongshan (Taiwan),25.062361,121.526528,17,pm25,17,8,3.7,0.9,1.5,12.1,34,58,1009,7.8,11.8,24.6
2025-08-14T14:00:00+08:00,Chongqing,29.56301,106.551557,56,o3,46,18,3.7,4.6,4.6,55.8,35,53,1007,2.5,,
2025-08-14T09:00:00+03:00,Istanbul (Turkey),41.015278,29.025,37,pm25,37,21,6.8,1.5,13.6,33.8,25.5,63,1015,10,15.9,18
2025-08-14T14:00:00+07:00,Hanoi,21.0491,105.8831,102,pm25,102,62,28,10,10,19,29,70,1003,4.1,,23
2025-08-14T14:00:00+07:00,Bangkok,13.7563309,100.5017651,40,pm25,40,20,0.6,0.6,0.1,4.8,34,50.5,1006,4.1,,
2025-08-14T15:00:00+08:00,Beijing,39.954592,116.468117,79,o3,57,44,6.9,2.1,6.4,79.3,31,66,1011,1.5,,
2025-08-14T15:00:00+08:00,Shanghai,31.2047372,121.4489017,42,pm25,42,19,2.8,4.1,3.7,28.9,35,53,1012,6.6,,
2025-08-14T15:00:00+09:00,Shinjuku (Tokyo),35.713889,139.705556,53,pm25,53,12,10.2,1.5,4.5,68.6,33.3,51,1016.7,0.2,0.5,
2025-08-14T06:00:00+02:00,Paris,48.856614,2.3522219,64,pm25,64,26,23.2,0.6,0.1,16.1,21.6,81,1019.5,0.3,,
2025-08-14T09:00:00+02:00,Frankfurt,50.075464,8.576305,71,pm25,71,40,,0.5,0.1,14.1,24,69,1018,1,11.3,18
2025-08-14T09:00:00+02:00,Hamburg,53.564486,9.96834,25,o3,50,30,16.5,5.6,0.1,25.2,22.5,66,1017,2.8,,16
2025-08-14T15:00:00+08:00,Wuhan,30.593099,114.305393,57,pm25,57,17,3.2,2.1,5.5,,35,59,1007,4.6,,
2025-08-14T09:00:00+02:00,Warsaw (Poland),52.225171,21.014783,57,pm25,57,44,26.7,2,0.1,12,25,50,1022,3,8.7,14
2025-08-14T16:00:00+09:30,Winnellie (Australia),-12.424323299931126,130.89335024356842,80,pm25,80,42,1.7,1.2,5,15.9,32.2,28,1008,8.785,,11.9
2025-08-14T02:00:00-04:00,Boston,42.325184,-71.05608,26,pm25,26,10,4.7,0.6,3.4,21.6,24.4,85.3,1010.8,,,
2025-08-14T01:00:00-04:00,Georgia,33.68797,-84.29048,18,pm25,18,12,3.2,0.2,1.2,4.8,23.8,57.4,1014,0.3,1.5,
2025-08-14T00:00:00-07:00,Phoenix,33.403055555556,-112.07527777778,33,pm25,33,15,4.7,,1.2,31.2,36,23,1008.8,4.6,11.8,12
2025-08-13T23:00:00-06:00,Denver,39.732146,-105.015317,24,pm10,46,24,9.6,0.6,3.4,15.1,27.2222,32.3,1015.6,2,2.6,
2025-08-14T16:00:00+09:00,Daegu,35.8714354,128.601445,17,o3,17,8,6,3,1.9,17.4,7.1,71,1016,3.9,,
2025-08-14T15:00:00+09:00,Nagoya,35.1814464,136.906398,74,pm25,74,27,18.6,2.9,6.7,64.8,33.8,60,1014.2,3.7,,
2025-08-14T16:00:00+09:00,Fukuoka,33.5903547,130.4017155,46,pm25,46,30,4.7,1.5,2.3,17.6,32.5,62.5,1016,6.4,,
2025-08-14T15:00:00+09:00,Kawasaki,35.5309058,139.7030511,53,o3,38,12,7.5,1.5,2.3,53.3,33,52,1015,3.6,,
2025-08-14T15:00:00+08:00,Shenzhen,22.543099,114.057868,42,pm25,42,15,14.2,4.1,6.4,23.2,26,100,1005.3,5.6,,
2025-08-14T15:00:00+08:00,Zhongshan (Taiwan),25.062361,121.526528,25,pm25,25,10,4,1,1.4,12.1,33,62,1009,7.7,11.8,25
2025-08-14T15:00:00+08:00,Chongqing,29.56301,106.551557,68,o3,55,17,4.2,5.1,4.6,67.5,35,49,1006,3.6,,
2025-08-14T10:00:00+03:00,Istanbul (Turkey),41.015278,29.025,39,pm25,39,21,5.1,1.6,13.7,35.4,27,57,1015,10.8,15.9,18
2025-08-14T15:00:00+07:00,Hanoi,21.0491,105.8831,77,pm25,77,53,22,10,6,16,29,74,1002,3.6,,24
2025-08-14T15:00:00+07:00,Bangkok,13.7563309,100.5017651,31,pm25,31,22,0.6,0.6,0.1,4.8,34,52,1006,5.6,,
2025-08-14T14:00:00+05:30,Delhi,28.6341,77.2005,70,pm25,70,38,4.8,2.1,6.1,10.3,22.825,93.425,984.55,0.275,10.2,25
2025-08-14T14:00:00+05:30,Mumbai,19.0863,72.8888,87,pm25,87,52,1.4,14.8,0.9,11.7,27.5,99.92,1003.1466666666666,45.71,10.8,24
2025-08-14T17:00:00+09:00,Seoul,37.566535,126.9779692,23,o3,17,11,11.3,4.5,4.2,23.3,26.5,87.7,1004.5,2.5,,
2025-08-14T16:00:00+08:00,Beijing,39.954592,116.468117,81,o3,55,14,6.4,3.6,6.4,81.2,32,62,1011,0.5,,
2025-08-14T16:00:00+08:00,Shanghai,31.2047372,121.4489017,30,pm25,30,19,3.2,2.1,3.7,28.5,34,56,1012,6.6,,
2025-08-14T16:00:00+09:00,Shinjuku (Tokyo),35.713889,139.705556,42,pm25,42,16,13,1.5,4.5,68.6,32.7,52,1016.6,0.2,1,
2025-08-14T16:00:00+09:00,Osaka,34.6937378,135.5021651,82,pm25,82,41,12.1,8.6,3.4,59.7,34,59,1014,3.6,,
2025-08-14T07:00:00+02:00,Paris,48.856614,2.3522219,66,pm25,66,33,23.2,0.6,0.1,15,22.8,75.6,1020,1,,
2025-08-14T08:00:00+01:00,London,51.5073509,-0.1277583,65,pm25,65,51,17,1.1,1.9,19.5,19,79.5,1020,3.1,,
2025-08-14T10:00:00+02:00,Frankfurt,50.075464,8.576305,73,pm25,73,46,,0.5,0.1,30.2,26.5,59,1018,0.7,11.3,18
2025-08-14T10:00:00+02:00,Hamburg,53.564486,9.96834,53,pm25,53,30,23.8,5.6,0.1,20.4,24.5,58.5,1018,2.5,,16
2025-08-14T16:00:00+08:00,Wuhan,30.593099,114.305393,61,pm25,61,24,4.6,3.6,5.5,,36,56,1006,4.6,,
2025-08-14T10:00:00+02:00,Warsaw (Poland),52.225171,21.014783,51,pm25,51,35,18.6,2,0.1,12,27,44,1022,3.6,8.7,14
2025-08-14T18:00:00+09:30,Winnellie (Australia),-12.424323299931126,130.89335024356842,35,pm25,35,15,1,1.1,4.1,10.3,30.2,44.6,1007.9,10.99,,16.2
2025-08-14T14:00:00+05:30,Bangalore (India),13.0270199,77.494094,55,pm10,45,55,7,1.5,3.8,9.4,25,73.27499999999999,951.175,0.8225,,21
2025-08-14T14:00:00+05:30,Chennai (India),13.1278,80.2642,66,pm25,66,63,2.7,1.5,4.2,,29.404999999999998,67.05,82802.675,1.9,12.8,25
2025-08-14T03:00:00-04:00,Boston,42.325184,-71.05608,26,pm25,26,9,4.7,0.6,2.3,19.2,23.8,86.5,1010.7,,,
2025-08-14T02:00:00-04:00,Georgia,33.68797,-84.29048,20,pm25,20,16,2.4,0.2,1.2,2.4,23.8,56,1014.3,0.2,3.6,
2025-08-14T01:00:00-07:00,Phoenix,33.403055555556,-112.07527777778,37,pm25,37,20,4.7,,2.3,21.6,36,23,1009.1,3,11.8,12
2025-08-14T13:00:00+05:30,Hyderabad (India),17.417094,78.457437,57,pm10,45,57,2.2,15.3,1.8,43.1,26,74.62,1007,1.39,10.2,22
2025-08-14T17:00:00+09:00,Daegu,35.8714354,128.601445,18,o3,17,10,6.6,3,2.2,18.1,7.1,71,1016,3.9,,
2025-08-14T17:00:00+09:00,Gyeonggi,37.4112,127.2579,28,o3,13,10,10.3,2.6,3.8,27.5,28,83,1015.2,2,0.5,25
2025-08-14T16:00:00+09:00,Nagoya,35.1814464,136.906398,78,pm25,78,29,20.4,5.8,6.7,55.8,32.7,61,1014.3,3.8,,
2025-08-14T17:00:00+09:00,Fukuoka,33.5903547,130.4017155,53,pm25,53,26,4.7,1.5,2.3,20,32,66,1016,4.1,,
2025-08-14T16:00:00+09:00,Kawasaki,35.5309058,139.7030511,85,o3,57,34,12.1,4.3,3.4,85.3,30,66,1015,6.6,,
2025-08-14T16:00:00+08:00,Shenzhen,22.543099,114.057868,38,pm25,38,13,14.2,4.1,7.3,23.2,26,100,1005.2,6.6,,
2025-08-14T16:00:00+08:00,Zhongshan (Taiwan),25.062361,121.526528,18,pm10,17,18,4.3,1,1.4,10.3,33,62,1009,8.2,11.8,25
2025-08-14T16:00:00+08:00,Chongqing,29.56301,106.551557,65,o3,46,14,4.2,5.1,4.6,64.9,36,41,1006,3.6,,
2025-08-14T11:00:00+03:00,Istanbul (Turkey),41.015278,29.025,39,pm25,39,20,5.1,1.6,13.7,35.5,28,54,1015,12.3,15.9,18
2025-08-14T16:00:00+07:00,Hanoi,21.0491,105.8831,54,pm25,54,42,32,10,7,18,30,70,1001,1.5,,24
2025-08-14T15:00:00+05:30,Delhi,28.6341,77.2005,55,pm25,55,11,5.4,2.4,6.4,16.8,22.675,93.125,985.9250000000001,0.275,10.2,25
2025-08-14T15:00:00+05:30,Mumbai,19.0863,72.8888,82,pm25,82,47,1.7,14.9,1.5,11.5,29,99.92,1002.1866666666666,31.223333333333333,10.8,23
2025-08-14T18:00:00+09:00,Seoul,37.566535,126.9779692,26,o3,25,13,12.8,4.6,3.9,25.8,26.8,81.7,1004.2,1.5,,
2025-08-14T17:00:00+08:00,Beijing,39.954592,116.468117,80,o3,59,20,5.5,3.1,5.5,79.9,27,74,1011,5.6,,
2025-08-14T17:00:00+08:00,Shanghai,31.2047372,121.4489017,46,pm25,46,22,3.7,4.6,3.7,28.9,34,56,1012,5.6,,
2025-08-14T17:00:00+09:00,Shinjuku (Tokyo),35.713889,139.705556,59,pm25,59,13,13,1.5,2.3,7.3,30.5,64,1016.9,0.2,2,
2025-08-14T18:00:00+09:00,Osaka,34.6937378,135.5021651,82,pm25,82,56,13,5.8,0.1,46.5,28,74,1014,4.1,,
2025-08-14T08:00:00+02:00,Paris,48.856614,2.3522219,57,pm25,57,31,17.2,0.6,0.1,16,23.8,72.7,1020.7,2,,
2025-08-14T11:00:00+02:00,Frankfurt,50.075464,8.576305,67,pm25,67,34,,0.5,0.1,37.8,28.5,52.5,1018,1.5,11.3,18
2025-08-14T11:00:00+02:00,Hamburg,53.564486,9.96834,53,pm25,53,30,13.8,8.7,0.1,33.3,26.5,54,1018,3,,16.5
2025-08-14T17:00:00+08:00,Wuhan,30.593099,114.305393,63,pm25,63,23,5.1,3.1,5.5,,36,53,1006,4.6,,
2025-08-14T11:00:00+02:00,Warsaw (Poland),52.225171,21.014783,42,pm25,42,24,10.6,2,0.1,12,29,39,1022,3.6,8.7,14
2025-08-14T15:00:00+05:30,Bangalore (India),13.0270199,77.494094,56,pm10,45,56,8.2,1.5,3.8,9.3,25,74.6,951.035,0.8425,,20.5
2025-08-14T15:00:00+05:30,Chennai (India),13.1278,80.2642,61,pm25,61,51,2.7,0.7,4,,29.39,67.72,82736.32500000001,1.585,12.8,24
2025-08-14T04:00:00-04:00,Boston,42.325184,-71.05608,27,pm25,27,9,6.5,0.6,3.4,18.4,23.5,88.3,1011.1,,,
2025-08-14T03:00:00-04:00,Georgia,33.68797,-84.29048,22,pm25,22,19,6.4,0.2,2.3,2.4,23.8,56,1014.3,0.1,2.7,
2025-08-14T02:00:00-07:00,Phoenix,33.403055555556,-112.07527777778,50,pm25,50,23,4.7,,2.3,24.8,34,30,1009.8,5.1,11.8,14
2025-08-14T17:00:00+09:00,Nagoya,35.1814464,136.906398,76,pm25,76,26,17.6,4.3,3.4,48.1,30.5,66,1014.5,5.3,,
2025-08-14T18:00:00+09:00,Fukuoka,33.5903547,130.4017155,53,pm25,53,30,5.6,2.9,2.3,16.8,31,70,1015,4.1,,
2025-08-14T17:00:00+09:00,Kawasaki,35.5309058,139.7030511,59,pm25,59,34,12.1,4.3,3.4,55.8,29,70,1015,6.6,,
2025-08-14T17:00:00+08:00,Shenzhen,22.543099,114.057868,53,pm25,53,15,15.6,4.1,7.3,22.4,27,100,1004.7,7,,
2025-08-14T17:00:00+08:00,Zhongshan (Taiwan),25.062361,121.526528,30,pm25,30,10,4,1,1.7,9.8,33,59,1009,8.7,14.1,24
2025-08-14T17:00:00+08:00,Chongqing,29.56301,106.551557,65,o3,59,32,3.2,3.6,5.5,64.9,36,41,1005,3.6,,
2025-08-14T17:00:00+07:00,Hanoi,21.0491,105.8831,45,pm25,45,40,32,10,7,15,30,72,1001,1.5,,24.5
2025-08-14T17:00:00+07:00,Bangkok,13.7563309,100.5017651,30,pm25,30,23,0.6,0.6,0.1,4.8,33,8,1003,2,,
2025-08-14T16:00:00+05:30,Delhi,28.6341,77.2005,34,pm25,34,7,4,1.5,5.8,22.9,23.275,92.55,984.875,0.2333333333333333,10.2,26
2025-08-14T16:00:00+05:30,Mumbai,19.0863,72.8888,83,pm25,83,48,2.5,14.9,1.5,11.5,29,99.92,1001.66,30.09,10.8,24
2025-08-14T19:00:00+09:00,Seoul,37.566535,126.9779692,27,o3,25,14,16.4,4.6,4.7,27.2,26.8,81.7,1004.2,1.5,,
2025-08-14T18:00:00+08:00,Beijing,39.954592,116.468117,58,o3,57,24,6.9,1.6,5.5,57.8,25,83,1012,3.6,,
2025-08-14T18:00:00+08:00,Shanghai,31.2047372,121.4489017,55,pm25,55,26,5.1,4.6,5.5,29.7,32,62,1012,6.6,,
2025-08-14T18:00:00+09:00,Shinjuku (Tokyo),35.713889,139.705556,53,pm25,53,15,17.6,1.5,3.4,71.2,30.1,66.7,1017.1,0.2,0.5,
2025-08-14T19:00:00+09:00,Osaka,34.6937378,135.5021651,74,pm25,74,40,11.2,7.2,0.1,36.1,28,78,1015,2.5,,
2025-08-14T10:00:00+01:00,London,51.5073509,-0.1277583,42,pm25,42,18,15.1,1.1,1.7,19,21,75.3,1020.1,4.4,,
2025-08-14T12:00:00+02:00,Frankfurt,50.075464,8.576305,69,pm25,69,36,,0.5,0.1,51.4,29.5,51,1018,1.8,11.3,18.5
2025-08-14T12:00:00+02:00,Hamburg,53.564486,9.96834,53,pm25,53,31,12.8,3.6,0.1,42.3,28.5,49.5,1017.5,2.8,,17
2025-08-14T18:00:00+08:00,Wuhan,30.593099,114.305393,61,pm25,61,19,5.5,3.6,5.5,,35,56,1006,3.6,,
2025-08-14T12:00:00+02:00,Warsaw (Poland),52.225171,21.014783,40,pm25,40,25,12.3,2,0.1,12,30,35,1022,5.6,8.7,13
2025-08-14T19:00:00+09:30,Winnellie (Australia),-12.424323299931126,130.89335024356842,24,pm25,24,12,1.3,1.3,4.6,10.7,26.6,57.1,1009,4.085,,17.4
2025-08-14T16:00:00+05:30,Chennai (India),13.1278,80.2642,62,pm25,62,47,3.3,0.7,4.4,,29.442500000000003,67.32249999999999,82652.55,1.315,12.8,25
2025-08-14T05:00:00-04:00,Boston,42.325184,-71.05608,28,pm25,28,10,9.3,0.6,4.5,16.8,23.3,89.6,1011.6,,,
2025-08-14T04:00:00-04:00,Georgia,33.68797,-84.29048,23,pm25,23,22,8.6,0.2,2.6,2.4,23.8,56.3,1014.5,0.6,3.5,
2025-08-14T03:00:00-07:00,Phoenix,33.403055555556,-112.07527777778,59,pm25,59,53,4.7,,1.2,32.8,33,33,1010.4,4.1,11.8,15
2025-08-14T02:00:00-06:00,Denver,39.732146,-105.015317,57,pm25,57,34,7.8,0.6,2.5,15.5,23.3333,39.6,1015.6,1,1.7,
2025-08-14T19:00:00+09:00,Gyeonggi,37.4112,127.2579,46,pm25,46,17,12.8,2.8,3.9,27.3,27,83,1015.5,1.5,0.5,24
2025-08-14T18:00:00+09:00,Nagoya,35.1814464,136.906398,72,pm25,72,20,13.9,2.9,2.3,42.4,29.4,72,1015.1,4.1,,
2025-08-14T19:00:00+09:00,Fukuoka,33.5903547,130.4017155,42,pm25,42,25,3.8,1.5,3.4,14.5,30,74,1015,2.5,,
2025-08-14T18:00:00+09:00,Kawasaki,35.5309058,139.7030511,53,pm25,53,51,16.7,2.9,3.4,44,30,72,1015,7.2,,
2025-08-14T18:00:00+08:00,Shenzhen,22.543099,114.057868,53,pm25,53,16,12.8,4.1,8.2,21.2,27,95,1004.6,4.7,,
2025-08-14T18:00:00+08:00,Zhongshan (Taiwan),25.062361,121.526528,21,pm25,21,7,5.3,0.9,2.3,8.4,31.3,64.6,1009.3,7.2,12.8,24
2025-08-14T18:00:00+08:00,Chongqing,29.56301,106.551557,70,pm25,70,34,3.7,2.6,4.6,62.3,34,52,1005,3.6,,
2025-08-14T13:00:00+03:00,Istanbul (Turkey),41.015278,29.025,41,pm25,41,21,5.4,1.5,13.8,36.1,29,45,1014,13.8,15.9,16
2025-08-14T18:00:00+07:00,Hanoi,21.0491,105.8831,47,pm10,46,47,52,10,20,10,30.5,72,1000,1.2,,25
2025-08-14T18:00:00+07:00,Bangkok,13.7563309,100.5017651,38,pm25,38,23,1.2,0.6,0.1,4.8,33,8.8,1003,2,,
2025-08-14T20:00:00+09:00,Seoul,37.566535,126.9779692,34,pm25,34,17,18.5,4.8,4.9,27.2,26.4,82.6,1004.4,1.5,,
2025-08-14T19:00:00+08:00,Beijing,39.954592,116.468117,50,pm25,50,21,7.8,1.1,5.5,46.3,23,100,1013,3,,
2025-08-14T19:00:00+08:00,Shanghai,31.2047372,121.4489017,53,pm25,53,29,6,4.1,5.5,28.1,31,66,1013,7.7,,
2025-08-14T19:00:00+09:00,Shinjuku (Tokyo),35.713889,139.705556,53,pm25,53,21,20.4,2.9,5.6,76.3,28.8,73,1018.2,0.2,2,
2025-08-14T20:00:00+09:00,Osaka,34.6937378,135.5021651,57,pm25,57,40,19.5,5.8,0.1,24.8,29,70,1015,2,,
2025-08-14T09:00:00+02:00,Paris,48.856614,2.3522219,61,pm25,61,37,16.5,0.6,0.1,21.6,25,68.7,1020.7,1.2,,
2025-08-14T13:00:00+02:00,Frankfurt,50.075464,8.576305,67,pm25,67,33,,0.5,0.1,57.2,31,46.5,1018,1.8,11.3,18.5
2025-08-14T13:00:00+02:00,Hamburg,53.564486,9.96834,55,pm25,55,32,12.8,7.1,0.1,45.9,30.5,47,1017,2.8,,18
2025-08-14T19:00:00+08:00,Wuhan,30.593099,114.305393,63,pm25,63,21,9.6,3.1,5.5,,34,59,1007,2.5,,
2025-08-14T20:00:00+09:30,Winnellie (Australia),-12.424323299931126,130.89335024356842,27,pm25,27,11,1.6,1.2,4.5,10.4,26.6,59.5,1009,1.995,,17.4
2025-08-14T16:00:00+05:30,Bangalore (India),13.0270199,77.494094,87,pm25,87,59,8.4,2.2,3.8,9.1,23,93.66666666666667,950.87,0.8833333333333333,,21
2025-08-14T05:00:00-04:00,Georgia,33.68797,-84.29048,23,pm25,23,20,8.2,0.2,2.7,2.4,23.8,57,1015.2,0.4,3.5,
2025-08-14T04:00:00-07:00,Phoenix,33.403055555556,-112.07527777778,33,o3,27,26,4.7,,1.2,32.8,32,35,1010.1,3.6,11.8,15
2025-08-14T03:00:00-06:00,Denver,39.732146,-105.015317,63,pm25,63,39,12.4,0.6,3,14.3,22.2222,36.7,1015.8,2,3.8,
2025-08-14T19:00:00+09:00,Nagoya,35.1814464,136.906398,50,pm25,50,18,8.4,1.5,2.3,39.2,30,72.5,1015.2,3.9,,
2025-08-14T20:00:00+09:00,Fukuoka,33.5903547,130.4017155,50,pm25,50,30,7.5,1.5,3.4,14.5,30,74,1016,2.5,,
2025-08-14T19:00:00+09:00,Kawasaki,35.5309058,139.7030511,37,o3,34,11,11.2,1.5,2.3,36.8,29,73,1016,5.6,,
2025-08-14T19:00:00+08:00,Shenzhen,22.543099,114.057868,46,pm25,46,17,15.6,4.1,7.3,20.4,27,100,1006.2,6,,
2025-08-14T19:00:00+08:00,Zhongshan (Taiwan),25.062361,121.526528,13,pm25,13,7,6.5,0.9,2.6,6.1,30.5,68,1010,5.4,12.8,24
2025-08-14T19:00:00+08:00,Chongqing,29.56301,106.551557,72,pm25,72,32,3.7,2.1,4.6,62.3,33,55,1005,3.6,,
2025-08-14T14:00:00+03:00,Istanbul (Turkey),41.015278,29.025,41,pm25,41,21,5.6,1.4,13.9,36.9,29.5,45,1014,13.8,15.9,16.5
2025-08-14T19:00:00+07:00,Hanoi,21.0491,105.8831,67,pm25,67,55,50,10,17,10,30,74,1001.5,1.5,,25
2025-08-14T19:00:00+07:00,Bangkok,13.7563309,100.5017651,34,pm25,34,20,1.2,0.6,0.1,4.8,31.3,8.8,1003.2,1.5,,
2025-08-14T17:00:00+05:30,Delhi,28.6341,77.2005,50,pm25,50,10,10.1,2.8,7.9,18.3,23.549999999999997,91.05000000000001,986.7,0.25,10.2,25.5
2025-08-14T18:00:00+05:30,Mumbai,19.0863,72.8888,85,pm25,85,51,1.2,14.9,0.5,11.5,27,99.915,1001.315,29.8675,11.5,24
2025-08-14T21:00:00+09:00,Seoul,37.566535,126.9779692,46,pm25,46,26,16.4,5,5.2,29,25.8,85.6,1005.1,1.5,,
2025-08-14T20:00:00+08:00,Beijing,39.954592,116.468117,45,o3,38,19,6.4,1.1,5.5,45.1,23,94,1012,2.5,,
2025-08-14T20:00:00+08:00,Shanghai,31.2047372,121.4489017,46,pm25,46,26,6.9,4.1,5.5,13.5,31,68,1013,6.6,,
2025-08-14T21:00:00+09:00,Shinjuku (Tokyo),35.713889,139.705556,34,pm25,34,11,5.6,1.5,2.3,44.8,28.4,71.7,1018.3,0.2,0.5,
2025-08-14T21:00:00+09:00,Osaka,34.6937378,135.5021651,61,pm25,61,46,23.2,5.8,2.3,24.8,29,81,1016,2.7,,
2025-08-14T11:00:00+02:00,Paris,48.856614,2.3522219,72,pm25,72,29,12.8,0.6,0.1,38.7,27.2,62,1020.7,3,,
2025-08-14T12:00:00+01:00,London,51.5073509,-0.1277583,53,pm25,53,20,15.1,1.3,1.3,24.7,25.6,57.6,1019.9,6.1,,
2025-08-14T14:00:00+02:00,Hamburg,53.564486,9.96834,56,o3,55,32,11,8.2,0.1,55.8,32,40,1017,3.6,,17
2025-08-14T20:00:00+08:00,Wuhan,30.593099,114.305393,61,pm25,61,22,12.4,2.6,5.5,,33,66,1007,3.6,,
2025-08-14T14:00:00+02:00,Warsaw (Poland),52.225171,21.014783,39,pm25,39,21,11.9,2,0.1,12,31,31,1021,4.1,8.7,12
2025-08-14T22:00:00+09:30,Winnellie (Australia),-12.424323299931126,130.89335024356842,43,pm25,43,16,2.4,1.2,4.6,8.7,25.9,72.80000000000001,1010.5,3.97,,18.8
2025-08-14T18:00:00+05:30,Bangalore (India),13.0270199,77.494094,57,pm10,48,57,7.7,1.9,3.8,9.2,22.5,93.5,950.99,0.88,,20.5
2025-08-14T18:00:00+05:30,Chennai (India),13.1278,80.2642,84,pm25,84,54,4.6,1.4,4.3,,29.65,68.58,82634,0.58,12.8,24.5
2025-08-14T07:00:00-04:00,Boston,42.325184,-71.05608,29,pm25,29,10,11.2,0.6,4.5,13.6,24.4,86,1012.4,,,
2025-08-14T06:00:00-04:00,Georgia,33.68797,-84.29048,24,pm25,24,20,7.3,0.2,3.4,2.4,24.4,55,1016.8,1,8,
2025-08-14T05:00:00-07:00,Phoenix,33.403055555556,-112.07527777778,30,o3,29,15,4.7,,1.2,29.6,32,35,1010.4,3.6,11.8,15
2025-08-14T05:00:00-06:00,Denver,39.732146,-105.015317,63,pm25,63,34,12.8,0.6,3.4,12.2,21.1111,36.1,1016.2,3,4.5,
2025-08-14T21:00:00+09:00,Gyeonggi,37.4112,127.2579,46,pm25,46,20,18.1,2.9,5,16.2,25,94,1016.2,1,0.5,24
2025-08-14T21:00:00+09:00,Nagoya,35.1814464,136.906398,46,pm25,46,17,11.2,1.5,1.2,32.8,27.7,78,1016.2,3.8,,
2025-08-14T21:00:00+09:00,Fukuoka,33.5903547,130.4017155,50,pm25,50,30,5.6,1.5,3.4,13.6,29,79,1016,1,,
2025-08-14T21:00:00+09:00,Kawasaki,35.5309058,139.7030511,34,pm25,34,23,12.1,1.5,2.3,30.4,28,81,1017,5.4,,
2025-08-14T20:00:00+08:00,Shenzhen,22.543099,114.057868,53,pm25,53,17,11,4.1,7.3,21.2,27,100,1007.5,4.6,,
2025-08-14T21:00:00+08:00,Zhongshan (Taiwan),25.062361,121.526528,17,pm25,17,8,6.2,0.9,2,3.7,29,74,1011,4.1,12.8,24
2025-08-14T20:00:00+08:00,Chongqing,29.56301,106.551557,74,pm25,74,32,3.7,2.1,4.6,38.6,31,58,1005,1.5,,
2025-08-14T15:00:00+03:00,Istanbul (Turkey),41.015278,29.025,41,pm25,41,22,6.9,1.4,13.9,36.5,29.5,45,1014,12.6,15.9,16.5
2025-08-14T20:00:00+07:00,Hanoi,21.0491,105.8831,94,pm25,94,62,44,10,14,10,29,83,1003,2,,26
2025-08-14T20:00:00+07:00,Bangkok,13.7563309,100.5017651,47,pm25,47,28,0.6,0.6,0.1,4.8,30.5,76.2,1004.2,2.5,,
2025-08-14T19:00:00+05:30,Delhi,28.6341,77.2005,72,pm25,72,40,6.3,1.4,8.9,15.9,23.325,91.425,986.6750000000001,0.275,10.2,26
2025-08-14T19:00:00+05:30,Mumbai,19.0863,72.8888,83,pm25,83,48,1.6,14.9,1.3,11.6,27,99.92,1001.6266666666667,30.096666666666668,11.8,24
2025-08-14T22:00:00+09:00,Seoul,37.566535,126.9779692,50,pm25,50,27,16.3,5,5.6,25.7,25.8,85.6,1005.1,1.5,,
2025-08-14T21:00:00+08:00,Beijing,39.954592,116.468117,46,o3,17,20,6.9,1.6,5.5,45.5,23,94,1013,1.5,,
2025-08-14T21:00:00+08:00,Shanghai,31.2047372,121.4489017,42,pm25,42,24,7.8,4.1,5.5,13.5,30,74,1014,6.6,,
2025-08-14T22:00:00+09:00,Osaka,34.6937378,135.5021651,57,pm25,57,40,13.9,5.8,0.1,26.4,29,83,1016,1.5,,
2025-08-14T12:00:00+02:00,Paris,48.856614,2.3522219,65,pm25,65,33,12.9,0.6,0.1,45.5,27.6,59.8,1020.3,3.6,,
2025-08-14T13:00:00+01:00,London,51.5073509,-0.1277583,53,pm25,53,26,14.2,1.6,1.9,11.4,27,53.8,1019.9,7.5,,
2025-08-14T15:00:00+02:00,Frankfurt,50.075464,8.576305,68,o3,60,30,,0.7,0.1,68,34,37,1017,2.3,11.3,17.5
2025-08-14T15:00:00+02:00,Hamburg,53.564486,9.96834,58,o3,55,33,12.8,4.1,0.1,58.4,32,40,1017,3.6,,17
2025-08-14T21:00:00+08:00,Wuhan,30.593099,114.305393,55,pm25,55,20,8.3,2.6,8.2,,30,89,1008,2.5,,
2025-08-14T15:00:00+02:00,Warsaw (Poland),52.225171,21.014783,38,pm25,38,22,12.4,2,0.1,12,32,27,1021,4.1,8.7,11
2025-08-14T23:00:00+09:30,Winnellie (Australia),-12.424323299931126,130.89335024356842,20,pm25,20,11,1.6,1.1,4.7,9.4,24.8,79,1010.8,4.19,,20.3
2025-08-14T19:00:00+05:30,Bangalore (India),13.0270199,77.494094,56,pm10,55,56,8.1,2.8,3.8,9.4,22,93.5,951.0525,0.87,,20
2025-08-14T19:00:00+05:30,Chennai (India),13.1278,80.2642,87,pm25,87,46,6.4,1.2,6.6,,29.65,67.7175,82674.2,0.65,12.8,24
2025-08-14T08:00:00-04:00,Boston,42.325184,-71.05608,27,pm25,27,11,11.2,0.6,3.4,13.6,25.9,78.6,1012.6,,,
2025-08-14T07:00:00-04:00,Georgia,33.68797,-84.29048,25,pm25,25,16,6.3,0.2,4.5,1.6,24.4,55,1015.9,2.2,7.4,
2025-08-14T06:00:00-07:00,Phoenix,33.403055555556,-112.07527777778,44,pm25,44,20,4.7,,1.2,27.2,32,33,1010.8,3,11.8,14
2025-08-14T06:00:00-06:00,Denver,39.732146,-105.015317,70,pm25,70,52,15.1,0.6,5,11.8,21.1111,36,1016.5,3,6.2,
2025-08-14T22:00:00+09:00,Gyeonggi,37.4112,127.2579,34,pm25,34,25,18.1,2.9,5.3,9.3,25,94,1016.2,1,0.5,24
2025-08-14T22:00:00+09:00,Fukuoka,33.5903547,130.4017155,50,pm25,50,29,6.5,1.5,3.4,9.6,29,78.5,1016,2.5,,
2025-08-14T21:00:00+08:00,Shenzhen,22.543099,114.057868,38,pm25,38,17,10.1,3.6,8.2,18.7,27,100,1008.2,4.6,,
2025-08-14T21:00:00+08:00,Chongqing,29.56301,106.551557,80,pm25,80,32,4.2,2.1,4.6,33.8,30,62,1006,1.5,,
2025-08-14T16:00:00+03:00,Istanbul (Turkey),41.015278,29.025,41,pm25,41,22,5.9,1.5,13.9,36.5,29,46.5,1014,12,15.9,16.5
2025-08-14T21:00:00+07:00,Hanoi,21.0491,105.8831,110,pm25,110,67,37,11,10,10,29,83,1003,1,,26
2025-08-14T21:00:00+07:00,Bangkok,13.7563309,100.5017651,57,pm25,57,20,0.6,0.6,0.1,4.8,30.7,76.2,1005.1,2,,
2025-08-14T20:00:00+05:30,Delhi,28.6341,77.2005,78,pm25,78,5,5.7,1.8,11.3,23.7,22.349999999999998,92.69999999999999,986.4,0.3,10.2,26
2025-08-14T20:00:00+05:30,Mumbai,19.0863,72.8888,87,pm25,87,51,1.6,14.8,1.2,11.7,27,99.92,1002.2066666666666,30.153333333333336,11.8,24
2025-08-14T23:00:00+09:00,Seoul,37.566535,126.9779692,57,pm25,57,25,16.1,5.3,6,22,25.5,86.6,1005.6,1.5,,
2025-08-14T22:00:00+08:00,Beijing,39.954592,116.468117,47,o3,25,25,5.1,1.1,5.5,47.2,23,94,1013,1.5,,
2025-08-14T22:00:00+08:00,Shanghai,31.2047372,121.4489017,34,pm25,34,20,7.4,4.1,4.6,8.2,30,74,1013,5.6,,
2025-08-14T22:00:00+09:00,Shinjuku (Tokyo),35.713889,139.705556,34,pm25,34,10,6.5,1.5,2.3,34.4,27.7,75,1017.8,0.2,1,
2025-08-14T23:00:00+09:00,Osaka,34.6937378,135.5021651,53,pm25,53,30,13.9,7.2,0.1,24.8,29,79,1016,1,,
2025-08-14T13:00:00+02:00,Paris,48.856614,2.3522219,69,pm25,69,29,11.6,0.6,0.1,45.5,28.7,56.3,1020.7,5,,
2025-08-14T14:00:00+01:00,London,51.5073509,-0.1277583,59,pm25,59,22,16,1.4,1.9,25.1,27.2,52.1,1019.9,5,,
2025-08-14T16:00:00+02:00,Frankfurt,50.075464,8.576305,71,o3,58,28,,0.5,0.1,70.5,35,31,1017,2.8,11.3,15.5
2025-08-14T16:00:00+02:00,Hamburg,53.564486,9.96834,57,pm25,57,34,8.7,3.1,0.1,55.8,30.5,53.5,1017,2.5,,20
2025-08-14T22:00:00+08:00,Wuhan,30.593099,114.305393,57,pm25,57,22,14.2,3.1,7.3,,30,89,1008,2.5,,
2025-08-14T16:00:00+02:00,Warsaw (Poland),52.225171,21.014783,41,pm25,41,24,14.5,2,0.1,12,32,27,1021,4.1,8.7,11
2025-08-14T20:00:00+05:30,Bangalore (India),13.0270199,77.494094,82,pm25,82,54,8.2,1.2,3.8,9.4,22,93.5,951.1575,0.87,,20
2025-08-14T20:00:00+05:30,Chennai (India),13.1278,80.2642,92,pm25,92,55,4,1,5.2,,29.63,68.17999999999999,82786.575,1.5925,12.8,24
2025-08-14T08:00:00-04:00,Georgia,33.68797,-84.29048,25,pm25,25,12,4.4,0.3,2.3,5.6,26.5,54,1016.3,0.6,7.2,
2025-08-14T07:00:00-07:00,Phoenix,33.403055555556,-112.07527777778,26,o3,22,17,4.7,,1.2,26.4,32,35,1011.5,3.6,11.8,15
2025-08-14T07:00:00-06:00,Denver,39.732146,-105.015317,68,pm25,68,45,13.3,0.6,4.4,11.8,22.2222,35.3,1016.8,3,6.3,
2025-08-14T22:00:00+09:00,Nagoya,35.1814464,136.906398,46,pm25,46,19,13,1.5,1.2,33.6,27.2,79,1016.1,3.2,,
2025-08-14T23:00:00+09:00,Fukuoka,33.5903547,130.4017155,50,pm25,50,25,5.6,1.5,3.4,8.8,28,83,1016,1.5,,
2025-08-14T22:00:00+09:00,Kawasaki,35.5309058,139.7030511,34,pm25,34,13,13.9,1.5,2.3,28.1,27,78,1016,5.1,,
2025-08-14T22:00:00+08:00,Shenzhen,22.543099,114.057868,25,pm25,25,19,10.1,4.6,8.2,16.3,26.6,94.7,1009,1.5,,
2025-08-14T22:00:00+08:00,Zhongshan (Taiwan),25.062361,121.526528,13,pm25,13,7,5.4,0.8,1.9,3.6,29,74,1011.5,4.1,12.8,24
2025-08-14T22:00:00+08:00,Chongqing,29.56301,106.551557,85,pm25,85,35,7.4,1.6,4.6,28.5,30,62,1006,1.5,,
2025-08-14T17:00:00+03:00,Istanbul (Turkey),41.015278,29.025,41,pm25,41,23,5.9,1.5,13.9,36.7,28.5,48,1014,12.8,18,16.5
2025-08-14T22:00:00+07:00,Hanoi,21.0491,105.8831,117,pm25,117,69,31,11,10,10,29,83,1003,1.5,,26
2025-08-14T22:00:00+07:00,Bangkok,13.7563309,100.5017651,40,pm25,40,20,0.6,0.6,0.1,4.8,30.7,8.8,1005.8,2,,
2025-08-14T21:00:00+05:30,Delhi,28.6341,77.2005,132,pm25,132,58,5.7,1.6,11.8,12.7,22,93.32499999999999,985.9,0.3,10.2,25.5
2025-08-14T21:00:00+05:30,Mumbai,19.0863,72.8888,90,pm25,90,53,1.6,14.9,1.2,11.6,26,99.92,1002.71,42.913333333333334,11.8,24
2025-08-15T00:00:00+09:00,Seoul,37.566535,126.9779692,53,pm25,53,27,14.8,5.5,5.6,20.9,25.5,87.7,1005.3,1.5,,
2025-08-14T23:00:00+08:00,Beijing,39.954592,116.468117,41,o3,30,23,6.4,1.1,5.5,40.7,23,94,1014,0.5,,
2025-08-14T23:00:00+08:00,Shanghai,31.2047372,121.4489017,30,pm25,30,19,4.6,4.1,4.6,5.3,29,79,1013,6.6,,
2025-08-14T23:00:00+09:00,Shinjuku (Tokyo),35.713889,139.705556,34,pm25,34,11,6.5,1.5,2.3,26.4,27.7,75.2,1017.6,0.2,0.2,
2025-08-15T00:00:00+09:00,Osaka,34.6937378,135.5021651,50,pm25,50,26,7.5,7.2,0.1,24.8,28,83,1015,1.5,,
2025-08-14T14:00:00+02:00,Paris,48.856614,2.3522219,65,pm25,65,43,12.9,0.6,0.1,52,29.6,51.3,1020.4,5,,
2025-08-14T17:00:00+02:00,Frankfurt,50.075464,8.576305,81,o3,60,28,,0.5,0.1,80.5,35,33,1017,2,11.3,16.5
2025-08-14T17:00:00+02:00,Hamburg,53.564486,9.96834,60,o3,57,34,11,5.6,0.1,59.7,33,43.5,1017,2,,19
2025-08-14T23:00:00+08:00,Wuhan,30.593099,114.305393,59,pm25,59,25,16.5,3.1,6.4,,29,94,1008,2.5,,
2025-08-14T17:00:00+02:00,Warsaw (Poland),52.225171,21.014783,40,pm25,40,24,14,2,0.1,12,32,29,1021,3,8.7,12
2025-08-15T00:00:00+09:30,Winnellie (Australia),-12.424323299931126,130.89335024356842,31,pm25,31,10,1.3,0.9,5.1,10.6,24.2,81.8,1010.7,3.19,,20.7
2025-08-14T10:00:00-04:00,Boston,42.325184,-71.05608,30,pm25,30,13,13,0.6,4.5,22.4,28.7,67.3,1012.9,,,
2025-08-14T09:00:00-04:00,Georgia,33.68797,-84.29048,28,pm25,28,12,5.8,0.6,2.3,7.3,27,55.4,1016.5,0.7,4.4,
2025-08-14T08:00:00-07:00,Phoenix,33.403055555556,-112.07527777778,49,pm25,49,32,4.7,,4.5,10.4,33,31,1011.8,3,11.8,14
2025-08-14T08:00:00-06:00,Denver,39.732146,-105.015317,61,pm25,61,46,11,0.6,4.2,11.8,23.8889,31,1017.1,4,8,
2025-08-15T00:00:00+09:00,Gyeonggi,37.4112,127.2579,46,pm25,46,28,14.6,2.6,5.7,4,24,100,1016.5,0.5,0.5,24
2025-08-14T23:00:00+09:00,Nagoya,35.1814464,136.906398,53,pm25,53,20,11.2,1.5,1.2,34.4,28,84,1016.1,3.3,,
2025-08-15T00:00:00+09:00,Fukuoka,33.5903547,130.4017155,46,pm25,46,31,5.6,1.5,2.3,9.6,28,83,1016,1,,
2025-08-14T23:00:00+09:00,Kawasaki,35.5309058,139.7030511,38,pm25,38,10,16.7,1.5,2.3,27.2,27,78,1015,5.1,,
2025-08-14T23:00:00+08:00,Shenzhen,22.543099,114.057868,24,pm10,13,24,11,4.1,8.2,16.3,26.2,92.3,1009,5.6,,
2025-08-14T23:00:00+08:00,Zhongshan (Taiwan),25.062361,121.526528,17,pm25,17,8,4.8,0.9,1.7,3.8,29,70,1011,5.6,12.8,23
2025-08-14T23:00:00+08:00,Chongqing,29.56301,106.551557,76,pm25,76,30,15.6,1.6,5.5,28.5,30,66,1007,0.5,,
2025-08-14T18:00:00+03:00,Istanbul (Turkey),41.015278,29.025,41,pm25,41,23,7.3,1.5,13.8,37.9,28,51,1014,12.3,18,17
2025-08-14T23:00:00+07:00,Hanoi,21.0491,105.8831,115,pm25,115,68,24,10,5,10,29,83,1004,2.5,,26
2025-08-14T22:00:00+05:30,Delhi,28.6341,77.2005,134,pm25,134,58,6.4,1.9,13.4,5.7,22,93.8,986.05,0.3,10.2,25
2025-08-14T22:00:00+05:30,Mumbai,19.0863,72.8888,96,pm25,96,57,1.5,14.9,1,11.5,25,99.92,1003.18,43.06,11.8,24
2025-08-15T01:00:00+09:00,Seoul,37.566535,126.9779692,53,pm25,53,23,13.8,5.6,5.4,20.6,25.6,87.7,1005.2,1.5,,
2025-08-15T00:00:00+08:00,Beijing,39.954592,116.468117,40,o3,30,20,6.4,1.1,4.6,40.3,22,100,1013,1.5,,
2025-08-15T00:00:00+08:00,Shanghai,31.2047372,121.4489017,25,pm25,25,17,4.6,4.1,4.6,7,29,79,1013,5.6,,
2025-08-15T01:00:00+09:00,Osaka,34.6937378,135.5021651,50,pm25,50,30,7.5,7.2,0.1,24.1,28,83,1015,1,,
2025-08-14T15:00:00+02:00,Paris,48.856614,2.3522219,65,pm25,65,40,12,0.6,0.1,53.7,29.3,52,1020.1,6.2,,
2025-08-14T16:00:00+01:00,London,51.5073509,-0.1277583,42,pm25,42,17,15.6,1.3,1.9,27.4,27.6,48.1,1020,5.5,,
2025-08-14T18:00:00+02:00,Frankfurt,50.075464,8.576305,85,o3,60,29,,0.5,0.1,84.5,35,32,1017,2.8,11.3,16
2025-08-14T18:00:00+02:00,Hamburg,53.564486,9.96834,70,o3,57,35,10.6,1.6,0.1,69.5,31,55,1017,3.6,,21
2025-08-15T00:00:00+08:00,Wuhan,30.593099,114.305393,61,pm25,61,25,13.8,2.6,6.4,,29,94,1008,3.6,,
2025-08-14T18:00:00+02:00,Warsaw (Poland),52.225171,21.014783,38,pm25,38,21,11.9,2,0.1,12,31,33,1020,4.1,8.7,13
2025-08-15T01:00:00+09:30,Winnellie (Australia),-12.424323299931126,130.89335024356842,33,pm25,33,11,1.3,0.9,5.1,8.4,24.2,85.8,1010.7,3.79,,20.7
2025-08-14T22:00:00+05:30,Bangalore (India),13.0270199,77.494094,68,pm25,68,58,8.8,1.5,3.8,9.3,21,93.6,951.445,0.8775000000000001,,19
2025-08-14T22:00:00+05:30,Chennai (India),13.1278,80.2642,55,pm25,55,17,5.1,21.3,8.3,,29.487499999999997,68.67,82847.6,0.28250000000000003,12.8,25
2025-08-14T11:00:00-04:00,Boston,42.325184,-71.05608,36,o3,30,15,8.4,0.6,3.4,36.1,29.8,63.6,1012.7,,,
2025-08-14T10:00:00-04:00,Georgia,33.68797,-84.29048,23,pm25,23,10,5.3,0.5,2.3,9.6,27.9,54.1,1016.5,2,7.3,
2025-08-14T09:00:00-07:00,Phoenix,33.403055555556,-112.07527777778,59,pm25,59,51,4.7,,3.4,17.6,33,31,1012.1,2,11.8,14
2025-08-14T09:00:00-06:00,Denver,39.732146,-105.015317,59,pm25,59,49,8.3,0.6,3.3,9.8,27.2222,27,1017.2,3,4,
2025-08-15T01:00:00+09:00,Gyeonggi,37.4112,127.2579,46,pm25,46,30,14.4,2.9,6,2.3,24,100,1016.2,0.5,0.5,24
2025-08-15T00:00:00+09:00,Nagoya,35.1814464,136.906398,34,o3,30,14,13.9,1.5,2.3,33.6,27.7,78,1015.8,2.5,,
2025-08-15T01:00:00+09:00,Fukuoka,33.5903547,130.4017155,50,pm25,50,32,5.6,1.5,2.3,8,27,88,1015,1,,
2025-08-15T00:00:00+09:00,Kawasaki,35.5309058,139.7030511,34,pm25,34,19,13,1.5,2.3,28.9,27,78,1015,4.6,,
2025-08-15T00:00:00+08:00,Shenzhen,22.543099,114.057868,20,pm10,13,20,7.4,4.1,7.3,16.3,26.1,94,1009,1.2,,
2025-08-15T00:00:00+08:00,Zhongshan (Taiwan),25.062361,121.526528,17,pm25,17,7,4.6,1,1.5,3.9,28.5,76,1011,5.4,12.8,24
2025-08-15T00:00:00+08:00,Chongqing,29.56301,106.551557,70,pm25,70,30,13.3,1.6,4.6,22,30,66,1007,1.5,,
2025-08-14T19:00:00+03:00,Istanbul (Turkey),41.015278,29.025,41,pm25,41,23,7.3,1.5,13.9,37.8,27,54,1014,11.3,18,17
2025-08-15T00:00:00+07:00,Hanoi,21.0491,105.8831,101,pm25,101,61,23,9,5,17,28,83,1004,2.5,,25
2025-08-14T23:00:00+05:30,Delhi,28.6341,77.2005,122,pm25,122,62,7.7,2.1,14.7,12.2,22.1,94,986.5749999999999,0.325,10.2,26
2025-08-14T23:00:00+05:30,Mumbai,19.0863,72.8888,85,pm25,85,50,1.5,14.7,1,11.6,26,99.92,1003.4200000000001,45.025,11.8,24
2025-08-15T02:00:00+09:00,Seoul,37.566535,126.9779692,53,pm25,53,28,13.4,5.2,5.3,17.6,25.2,89.8,1004.8,1,,
2025-08-15T01:00:00+08:00,Beijing,39.954592,116.468117,42,pm25,42,25,6.9,1.1,5.5,35,22,100,1013,0.5,,
2025-08-15T01:00:00+08:00,Shanghai,31.2047372,121.4489017,16,pm10,13,16,4.6,4.1,4.6,7,29,79,1013,5.6,,
2025-08-15T01:00:00+09:00,Shinjuku (Tokyo),35.713889,139.705556,9,pm10,34,9,5.6,1.5,2.3,29.6,27.2,76,1016.6,0.2,0.5,
2025-08-15T02:00:00+09:00,Osaka,34.6937378,135.5021651,46,pm25,46,32,8.4,7.2,0.1,24.8,29,84,1015,1.7,,
2025-08-14T19:00:00+02:00,Frankfurt,50.075464,8.576305,85,o3,60,30,,0.5,0.1,85.3,34,36,1016,2.3,11.3,17
2025-08-14T19:00:00+02:00,Hamburg,53.564486,9.96834,67,o3,59,35,7.8,1.6,0.1,66.9,30.5,56.5,1017,3.6,,21
2025-08-15T01:00:00+08:00,Wuhan,30.593099,114.305393,68,pm25,68,27,10.1,2.1,6.4,,29,94,1008,3.6,,
2025-08-14T19:00:00+02:00,Warsaw (Poland),52.225171,21.014783,40,pm25,40,23,13.8,2,0.1,12,30,33,1021,4.1,8.7,12
2025-08-15T02:00:00+09:30,Winnellie (Australia),-12.424323299931126,130.89335024356842,50,pm25,50,15,2.7,1,4.9,8.4,23.2,87.30000000000001,1010.7,1.7,,20.7
2025-08-14T11:00:00-04:00,Georgia,33.68797,-84.29048,18,o3,18,8,2.9,0.2,2.3,18.4,28.3,53.2,1016.3,0.5,4.5,
2025-08-14T10:00:00-07:00,Phoenix,33.403055555556,-112.07527777778,50,pm25,50,37,4.7,,2.3,32,36,26,1012.5,3,11.8,14
2025-08-14T10:00:00-06:00,Denver,39.732146,-105.015317,53,pm25,53,50,9.2,0.6,3,10.6,31.1111,20,1016.7,2,4,
2025-08-15T02:00:00+09:00,Gyeonggi,37.4112,127.2579,34,pm25,34,30,14.4,2.9,6.2,1.4,24,94,1015.9,1.5,0.5,23
2025-08-15T01:00:00+09:00,Nagoya,35.1814464,136.906398,38,pm25,38,14,13,1.5,2.3,32.8,28.8,74,1015.7,2,,
2025-08-15T02:00:00+09:00,Fukuoka,33.5903547,130.4017155,50,pm25,50,27,4.7,1.5,2.3,6.4,27,83,1015,1.5,,
2025-08-15T01:00:00+09:00,Kawasaki,35.5309058,139.7030511,30,pm25,30,19,13,1.5,2.3,28.9,27,84,1015,4.6,,
2025-08-15T01:00:00+08:00,Shenzhen,22.543099,114.057868,15,pm10,13,15,6.4,4.6,7.3,14.3,26.5,94,1009,1.5,,
2025-08-15T01:00:00+08:00,Zhongshan (Taiwan),25.062361,121.526528,13,pm25,13,9,4.7,1.2,1.5,3.4,28,74,1010,5.6,12.8,23
2025-08-15T01:00:00+08:00,Chongqing,29.56301,106.551557,72,pm25,72,35,25.6,2.1,4.6,11.8,30,66,1007,1.5,,
2025-08-15T01:00:00+07:00,Hanoi,21.0491,105.8831,-,pm25,82,55,20,9,4,19,28,83,1004,2,,25
2025-08-15T01:00:00+07:00,Bangkok,13.7563309,100.5017651,28,pm25,28,21,0.6,0.6,0.1,4.8,28.5,70.4,1005,3,,
2025-08-15T00:00:00+05:30,Delhi,28.6341,77.2005,85,pm25,85,71,7,1.6,12.2,13.8,21.599999999999998,94.25,986.2249999999999,0.275,10.2,25
2025-08-15T00:00:00+05:30,Mumbai,19.0863,72.8888,85,pm25,85,50,1.5,14.9,1.2,11.5,26,99.92,1003.4033333333333,43.95666666666667,11.8,25
2025-08-15T03:00:00+09:00,Seoul,37.566535,126.9779692,50,pm25,50,27,13.5,5.2,5.3,13.3,25,89.8,1004.9,0.5,,
2025-08-15T02:00:00+08:00,Beijing,39.954592,116.468117,55,pm25,55,30,9.6,1.1,5.5,28.9,22,100,1013,0.5,,
2025-08-15T02:00:00+08:00,Shanghai,31.2047372,121.4489017,14,pm10,13,14,5.1,2.1,4.6,6.1,29,74,1013,4.6,,
2025-08-15T02:00:00+09:00,Shinjuku (Tokyo),35.713889,139.705556,25,pm25,25,10,3.8,1.5,3.4,32,27.2,77,1016.2,0.2,0.5,
2025-08-14T17:00:00+02:00,Paris,48.856614,2.3522219,65,pm25,65,34,16.3,0.6,0.1,57.7,27.7,55.5,1020.9,4.7,,
2025-08-14T18:00:00+01:00,London,51.5073509,-0.1277583,55,pm25,55,22,33.4,1.6,1.9,11.4,26.3,48.8,1020.7,4.8,,
2025-08-14T20:00:00+02:00,Frankfurt,50.075464,8.576305,61,pm25,61,30,,0.5,0.1,60.4,32,49,1017,2.5,11.3,20
2025-08-14T20:00:00+02:00,Hamburg,53.564486,9.96834,60,o3,59,35,8.3,1.6,0.1,59.7,27.5,71.5,1017,2,,22
2025-08-15T02:00:00+08:00,Wuhan,30.593099,114.305393,68,pm25,68,30,10.6,2.1,7.3,,29,88,1007,2.5,,
2025-08-14T20:00:00+02:00,Warsaw (Poland),52.225171,21.014783,43,pm25,43,24,19,2,0.1,12,29,35,1021,3.6,8.7,12
2025-08-15T04:00:00+09:30,Winnellie (Australia),-12.424323299931126,130.89335024356842,47,pm25,47,23,1.7,1.1,4.8,9.8,23.1,83.4,1010.1,1.6,,19.9
2025-08-15T00:00:00+05:30,Bangalore (India),13.0270199,77.494094,58,pm10,46,58,8.4,5.3,3.8,9.2,20,93.7,951.4100000000001,0.8574999999999999,,18
2025-08-15T00:00:00+05:30,Chennai (India),13.1278,80.2642,81,pm25,81,51,6.4,1.4,9.2,,29.2475,68.28999999999999,82831.25,0.29750000000000004,12.8,25
2025-08-14T12:00:00-04:00,Boston,42.325184,-71.05608,40,o3,33,15,9.3,0.6,3.4,40,29.6,64,1012.6,,,
2025-08-14T12:00:00-04:00,Georgia,33.68797,-84.29048,23,o3,18,9,2.7,0.2,2.3,23.3,29.9,47.6,1016.4,1.8,7.6,
2025-08-14T11:00:00-07:00,Phoenix,33.403055555556,-112.07527777778,42,o3,33,27,4.7,,1.2,42.4,37,23,1011.8,2.5,11.8,13
2025-08-14T11:00:00-06:00,Denver,39.732146,-105.015317,30,pm25,30,23,4.6,0.6,2.2,15.9,33.8889,14.5,1016,3,8.5,
2025-08-15T03:00:00+09:00,Gyeonggi,37.4112,127.2579,38,pm25,38,31,15.2,2.9,6,1.9,24,94,1016.2,2,0.5,23
2025-08-15T02:00:00+09:00,Nagoya,35.1814464,136.906398,46,pm25,46,13,8.4,1.5,3.4,32,28.7,73,1015.3,1.9,,
2025-08-15T03:00:00+09:00,Fukuoka,33.5903547,130.4017155,42,pm25,42,30,3.8,1.5,2.3,4,27,83,1015,2,,
2025-08-15T02:00:00+09:00,Kawasaki,35.5309058,139.7030511,30,pm25,30,23,10.2,1.5,2.3,28.9,27,87,1015,5.1,,
2025-08-15T02:00:00+08:00,Zhongshan (Taiwan),25.062361,121.526528,21,pm25,21,7,3.4,0.8,1.3,4.5,28,74,1010,5.6,12.8,23
2025-08-15T02:00:00+08:00,Chongqing,29.56301,106.551557,63,pm25,63,39,30.2,2.1,5.5,6.5,29,65,1006,1.5,,
2025-08-14T20:00:00+03:00,Istanbul (Turkey),41.015278,29.025,43,pm25,43,24,6.5,1.5,14,38.9,25,65,1015,11.8,15.4,18
2025-08-15T02:00:00+07:00,Hanoi,21.0491,105.8831,-,pm25,70,52,19,9,3,21,28,88,1002,1.5,,26
2025-08-15T02:00:00+07:00,Bangkok,13.7563309,100.5017651,44,pm25,44,24,0.6,0.6,0.1,4.8,28.7,70.4,1005.5,3,,
2025-08-15T04:00:00+09:00,Seoul,37.566535,126.9779692,46,pm25,46,28,14.2,5.2,5.6,10.8,25,89.8,1004.9,0.5,,
2025-08-15T03:00:00+08:00,Beijing,39.954592,116.468117,57,pm25,57,29,7.4,1.1,5.5,31.3,22,100,1012,1.5,,
2025-08-15T03:00:00+09:00,Shinjuku (Tokyo),35.713889,139.705556,25,pm25,25,10,4.7,1.5,3.4,32,27.2,78,1016.3,0.2,0.5,
2025-08-15T03:00:00+09:00,Osaka,34.6937378,135.5021651,50,pm25,50,30,9.3,7.2,1.2,25.6,29,83,1015,1.2,,
2025-08-14T18:00:00+02:00,Paris,48.856614,2.3522219,70,pm25,70,40,12.8,0.6,0.1,53.7,26.6,58.5,1021.2,7,,
2025-08-14T21:00:00+02:00,Frankfurt,50.075464,8.576305,66,pm25,66,41,,0.5,0.1,37.5,28,54,1017,1.8,11.3,18
2025-08-14T21:00:00+02:00,Hamburg,53.564486,9.96834,61,pm25,61,36,11.5,1.6,0.1,58.4,25.5,80.5,1017.5,1.8,,22
2025-08-14T13:00:00-04:00,Georgia,33.68797,-84.29048,31,o3,28,10,2.4,0.5,2.3,31.2,30.1,45,1017,2.5,7.7,
2025-08-14T12:00:00-07:00,Phoenix,33.403055555556,-112.07527777778,52,o3,26,20,4.7,,1.2,52,38,22,1011.1,2.5,11.8,13
2025-08-15T04:00:00+09:00,Gyeonggi,37.4112,127.2579,46,pm25,46,31,13.9,2.6,6,1.9,24,94,1016.2,2,0.5,23
2025-08-15T03:00:00+09:00,Nagoya,35.1814464,136.906398,42,pm25,42,16,7.5,1.5,3.4,30.4,28.3,73,1015.1,1.2,,
2025-08-15T04:00:00+09:00,Fukuoka,33.5903547,130.4017155,42,pm25,42,28,3.8,1.5,2.3,3.2,26,88,1015,1,,
2025-08-15T03:00:00+09:00,Kawasaki,35.5309058,139.7030511,34,pm25,34,10,13.9,1.5,2.3,24.8,26,86,1014,4.6,,
2025-08-15T02:00:00+08:00,Shenzhen,22.543099,114.057868,18,pm10,17,18,12.4,4.1,8.2,12.6,26.8,100,1008,4,,
2025-08-15T03:00:00+08:00,Zhongshan (Taiwan),25.062361,121.526528,21,pm25,21,6,3.2,0.6,1.2,4.4,29,70,1010,4.6,12.8,23
2025-08-15T03:00:00+08:00,Chongqing,29.56301,106.551557,65,pm25,65,43,29.3,2.1,5.5,3.3,29,70,1006,1.5,,
2025-08-14T21:00:00+03:00,Istanbul (Turkey),41.015278,29.025,44,pm25,44,24,6.2,1.5,14.1,37.6,25,61,1015,9.7,15.4,17
2025-08-15T03:00:00+07:00,Hanoi,21.0491,105.8831,67,pm25,67,51,9,9,1,19,25,94,1003,3.6,,24
2025-08-15T03:00:00+07:00,Bangkok,13.7563309,100.5017651,52,pm25,52,25,0.6,0.6,0.1,4.8,28.4,10,1004.8,3.6,,
2025-08-15T02:00:00+05:30,Delhi,28.6341,77.2005,114,pm25,114,52,4.5,0.9,9.1,17.9,21.025,95,986.2,0.275,10.2,25
2025-08-15T01:00:00+05:30,Mumbai,19.0863,72.8888,96,pm25,96,57,1.5,14.9,1,11.6,26,99.92,1002.655,42.525,11.8,25
2025-08-15T05:00:00+09:00,Seoul,37.566535,126.9779692,42,pm25,42,30,14.3,5.3,5.7,7.4,24.7,90.8,1004.8,1,,
2025-08-15T04:00:00+08:00,Beijing,39.954592,116.468117,63,pm25,63,34,10.1,2.6,5.5,25.6,23,94,1012,0.5,,
2025-08-15T04:00:00+08:00,Shanghai,31.2047372,121.4489017,13,pm25,13,13,5.5,2.1,4.6,5.7,28,83,1013,3.6,,
2025-08-15T04:00:00+09:00,Shinjuku (Tokyo),35.713889,139.705556,34,pm25,34,12,4.7,1.5,3.4,32,27.2,79,1016.5,0.2,0.5,
2025-08-15T05:00:00+09:00,Osaka,34.6937378,135.5021651,53,pm25,53,26,10.2,5.8,0.1,25.6,27,83,1015,1,,
2025-08-14T19:00:00+01:00,London,51.5073509,-0.1277583,38,pm25,38,15,25.6,1.4,3,24.8,25.2,53,1021.3,3,,
2025-08-14T22:00:00+02:00,Frankfurt,50.075464,8.576305,67,pm25,67,37,,0.5,0.1,28,26,61,1018,1.2,11.3,18
2025-08-14T22:00:00+02:00,Hamburg,53.564486,9.96834,63,pm25,63,38,11.5,1.6,0.1,45.1,24.5,85.5,1018,1.5,,22
2025-08-15T04:00:00+08:00,Wuhan,30.593099,114.305393,53,pm25,53,23,8.7,2.6,7.3,,29,88,1008,2.5,,
2025-08-14T22:00:00+02:00,Warsaw (Poland),52.225171,21.014783,50,pm25,50,27,18.6,2,0.1,12,26,44,1022,3,8.7,13
2025-08-15T05:00:00+09:30,Winnellie (Australia),-12.424323299931126,130.89335024356842,49,pm25,49,14,1.9,1.1,5.3,9.1,20.4,89.26666666666667,1009.5,3.095,,18.9
2025-08-15T01:00:00+05:30,Bangalore (India),13.0270199,77.494094,59,pm25,59,56,6.8,0.2,3.8,9.1,19,93.7,951.1533333333333,0.89,,18
2025-08-15T01:00:00+05:30,Chennai (India),13.1278,80.2642,90,pm25,90,63,6.3,1,7.2,,29.319999999999997,68.71666666666668,82728.3,0.5333333333333333,12.8,25
2025-08-14T14:00:00-04:00,Boston,42.325184,-71.05608,45,o3,30,19,4.7,0.6,2.3,44.8,29.1,64,1012.5,,,
2025-08-14T14:00:00-04:00,Georgia,33.68797,-84.29048,35,o3,31,11,2.1,0.5,2.3,35.2,32.3,41.1,1016.1,0.1,5.8,
2025-08-14T13:00:00-07:00,Phoenix,33.403055555556,-112.07527777778,56,o3,28,18,4.7,,1.2,55.8,39,20,1010.4,3.6,11.8,12
2025-08-14T12:00:00-06:00,Denver,39.732146,-105.015317,22,o3,21,16,4.6,0.6,2.2,21.6,35.5556,11.7,1015.2,4,5.2,
2025-08-15T05:00:00+09:00,Gyeonggi,37.4112,127.2579,46,pm25,46,31,13.9,2.6,6,1.7,23,100,1015.9,1,0.5,23
2025-08-15T04:00:00+09:00,Nagoya,35.1814464,136.906398,30,pm25,30,16,6.5,1.5,3.4,29.6,28.8,70,1015.3,1.4,,
2025-08-15T05:00:00+09:00,Fukuoka,33.5903547,130.4017155,46,pm25,46,30,3.8,1.5,2.3,3.2,26,88,1016,1,,
2025-08-15T04:00:00+09:00,Kawasaki,35.5309058,139.7030511,26,o3,25,16,13.9,1.5,2.3,26.4,26,83,1015,3.6,,
2025-08-15T04:00:00+08:00,Shenzhen,22.543099,114.057868,25,pm25,25,24,12.8,5.1,8.2,11,27.2,88,1008,1.5,,
2025-08-15T04:00:00+08:00,Zhongshan (Taiwan),25.062361,121.526528,13,pm25,13,7,2.8,0.6,1,4.8,28,74,1009,6.1,12.8,23
2025-08-15T04:00:00+08:00,Chongqing,29.56301,106.551557,65,pm25,65,40,27.9,2.1,5.5,2.5,28,74,1006,1.5,,
2025-08-14T22:00:00+03:00,Istanbul (Turkey),41.015278,29.025,45,pm25,45,24,6.7,1.6,14.1,37.1,25,61,1015,8.2,15.4,17
2025-08-15T04:00:00+07:00,Hanoi,21.0491,105.8831,56,pm25,56,42,8,9,1,20,24,100,1004,5.6,,24
2025-08-15T04:00:00+07:00,Bangkok,13.7563309,100.5017651,48,pm25,48,20,0.6,0.6,0.1,4.8,27.3,92.5,1004.1,1,,
2025-08-15T02:00:00+05:30,Mumbai,19.0863,72.8888,78,pm25,78,43,1.5,14.8,1.1,11.6,26,99.92,1001.99,44.275,11.8,24
2025-08-15T06:00:00+09:00,Seoul,37.566535,126.9779692,50,pm25,50,23,16.7,5,5.9,5.5,24.5,91.9,1004.8,1.5,,
2025-08-15T05:00:00+08:00,Beijing,39.954592,116.468117,80,pm25,80,41,16,1.6,5.5,17.1,23,100,1012,0.5,,
2025-08-15T05:00:00+08:00,Shanghai,31.2047372,121.4489017,13,pm25,13,13,6,2.1,4.6,5.3,28,83,1013,2.5,,
2025-08-15T05:00:00+09:00,Shinjuku (Tokyo),35.713889,139.705556,30,pm25,30,12,4.7,1.5,2.3,7.3,27.2,79,1016.3,0.2,0.5,
2025-08-15T06:00:00+09:00,Osaka,34.6937378,135.5021651,50,pm25,50,28,11.2,7.2,0.1,24.1,28,78,1015,1.5,,
2025-08-14T19:00:00+02:00,Paris,48.856614,2.3522219,76,pm25,76,36,12.8,0.6,0.1,39.2,25.4,61.8,1022.4,6.4,,
2025-08-14T20:00:00+01:00,London,51.5073509,-0.1277583,42,pm25,42,21,40.3,0.6,1.9,11,23.6,58,1022.2,2.8,,
2025-08-14T23:00:00+02:00,Hamburg,53.564486,9.96834,63,pm25,63,38,15.1,1.6,0.1,37.4,24,88,1018,1.8,,22
2025-08-15T05:00:00+08:00,Wuhan,30.593099,114.305393,50,pm25,50,20,9.2,3.1,7.3,,29,88,1008,2.5,,
2025-08-14T23:00:00+02:00,Warsaw (Poland),52.225171,21.014783,51,pm25,51,29,14.9,2,0.1,12,25,47,1022,3.6,8.7,13
2025-08-15T06:00:00+09:30,Winnellie (Australia),-12.424323299931126,130.89335024356842,50,pm25,50,14,1.8,1,5.4,8.5,20.1,93.6,1009.7,2.52,,18.8
2025-08-15T02:00:00+05:30,Bangalore (India),13.0270199,77.494094,57,pm25,57,57,7.9,1.8,3.8,9.4,19,93.7,950.9933333333333,0.8466666666666667,,18
2025-08-15T02:00:00+05:30,Chennai (India),13.1278,80.2642,96,pm25,96,63,5.6,1.3,5.9,,29.44,67.77999999999999,82683.16666666667,0.8799999999999999,12.8,24
2025-08-14T15:00:00-04:00,Georgia,33.68797,-84.29048,37,o3,30,10,1.5,0.5,2.3,36.8,31.8,40.7,1015.7,1.4,7,
2025-08-14T14:00:00-07:00,Phoenix,33.403055555556,-112.07527777778,58,o3,26,19,4.7,,1.2,58.4,39,20,1010.4,3.6,11.8,12
2025-08-14T13:00:00-06:00,Denver,39.732146,-105.015317,21,o3,21,15,4.6,0.6,2.2,21.2,35.5556,11.5,1014.8,2,6,
2025-08-15T06:00:00+09:00,Gyeonggi,37.4112,127.2579,50,pm25,50,30,13.4,2.5,6.2,1.4,24,100,1016.5,1,0.5,24
2025-08-15T05:00:00+09:00,Nagoya,35.1814464,136.906398,34,pm25,34,16,4.7,1.5,1.2,29.6,28.3,72,1015.4,1.5,,
2025-08-15T06:00:00+09:00,Fukuoka,33.5903547,130.4017155,38,pm25,38,31,4.7,1.5,2.3,3.2,26,88,1016,1,,
2025-08-15T05:00:00+09:00,Kawasaki,35.5309058,139.7030511,38,pm25,38,16,13.9,1.5,2.3,27.2,26,85,1014.5,3,,
2025-08-15T05:00:00+08:00,Shenzhen,22.543099,114.057868,35,pm10,25,35,12.4,4.6,6.4,11.4,27.2,100,1008,3,,
2025-08-15T05:00:00+08:00,Zhongshan (Taiwan),25.062361,121.526528,9,pm25,9,7,2.8,0.6,1,5,28,74,1009,5.6,12.8,23
2025-08-15T05:00:00+08:00,Chongqing,29.56301,106.551557,68,pm25,68,38,17,2.6,4.6,2.5,28,74,1006,0.5,,
2025-08-14T23:00:00+03:00,Istanbul (Turkey),41.015278,29.025,46,pm25,46,24,6.5,1.6,14.3,36.2,25,61,1015,7.7,15.4,17
2025-08-15T05:00:00+07:00,Bangkok,13.7563309,100.5017651,48,pm25,48,18,0.6,0.6,0.1,4.8,28.3,78.3,1004.7,1.5,,
2025-08-15T03:00:00+05:30,Delhi,28.6341,77.2005,89,pm25,89,54,4,0.9,7.3,8,20.9,95.19999999999999,986.5,0.3,10.2,25
2025-08-15T04:00:00+05:30,Mumbai,19.0863,72.8888,75,pm25,75,39,1.7,14.9,1.3,11.4,26,99.92,1001.585,42.955,11.8,24
2025-08-15T07:00:00+09:00,Seoul,37.566535,126.9779692,53,pm25,53,32,19.7,5.3,6.2,5.4,24.7,92.5,1005.6,1,,
2025-08-15T06:00:00+08:00,Beijing,39.954592,116.468117,80,pm25,80,39,13.3,1.6,6.4,19.5,23,100,1012,0.5,,
2025-08-15T06:00:00+08:00,Shanghai,31.2047372,121.4489017,18,pm10,13,18,6,2.1,4.6,4.9,29,79,1013,2.5,,
2025-08-15T06:00:00+09:00,Shinjuku (Tokyo),35.713889,139.705556,38,pm25,38,10,6.5,1.5,3.4,31.2,28.8,73,1016,0.2,0.5,
2025-08-15T07:00:00+09:00,Osaka,34.6937378,135.5021651,50,pm25,50,25,10.2,7.2,0.1,18.4,28,83,1015,1.5,,
2025-08-14T20:00:00+02:00,Paris,48.856614,2.3522219,73,pm25,73,37,6.6,0.6,0.1,24.2,23.7,63.1,1023.3,6.3,,
2025-08-14T21:00:00+01:00,London,51.5073509,-0.1277583,53,pm25,53,20,20.6,0.6,1.9,11,22.2,62,1023.3,3.2,,
2025-08-14T23:00:00+02:00,Frankfurt,50.075464,8.576305,69,pm25,69,40,,0.5,0.1,18,24,71,1018,1,11.3,18.5
2025-08-15T07:00:00+09:30,Winnellie (Australia),-12.424323299931126,130.89335024356842,62,pm25,62,24,7.9,1.1,6.3,4.2,20.1,78.8,1009.7,4.99,,18.8
2025-08-15T04:00:00+05:30,Bangalore (India),13.0270199,77.494094,59,pm25,59,56,8.8,3.8,3.8,9.6,19,93.8,950.905,0.835,,18
2025-08-15T04:00:00+05:30,Chennai (India),13.1278,80.2642,68,pm25,68,41,4.3,0.1,4.7,,29.44,69.16499999999999,82661.1,1.3599999999999999,12.8,25
2025-08-14T16:00:00-04:00,Boston,42.325184,-71.05608,42,o3,32,19,6.5,0.6,3.4,42.4,29.8,65.3,1013.1,,,
2025-08-14T16:00:00-04:00,Georgia,33.68797,-84.29048,37,o3,33,11,1.6,0.6,2.3,36.8,32,41.5,1015.5,0.5,4.4,
2025-08-14T15:00:00-07:00,Phoenix,33.403055555556,-112.07527777778,53,o3,26,21,4.7,,1.2,53.3,41,19,1008.1,3,11.8,13
2025-08-15T06:00:00+09:00,Nagoya,35.1814464,136.906398,50,pm25,50,19,6.5,1.5,1.2,27.2,30,68.3,1015.5,2.2,,
2025-08-15T07:00:00+09:00,Fukuoka,33.5903547,130.4017155,38,pm25,38,33,5.6,1.5,2.3,4,27,83,1016,2,,
2025-08-15T06:00:00+09:00,Kawasaki,35.5309058,139.7030511,34,pm25,34,16,16.7,1.5,3.4,29.6,28,74,1014,1.2,,
2025-08-15T06:00:00+08:00,Zhongshan (Taiwan),25.062361,121.526528,9,pm10,5,9,2.7,0.6,1.3,4.7,28,74,1010,6.6,12.8,23
2025-08-15T06:00:00+08:00,Chongqing,29.56301,106.551557,76,pm25,76,36,8.3,2.6,4.6,17.1,27,74,1006,2.5,,
2025-08-15T00:00:00+03:00,Istanbul (Turkey),41.015278,29.025,47,pm25,47,24,6.1,1.5,14.4,36.1,24.4,77.9,1008.7,7.2,,20.3
2025-08-15T06:00:00+07:00,Hanoi,21.0491,105.8831,22,pm25,22,19,13,10,4,26,25,94,1005,2,,24
2025-08-15T05:00:00+05:30,Delhi,28.6341,77.2005,87,pm25,87,49,4.2,1,6.4,9,21.575,95.35,985.9250000000001,0.3,10.2,26
2025-08-15T08:00:00+09:00,Seoul,37.566535,126.9779692,55,pm25,55,29,19.7,5.8,5.5,9.4,24.7,92.5,1005.6,1,,
2025-08-15T07:00:00+08:00,Beijing,39.954592,116.468117,74,pm25,74,31,15.1,1.6,6.4,17.1,23,100,1012,0.5,,
2025-08-15T07:00:00+08:00,Shanghai,31.2047372,121.4489017,25,pm25,25,15,5.1,2.1,4.6,4.9,30,74,1014,3.6,,
2025-08-15T07:00:00+09:00,Shinjuku (Tokyo),35.713889,139.705556,34,pm25,34,10,6.5,1.5,3.4,28.1,30.5,67,1015.9,0.2,0.7,
2025-08-15T08:00:00+09:00,Osaka,34.6937378,135.5021651,57,pm25,57,50,14.9,7.2,0.1,15.2,29,79,1015,0.5,,
2025-08-14T21:00:00+02:00,Paris,48.856614,2.3522219,53,pm25,53,36,9.7,0.6,0.1,32.1,22.4,62.8,1023.8,6.1,,
2025-08-14T22:00:00+01:00,London,51.5073509,-0.1277583,53,pm25,53,20,20.6,1.1,1.9,10.2,22.2,62.4,1023.4,3.2,,
2025-08-15T00:00:00+02:00,Frankfurt,50.075464,8.576305,70,pm25,70,42,,0.5,0.1,10.4,23,73,1018,1,11.3,18
2025-08-15T01:00:00+02:00,Hamburg,53.564486,9.96834,68,pm25,68,40,16,1.6,0.1,30.9,23,94,1019,0.7,,22
2025-08-15T07:00:00+08:00,Wuhan,30.593099,114.305393,50,pm25,50,20,11.9,3.1,8.2,,29,88,1009,3.6,,
2025-08-15T01:00:00+02:00,Warsaw (Poland),52.225171,21.014783,56,pm25,56,34,12.2,2,0.1,12,22,60,1023,3.6,8.7,14
2025-08-15T08:00:00+09:30,Winnellie (Australia),-12.424323299931126,130.89335024356842,81,pm25,81,47,3.8,1.2,6.4,8.4,21.8,61,1010.3,6.97,,18.6
2025-08-14T18:00:00-04:00,Boston,42.325184,-71.05608,46,pm25,46,23,12.1,0.6,4.5,28.9,24.1,87.5,1014,,,
2025-08-14T17:00:00-04:00,Georgia,33.68797,-84.29048,30,o3,28,10,2.8,0.5,5.6,30.4,30.5,45.5,1015.6,0.3,4.3,
2025-08-14T16:00:00-07:00,Phoenix,33.403055555556,-112.07527777778,51,o3,30,19,4.7,,1.2,50.7,42,18,1007.1,4.1,11.8,13
2025-08-14T16:00:00-06:00,Denver,39.732146,-105.015317,41,pm10,38,41,9.2,0.6,3.4,20.8,33.3333,16.7,1016.7,8,9.5,
2025-08-15T08:00:00+09:00,Gyeonggi,37.4112,127.2579,46,pm25,46,21,8.4,2.8,6,5.5,25,94,1016.5,1.5,0.5,24
2025-08-15T07:00:00+09:00,Nagoya,35.1814464,136.906398,42,pm25,42,19,6.5,1.5,2.3,24.8,32.2,64,1015.4,2.4,,
2025-08-15T08:00:00+09:00,Fukuoka,33.5903547,130.4017155,42,pm25,42,29,5.6,1.5,2.3,8.8,29,79,1016,1.5,,
2025-08-15T07:00:00+09:00,Kawasaki,35.5309058,139.7030511,46,pm25,46,11,15.8,1.5,3.4,28.9,28.5,79,1014,3.8,,
2025-08-15T07:00:00+08:00,Shenzhen,22.543099,114.057868,24,pm10,13,24,10.6,4.6,9.1,11,28,100,1008.2,3,,
2025-08-15T07:00:00+08:00,Zhongshan (Taiwan),25.062361,121.526528,6,pm10,5,6,3.7,0.6,1.7,3.7,30,70,1010,7.7,12.8,24
2025-08-15T07:00:00+08:00,Chongqing,29.56301,106.551557,72,pm25,72,28,12.8,2.1,4.6,11.4,27,78,1006,1.5,,
2025-08-15T02:00:00+03:00,Istanbul (Turkey),41.015278,29.025,51,pm25,51,24,3.2,1.3,14.5,34,25,63,1015,8.7,15.4,17.5
2025-08-15T09:00:00+07:00,Hanoi,21.0491,105.8831,24,pm25,24,20,16,10,14,21,26,94,1005,1,,25
2025-08-15T09:00:00+07:00,Bangkok,13.7563309,100.5017651,24,pm25,24,17,0.6,0.6,0.1,4.8,30,62,1006,4.6,,
2025-08-15T07:00:00+05:30,Delhi,28.6341,77.2005,152,pm25,152,70,4.4,0.5,6.8,19.1,22.3,95.06666666666666,986.6333333333333,0.26666666666666666,10.2,26
2025-08-15T07:00:00+05:30,Mumbai,19.0863,72.8888,80,pm25,80,45,1.5,14.8,1,11.5,26,99.92,1002.52,43.785,11.8,25
2025-08-15T11:00:00+09:00,Seoul,37.566535,126.9779692,50,pm25,50,26,14.9,6.2,5.6,41.1,28.8,79.5,1005.6,1.5,,
2025-08-15T10:00:00+08:00,Beijing,39.954592,116.468117,65,pm25,65,27,9.2,2.6,7.3,30.9,27,78,1012,1.5,,
2025-08-15T10:00:00+08:00,Shanghai,31.2047372,121.4489017,20,pm10,13,20,5.1,2.1,5.5,8.2,34,56,1014,4.6,,
2025-08-15T10:00:00+09:00,Shinjuku (Tokyo),35.713889,139.705556,42,pm25,42,14,8.4,1.5,3.4,38.4,34,59,1015.2,0.2,0.5,
2025-08-15T10:00:00+09:00,Osaka,34.6937378,135.5021651,55,pm25,55,30,14.9,5.8,4.5,23.3,31,70,1015,1.8,,
2025-08-15T00:00:00+02:00,Paris,48.856614,2.3522219,41,pm25,41,13,5.5,0.6,0.1,20.4,20.5,64.2,1024,5.5,,
2025-08-15T01:00:00+01:00,London,51.5073509,-0.1277583,53,pm25,53,9,5.3,0.6,1,15.8,18.8,76.8,1024.6,3,,
2025-08-15T04:00:00+02:00,Frankfurt,50.075464,8.576305,69,pm25,69,30,,0.5,0.1,4,20,88,1019,1,11.3,18
2025-08-15T04:00:00+02:00,Hamburg,53.564486,9.96834,74,pm25,74,42,25.2,1.6,0.1,19.9,21.5,97,1018,1.8,,21
2025-08-15T09:00:00+08:00,Wuhan,30.593099,114.305393,38,pm25,38,28,10.1,3.6,8.2,,32,70,1010,3.6,,
2025-08-15T03:00:00+02:00,Warsaw (Poland),52.225171,21.014783,50,pm25,50,24,5.3,2,0.1,12,20,68,1023,2.5,8.7,14
2025-08-15T11:00:00+09:30,Winnellie (Australia),-12.424323299931126,130.89335024356842,51,pm25,51,17,1.3,1,4.4,12.1,29,34.2,1011,8.96,,15.2
2025-08-15T07:00:00+05:30,Bangalore (India),13.0270199,77.494094,65,pm25,65,59,6.8,0.1,3.8,9.4,21,93.8,951.2599999999999,0.8566666666666666,,19
2025-08-15T07:00:00+05:30,Chennai (India),13.1278,80.2642,61,pm25,61,29,3.1,0.6,3.7,,29.06,69.31,82814.5,1.6166666666666665,12.8,24
2025-08-14T20:00:00-04:00,Boston,42.325184,-71.05608,24,pm25,24,10,13,0.6,5.6,19.2,23.3,86.3,1016.4,,,
2025-08-14T19:00:00-04:00,Georgia,33.68797,-84.29048,28,pm25,28,12,11.1,0.2,6.1,15.2,28.9,51,1016.1,0.3,3.1,
2025-08-14T18:00:00-07:00,Phoenix,33.403055555556,-112.07527777778,42,o3,28,15,4.7,,1.2,42.4,41,17,1006.2,4.1,11.8,12
2025-08-14T19:00:00-06:00,Denver,39.732146,-105.015317,25,pm25,25,14,4.2,0.6,2.4,17.9,30,27.6,1016.1,3,6.3,
2025-08-15T11:00:00+09:00,Gyeonggi,37.4112,127.2579,50,pm25,50,22,9,4,5.5,13.7,28,78,1016.9,1.5,0.5,24
2025-08-15T10:00:00+09:00,Nagoya,35.1814464,136.906398,61,pm25,61,22,6.5,1.5,2.3,36.8,35.5,52,1013.7,3.3,,
2025-08-15T11:00:00+09:00,Fukuoka,33.5903547,130.4017155,42,pm25,42,24,4.7,1.5,3.4,19.2,32,62,1015,3.6,,
2025-08-15T10:00:00+09:00,Kawasaki,35.5309058,139.7030511,55,pm25,55,25,14.9,2.9,4.5,42.4,32,68,1014,6.4,,
2025-08-15T09:00:00+08:00,Shenzhen,22.543099,114.057868,34,pm25,34,15,5.5,4.1,8.2,7.4,30,89.6,1009,6,,
2025-08-15T10:00:00+08:00,Zhongshan (Taiwan),25.062361,121.526528,34,pm25,34,25,5.4,0.9,2.5,5.5,32.6,60,1010,9.6,12.8,24
2025-08-15T09:00:00+08:00,Chongqing,29.56301,106.551557,68,pm25,68,29,13.3,2.6,5.5,9,28,78,1007,4.6,,
2025-08-15T04:00:00+03:00,Istanbul (Turkey),41.015278,29.025,51,pm25,51,23,1.9,1.3,14.2,32.8,24.5,62.5,1014,9,15.4,17
2025-08-15T10:00:00+07:00,Hanoi,21.0491,105.8831,25,pm25,25,21,24,10,10,12,26.5,88.5,1005,1.2,,24.5
2025-08-15T10:00:00+07:00,Bangkok,13.7563309,100.5017651,37,pm25,37,20,0.6,0.6,0.1,4.8,31,9.1,1006,1.5,,
2025-08-15T09:00:00+05:30,Delhi,28.6341,77.2005,149,pm25,149,72,5,2,6.6,13.6,24.6,91.9,985.9,0.5,10.2,26
2025-08-15T09:00:00+05:30,Mumbai,19.0863,72.8888,89,pm25,89,53,1.5,14.9,1.1,11.5,26,99.92,1003.3124999999999,44.022499999999994,11.8,24.5
2025-08-15T12:00:00+09:00,Seoul,37.566535,126.9779692,53,pm25,53,27,16.6,5.6,5.9,40,27.2,86.8,1005.5,2,,
2025-08-15T11:00:00+08:00,Beijing,39.954592,116.468117,70,pm25,70,30,8.7,2.6,7.3,39.4,29,74,1011,2.5,,
2025-08-15T11:00:00+08:00,Shanghai,31.2047372,121.4489017,42,pm25,42,20,4.6,2.6,4.6,19.1,35,53,1014,6.6,,
2025-08-15T11:00:00+09:00,Shinjuku (Tokyo),35.713889,139.705556,46,pm25,46,23,19.5,1.5,3.4,58.4,33.3,60.6,1014.5,0.2,0.6,
2025-08-15T12:00:00+09:00,Osaka,34.6937378,135.5021651,68,pm25,68,25,13,7.2,0.1,37.6,31,68,1014,3.3,,
2025-08-15T02:00:00+02:00,Paris,48.856614,2.3522219,23,pm25,23,9,5.4,0.6,0.1,17.3,19.4,74,1024,4,,
2025-08-15T03:00:00+01:00,London,51.5073509,-0.1277583,30,pm25,30,19,6.9,0.6,1,8.2,17.3,81.2,1024.9,0.5,,
2025-08-15T05:00:00+02:00,Frankfurt,50.075464,8.576305,67,pm25,67,25,,0.5,0.1,6.9,20,88,1019,1,11.3,18
2025-08-15T05:00:00+02:00,Hamburg,53.564486,9.96834,76,pm25,76,43,9.2,1.6,0.1,35.4,21,91,1018,1.8,,19.5
2025-08-15T11:00:00+08:00,Wuhan,30.593099,114.305393,25,pm25,25,20,4.6,3.1,5.5,,34,56,1010,4.6,,
2025-08-15T05:00:00+02:00,Warsaw (Poland),52.225171,21.014783,46,pm25,46,21,6.9,2,0.1,12,18,77,1023,2,8.7,14
2025-08-15T12:00:00+09:30,Winnellie (Australia),-12.424323299931126,130.89335024356842,30,pm25,30,13,1.3,1.2,4.4,12.4,30.7,28.3,1009.2,8.64,,10.1
2025-08-15T09:00:00+05:30,Bangalore (India),13.0270199,77.494094,71,pm25,71,56,7.4,1.8,3.8,9.6,21.5,93.6,951.4,0.86,,19.5
2025-08-15T09:00:00+05:30,Chennai (India),13.1278,80.2642,83,pm25,83,50,3,1.3,3.3,,29.16,71.87,82898.1,2.88,12.8,24.5
2025-08-14T22:00:00-04:00,Boston,42.325184,-71.05608,39,pm25,39,12,13.9,0.8,4.5,22.4,23.3,85.5,1017,,,
2025-08-14T21:00:00-04:00,Georgia,33.68797,-84.29048,48,pm25,48,22,13.9,0.2,4.6,1.6,28.3,52.7,1017.3,0.1,3,
2025-08-14T20:00:00-07:00,Phoenix,33.403055555556,-112.07527777778,38,o3,30,22,4.7,,1.2,37.6,39,21,1006.7,5.1,11.8,13
2025-08-14T20:00:00-06:00,Denver,39.732146,-105.015317,50,pm25,50,36,13.8,0.6,6,12.6,28.3333,35,1017.1,2,2.6,
2025-08-15T11:00:00+09:00,Nagoya,35.1814464,136.906398,65,pm25,65,21,5.6,1.5,3.4,36.8,36.6,50.3,1013.1,3.3,,
2025-08-15T12:00:00+09:00,Fukuoka,33.5903547,130.4017155,25,pm25,25,14,4.7,1.5,2.3,20,32,66,1015,3.6,,
2025-08-15T11:00:00+09:00,Kawasaki,35.5309058,139.7030511,50,pm25,50,19,12.1,1.5,4.5,39.2,31.5,60.5,1013,8.4,,
2025-08-15T11:00:00+08:00,Shenzhen,22.543099,114.057868,34,pm25,34,17,5.1,4.1,7.3,10.2,31,90,1009,5.6,,
2025-08-15T11:00:00+08:00,Zhongshan (Taiwan),25.062361,121.526528,24,pm10,21,24,5.4,0.9,2.2,6.8,33.5,58.2,1010,8.4,13.1,24.2
2025-08-15T11:00:00+08:00,Chongqing,29.56301,106.551557,68,pm25,68,28,8.3,2.1,5.5,19.5,29,70,1008,2.5,,
2025-08-15T06:00:00+03:00,Istanbul (Turkey),41.015278,29.025,51,pm25,51,23,1.2,1.3,13.9,34.2,25,61,1014,7.7,15.4,17
2025-08-15T11:00:00+07:00,Hanoi,21.0491,105.8831,38,pm25,38,33,22,10,13,12,27,88,1006,1.5,,25
2025-08-15T11:00:00+07:00,Bangkok,13.7563309,100.5017651,48,pm25,48,23,0.6,0.6,0.1,4.8,31.8,63.3,1006,1,,
2025-08-15T10:00:00+05:30,Delhi,28.6341,77.2005,159,pm25,159,93,6.3,1.6,5.7,16.6,25,91.17499999999998,986,0.35,10.2,26
2025-08-15T10:00:00+05:30,Mumbai,19.0863,72.8888,82,pm25,82,47,1.4,14.9,0.7,11.6,27,99.92,1003.49,39.19499999999999,11.8,25
2025-08-15T13:00:00+09:00,Seoul,37.566535,126.9779692,46,pm25,46,23,16.9,5.3,5.9,36.8,27.2,86.8,1005.5,2,,
2025-08-15T12:00:00+08:00,Beijing,39.954592,116.468117,65,pm25,65,30,6,2.6,7.3,61,30,74,1011,1.5,,
2025-08-15T12:00:00+08:00,Shanghai,31.2047372,121.4489017,34,pm25,34,19,3.2,1.6,5.5,19.1,34,52,1013,4.6,,
2025-08-15T12:00:00+09:00,Shinjuku (Tokyo),35.713889,139.705556,59,pm25,59,23,19.5,1.5,4.5,71.2,33.3,60,1014.3,0.2,0.5,
2025-08-15T13:00:00+09:00,Osaka,34.6937378,135.5021651,70,pm25,70,60,10.2,7.2,0.1,44.8,32,66,1014,1.5,,
2025-08-15T04:00:00+02:00,Paris,48.856614,2.3522219,18,o3,10,5,4,0.6,0.1,17.5,19.3,73.5,1024.4,3.2,,
2025-08-15T04:00:00+01:00,London,51.5073509,-0.1277583,46,pm25,46,18,7.4,0.6,1,7.8,17.2,83.5,1025.2,1,,
2025-08-15T06:00:00+02:00,Frankfurt,50.075464,8.576305,67,pm25,67,26,,0.5,0.1,3.1,21,82,1019,1,11.3,18
2025-08-15T06:00:00+02:00,Hamburg,53.564486,9.96834,76,pm25,76,44,7.4,1.6,0.1,36.2,21.5,85.5,1019,2.3,,19
2025-08-15T12:00:00+08:00,Wuhan,30.593099,114.305393,25,pm25,25,10,4.6,2.6,4.6,,35,53,1010,4.6,,
2025-08-15T06:00:00+02:00,Warsaw (Poland),52.225171,21.014783,45,pm25,45,20,8,2,0.1,12,18,77,1023,2.5,8.7,14
2025-08-15T13:00:00+09:30,Winnellie (Australia),-12.424323299931126,130.89335024356842,16,pm25,16,10,1.7,1.1,4.4,14.6,31.4,23.4,1008.2,6.16,,8.4
2025-08-15T10:00:00+05:30,Bangalore (India),13.0270199,77.494094,58,pm10,45,58,7.5,2.6,3.8,9.2,23,93.525,951.4075,0.855,,20.5
2025-08-15T10:00:00+05:30,Chennai (India),13.1278,80.2642,75,pm25,75,47,2.7,1.5,2.8,,29.2575,68.00750000000001,82886.75,2.6574999999999998,12.8,24
2025-08-14T23:00:00-04:00,Boston,42.325184,-71.05608,38,pm25,38,12,19.5,0.8,4.5,22.4,23.3,82.5,1017,,,
2025-08-14T22:00:00-04:00,Georgia,33.68797,-84.29048,40,pm25,40,22,12.6,0.2,5.7,1.6,27.7,55,1017,0.4,3.8,
2025-08-14T21:00:00-07:00,Phoenix,33.403055555556,-112.07527777778,34,o3,26,19,4.7,,1.2,34.4,39,21,1007.7,3,11.8,13
2025-08-14T21:00:00-06:00,Denver,39.732146,-105.015317,46,pm25,46,29,17.4,0.6,6.5,12.6,27.2222,37,1018.1,2,4,
2025-08-15T13:00:00+09:00,Gyeonggi,37.4112,127.2579,31,o3,17,17,11.1,2.9,5.3,31.1,27,88,1016.5,1,0.5,25
2025-08-15T12:00:00+09:00,Nagoya,35.1814464,136.906398,63,pm25,63,21,5.6,1.5,2.3,36.1,37.2,47,1012.7,3.6,,
2025-08-15T13:00:00+09:00,Fukuoka,33.5903547,130.4017155,30,pm25,30,13,5.6,1.5,2.3,23.3,32,62,1015,3.7,,
2025-08-15T12:00:00+09:00,Kawasaki,35.5309058,139.7030511,39,o3,38,11,9.3,1.5,4.5,39.2,31,58,1012.5,9.5,,
2025-08-15T12:00:00+08:00,Shenzhen,22.543099,114.057868,30,pm25,30,18,5.1,4.1,7.3,11,31,86.7,1009,5.6,,
2025-08-15T12:00:00+08:00,Zhongshan (Taiwan),25.062361,121.526528,17,pm25,17,10,5.4,0.8,1.9,6.7,34,56,1010,9.2,13.1,24
2025-08-15T12:00:00+08:00,Chongqing,29.56301,106.551557,59,pm25,59,20,7.8,2.6,5.5,30.9,29,70,1008,4.6,,
2025-08-15T07:00:00+03:00,Istanbul (Turkey),41.015278,29.025,51,pm25,51,23,2.8,1.3,13.7,35.1,25,61,1013.5,9.7,15.4,17
2025-08-15T12:00:00+07:00,Hanoi,21.0491,105.8831,54,pm25,54,45,18,10,13,18,27,88,1006,3,,25
2025-08-15T12:00:00+07:00,Bangkok,13.7563309,100.5017651,59,pm25,59,22,0.6,0.6,0.1,4.8,33.7,8.3,1005.1,3,,
2025-08-15T11:00:00+05:30,Delhi,28.6341,77.2005,149,pm25,149,63,6.1,0.4,6.8,22.1,24.549999999999997,90.94999999999999,986.6250000000001,0.375,10.2,26
2025-08-15T11:00:00+05:30,Mumbai,19.0863,72.8888,75,pm25,75,40,1.5,14.9,1,11.6,26,99.92,1003.8366666666667,28.233333333333334,11.8,25
2025-08-15T14:00:00+09:00,Seoul,37.566535,126.9779692,39,o3,34,14,12.4,4.6,4.8,38.9,27.4,83.7,1005.4,1.5,,
2025-08-15T13:00:00+08:00,Beijing,39.954592,116.468117,73,o3,70,33,5.1,2.6,7.3,73.4,29,79,1011,1.5,,
2025-08-15T13:00:00+08:00,Shanghai,31.2047372,121.4489017,30,pm25,30,21,2.8,1.6,5.5,18.7,35,53,1013,4.6,,
2025-08-15T13:00:00+09:00,Shinjuku (Tokyo),35.713889,139.705556,46,pm25,46,12,17.6,1.5,4.5,76.3,33.4,58.7,1014,0.2,0.7,
2025-08-15T14:00:00+09:00,Osaka,34.6937378,135.5021651,74,pm25,74,28,12.1,7.2,0.1,48.8,33,62,1013,2,,
2025-08-15T03:00:00+02:00,Paris,48.856614,2.3522219,27,pm25,27,5,4,0.6,0.1,17.6,18.8,73,1024.7,5,,
2025-08-15T07:00:00+02:00,Frankfurt,50.075464,8.576305,68,pm25,68,31,,0.5,0.1,3.5,20,88,1020,2.8,11.3,18
2025-08-15T07:00:00+02:00,Hamburg,53.564486,9.96834,78,pm25,78,45,7.4,1.6,0.1,27.7,20.5,90.5,1019,2.3,,19
2025-08-15T13:00:00+08:00,Wuhan,30.593099,114.305393,30,pm25,30,10,4.6,2.6,5.5,,35,49,1009,2.5,,
2025-08-15T07:00:00+02:00,Warsaw (Poland),52.225171,21.014783,45,pm25,45,20,8.7,2,0.1,12,20,68,1023,3.6,8.7,14
2025-08-15T14:00:00+09:30,Winnellie (Australia),-12.424323299931126,130.89335024356842,47,pm25,47,24,1,0.8,4.7,11.9,31.4,44.8,1008.2,12.73,,8.4
2025-08-15T11:00:00+05:30,Bangalore (India),13.0270199,77.494094,61,pm10,60,61,7.7,2.7,3.8,9.8,24,88.1,951.3875,0.885,,21
2025-08-15T11:00:00+05:30,Chennai (India),13.1278,80.2642,61,pm25,61,46,2.9,1,3.4,,29.345,69.21000000000001,82869.55,2.85,12.8,24
2025-08-14T23:00:00-04:00,Georgia,33.68797,-84.29048,43,pm25,43,25,8.9,0.2,5.6,1.6,27.2,56.8,1016.7,0.4,3.8,
2025-08-14T22:00:00-07:00,Phoenix,33.403055555556,-112.07527777778,36,o3,15,14,4.7,,1.2,36.1,37.5,21.5,1008.2,5.1,11.8,12
2025-08-14T22:00:00-06:00,Denver,39.732146,-105.015317,46,pm25,46,29,17.4,0.6,4.7,9.4,26.6667,35,1017.7,2,3.5,
2025-08-15T14:00:00+09:00,Gyeonggi,37.4112,127.2579,42,pm25,42,17,9.4,2.9,5,37.8,29,88,1015.9,0.5,0.5,27
2025-08-15T13:00:00+09:00,Nagoya,35.1814464,136.906398,63,pm25,63,20,4.7,1.5,2.3,31.2,37.7,46,1011.9,5,,
2025-08-15T14:00:00+09:00,Fukuoka,33.5903547,130.4017155,34,pm25,34,20,4.7,1.5,2.3,26.4,32.5,62,1014.5,3.8,,
2025-08-15T13:00:00+09:00,Kawasaki,35.5309058,139.7030511,42,pm25,42,21,6.5,1.5,2.3,39.2,31,58,1012,9.7,,
2025-08-15T13:00:00+08:00,Shenzhen,22.543099,114.057868,34,pm25,34,20,5.5,4.1,4.6,13,31,89.4,1008.3,4.6,,
2025-08-15T13:00:00+08:00,Zhongshan (Taiwan),25.062361,121.526528,17,pm25,17,10,4.2,0.9,1.8,7.3,34,56,1010,9,13.1,24
2025-08-15T13:00:00+08:00,Chongqing,29.56301,106.551557,59,pm25,59,20,5.5,3.1,5.5,43.9,32,62,1007,3.6,,
2025-08-15T08:00:00+03:00,Istanbul (Turkey),41.015278,29.025,52,pm25,52,24,2.8,1.3,13.6,35.6,24.4,77,1007.3,8.7,,20.1
2025-08-15T13:00:00+07:00,Hanoi,21.0491,105.8831,64,pm25,64,51,21,10,8,19,27,94,1006,2.5,,26
2025-08-15T13:00:00+07:00,Bangkok,13.7563309,100.5017651,32,pm25,32,22,0.6,0.6,0.1,4.8,33.7,8.3,1005.1,3,,
2025-08-15T12:00:00+05:30,Delhi,28.6341,77.2005,152,pm25,152,67,7.4,0.4,6.8,18.6,22.975,92.6,986.45,0.22500000000000003,10.2,26
2025-08-15T12:00:00+05:30,Mumbai,19.0863,72.8888,80,pm25,80,45,1.3,14.9,0.5,11.5,28,99.84666666666668,1003.8966666666666,29.74333333333333,11.8,25
2025-08-15T15:00:00+09:00,Seoul,37.566535,126.9779692,36,o3,21,13,10.6,4.6,4.3,36.3,29.4,73.6,1004.2,2.5,,
2025-08-15T14:00:00+08:00,Beijing,39.954592,116.468117,79,o3,78,36,4.6,2.1,7.3,79.3,30,74,1010,2.5,,
2025-08-15T14:00:00+08:00,Shanghai,31.2047372,121.4489017,25,pm25,25,20,2.8,1.6,5.5,19.1,35,53,1013,4.6,,
2025-08-15T14:00:00+09:00,Shinjuku (Tokyo),35.713889,139.705556,46,pm25,46,13,8.4,1.5,4.5,76.3,33.3,60,1013.5,0.2,1,
2025-08-15T05:00:00+02:00,Paris,48.856614,2.3522219,19,o3,10,10,5,0.6,0.1,18.9,19.4,72.4,1025.1,2.2,,
2025-08-15T06:00:00+01:00,London,51.5073509,-0.1277583,42,pm25,42,17,9,0.6,1,7.8,17.2,85.3,1025.6,2.5,,
2025-08-15T08:00:00+02:00,Frankfurt,50.075464,8.576305,76,pm25,76,56,,0.5,0.1,3,23,80.5,1020,1.8,11.3,19.5
2025-08-15T08:00:00+02:00,Hamburg,53.564486,9.96834,80,pm25,80,46,7.4,1.6,0.1,22.8,20,96.5,1020,3.8,,19.5
2025-08-15T14:00:00+08:00,Wuhan,30.593099,114.305393,30,pm25,30,10,4.2,2.6,5.5,,35,56,1009,2.5,,
2025-08-15T08:00:00+02:00,Warsaw (Poland),52.225171,21.014783,45,pm25,45,20,9.2,2,0.1,12,22,64,1023,4.1,8.7,15
2025-08-15T15:00:00+09:30,Winnellie (Australia),-12.424323299931126,130.89335024356842,18,pm25,18,11,1.3,1.3,5,12,30.4,43.6,1007.2,12.56,,17.5
2025-08-15T12:00:00+05:30,Bangalore (India),13.0270199,77.494094,72,pm25,72,58,7.6,1.6,3.8,9.4,25,80.17500000000001,951.3175,0.835,,21
2025-08-15T12:00:00+05:30,Chennai (India),13.1278,80.2642,145,pm25,145,73,2.6,0.9,3.2,,29.389999999999997,66.1875,82837.65,2.4575,12.8,24.5
2025-08-15T01:00:00-04:00,Boston,42.325184,-71.05608,47,pm25,47,14,18.6,0.8,3.4,20,23.3,78,1017.6,,,
2025-08-15T00:00:00-04:00,Georgia,33.68797,-84.29048,42,pm25,42,23,7.3,0.2,5.6,1.6,26.6,58.2,1018.1,0.3,1.5,
2025-08-14T23:00:00-07:00,Phoenix,33.403055555556,-112.07527777778,38,o3,26,20,4.7,,1.2,38.4,33,36,1009.6,7.9,12.3,16
2025-08-15T15:00:00+09:00,Gyeonggi,37.4112,127.2579,42,pm25,42,15,6.4,2.9,5,36.4,30,79,1015.2,1,0.5,26
2025-08-15T14:00:00+09:00,Nagoya,35.1814464,136.906398,61,pm25,61,23,4.7,1.5,1.2,25.6,37.2,47.2,1011,4.6,,
2025-08-15T15:00:00+09:00,Fukuoka,33.5903547,130.4017155,46,pm25,46,19,8.4,1.5,2.3,31.2,33,62,1014,5.1,,
2025-08-15T14:00:00+09:00,Kawasaki,35.5309058,139.7030511,46,pm25,46,21,6.5,1.5,2.3,37.6,32,64,1012,10,,
2025-08-15T14:00:00+08:00,Shenzhen,22.543099,114.057868,30,pm25,30,16,5.1,4.1,5.5,13,29.1,96,1009,6.6,,
2025-08-15T14:00:00+08:00,Zhongshan (Taiwan),25.062361,121.526528,17,pm25,17,17,5.7,0.9,1.9,7.3,34,56,1009.5,9.2,13.1,24
2025-08-15T14:00:00+08:00,Chongqing,29.56301,106.551557,50,pm25,50,13,2.8,3.1,3.7,43.9,33,55,1006,4.6,,
2025-08-15T14:00:00+07:00,Hanoi,21.0491,105.8831,62,pm25,62,48,20,11,3,16,29,83,1004,4.6,,26
2025-08-15T13:00:00+05:30,Mumbai,19.0863,72.8888,77,pm25,77,42,1.2,14.9,0.5,11.6,29,94.90333333333335,1003.4666666666667,1.5999999999999999,11.8,25
2025-08-15T16:00:00+09:00,Seoul,37.566535,126.9779692,40,o3,17,9,8.4,4.6,3.6,39.7,30.9,70.9,1003.9,1.5,,
2025-08-15T15:00:00+08:00,Beijing,39.954592,116.468117,78,pm25,78,35,4.6,1.6,7.3,71.4,28,94,1009,0.5,,
2025-08-15T15:00:00+08:00,Shanghai,31.2047372,121.4489017,38,pm25,38,20,3.2,1.6,5.5,24,34,56,1012,5.6,,
2025-08-15T15:00:00+09:00,Shinjuku (Tokyo),35.713889,139.705556,42,pm25,42,13,8.4,1.5,4.5,57.1,33.1,60.5,1013.5,0.2,1,
2025-08-15T15:00:00+09:00,Osaka,34.6937378,135.5021651,74,pm25,74,39,10.2,7.2,3.4,53.3,34,57.5,1012,2.8,,
2025-08-15T06:00:00+02:00,Paris,48.856614,2.3522219,41,pm25,41,11,7.4,0.6,0.1,17.5,20,71,1025.1,1,,
2025-08-15T09:00:00+02:00,Frankfurt,50.075464,8.576305,73,pm25,73,43,,0.5,0.1,14.5,25.5,67,1020,0.7,11.3,19
2025-08-15T09:00:00+02:00,Hamburg,53.564486,9.96834,82,pm25,82,46,8.3,1.6,0.1,28.9,21,88,1020,4.1,,19
2025-08-15T15:00:00+08:00,Wuhan,30.593099,114.305393,30,pm25,30,13,6.4,3.6,4.6,,35,53,1009,2.5,,
2025-08-15T09:00:00+02:00,Warsaw (Poland),52.225171,21.014783,43,pm25,43,20,7.4,2,0.1,12,24,53,1023,3,8.7,14
2025-08-15T16:00:00+09:30,Winnellie (Australia),-12.424323299931126,130.89335024356842,24,pm25,24,10,0.9,1.2,4.4,11.3,29.7,45.6,1007,9.59,,16.8
2025-08-15T01:00:00-04:00,Georgia,33.68797,-84.29048,40,pm25,40,24,6.2,0.2,5.6,1.6,26.2,59,1018.1,0.4,3.2,
2025-08-15T00:00:00-07:00,Phoenix,33.403055555556,-112.07527777778,39,o3,30,25,4.7,,1.2,39.2,31.5,37.5,1010.1,4.3,11,15.5
2025-08-14T23:00:00-06:00,Denver,39.732146,-105.015317,46,pm25,46,28,13.3,0.6,5.9,13.9,25.5556,41,1018.1,3,4.5,
2025-08-15T16:00:00+09:00,Gyeonggi,37.4112,127.2579,52,o3,42,14,7.5,2.9,5,51.7,31,70,1015.2,2,0.5,25
2025-08-15T15:00:00+09:00,Nagoya,35.1814464,136.906398,70,pm25,70,23,4.7,1.5,1.2,25.6,37.2,47,1010.7,4.5,,
2025-08-15T16:00:00+09:00,Fukuoka,33.5903547,130.4017155,42,pm25,42,20,9.3,1.5,3.4,30.4,32,66,1014,5.6,,
2025-08-15T15:00:00+09:00,Kawasaki,35.5309058,139.7030511,42,pm25,42,30,10.2,1.5,2.3,35.2,31,73,1012,9.5,,
2025-08-15T15:00:00+08:00,Shenzhen,22.543099,114.057868,46,pm25,46,15,4.6,3.6,5.5,19.5,30,89.1,1008,4,,
2025-08-15T15:00:00+08:00,Zhongshan (Taiwan),25.062361,121.526528,25,pm25,25,23,5.7,0.9,1.9,7.3,33.3,60,1009,8.5,13.1,24.6
2025-08-15T15:00:00+08:00,Chongqing,29.56301,106.551557,40,o3,38,13,2.8,3.1,3.7,40.3,32,59,1006,4.6,,
2025-08-15T09:00:00+03:00,Istanbul (Turkey),41.015278,29.025,52,pm25,52,23,8.5,1.4,13.5,33.9,26.4,74,1007.9,8.7,,21.4
2025-08-15T15:00:00+07:00,Hanoi,21.0491,105.8831,-,pm25,55,44,20,10,4,16,29,79,1004,2,,25
2025-08-15T15:00:00+07:00,Bangkok,13.7563309,100.5017651,44,pm25,44,14,0.6,0.6,0.1,4.8,32.8,8,1003.3,1,,
2025-08-15T14:00:00+05:30,Delhi,28.6341,77.2005,153,pm25,153,38,4.6,0.5,6.1,20.1,23.325000000000003,92.45,986.05,0.22499999999999998,10.2,25
2025-08-15T17:00:00+09:00,Seoul,37.566535,126.9779692,41,o3,17,10,9.5,4.6,3.7,41.2,30.5,70.8,1003.7,2.5,,
2025-08-15T16:00:00+08:00,Beijing,39.954592,116.468117,89,pm25,89,41,4.6,1.6,7.3,68.8,28,94,1009,2.5,,
2025-08-15T16:00:00+08:00,Shanghai,31.2047372,121.4489017,38,pm25,38,21,4.2,2.1,5.5,25.2,34,56,1012,5.6,,
2025-08-15T16:00:00+09:00,Shinjuku (Tokyo),35.713889,139.705556,38,pm25,38,10,5.6,1.5,3.4,46.5,32.2,61,1013.6,0.2,2,
2025-08-15T17:00:00+09:00,Osaka,34.6937378,135.5021651,68,pm25,68,40,10.2,7.2,0.1,39.2,28,83,1012,3,,
2025-08-15T07:00:00+02:00,Paris,48.856614,2.3522219,19,pm25,19,15,7.3,0.6,0.1,16.3,21.2,68.2,1025.4,2.2,,
2025-08-15T08:00:00+01:00,London,51.5073509,-0.1277583,42,pm25,42,18,3.2,0.6,0.7,11.8,23.4,66.2,1026.8,2.1,,
2025-08-15T10:00:00+02:00,Frankfurt,50.075464,8.576305,72,pm25,72,34,,0.5,0.1,38.3,27.5,59.5,1020,1.5,11.3,19
2025-08-15T10:00:00+02:00,Hamburg,53.564486,9.96834,82,pm25,82,46,3.2,1.6,0.1,39.8,21.5,83,1020.5,5.6,,18.5
2025-08-15T16:00:00+08:00,Wuhan,30.593099,114.305393,34,pm25,34,12,8.3,3.1,5.5,,35,56,1008,2.5,,
2025-08-15T10:00:00+02:00,Warsaw (Poland),52.225171,21.014783,41,pm25,41,20,9.2,2,0.1,12,27,47,1022,4.1,8.7,15
2025-08-15T18:00:00+09:30,Winnellie (Australia),-12.424323299931126,130.89335024356842,27,pm25,27,11,1.3,0.9,4.6,11.1,28.6,48.8,1007.4,7.39,,16.5
2025-08-15T14:00:00+05:30,Bangalore (India),13.0270199,77.494094,72,pm25,72,57,6.6,1.1,3.8,9.4,27,63.3,950.9075,0.8325,,21.5
2025-08-15T14:00:00+05:30,Chennai (India),13.1278,80.2642,60,pm25,60,52,2.6,0.7,4.2,,29.4025,66.8775,82680.85,2.865,12.8,24.5
2025-08-15T03:00:00-04:00,Boston,42.325184,-71.05608,61,pm25,61,16,18.6,0.5,3.4,16,22.7,72,1018.5,,,
2025-08-15T02:00:00-04:00,Georgia,33.68797,-84.29048,44,pm25,44,28,4.4,0.2,5.6,1.6,25.7,59.8,1018.2,0.4,3.2,
2025-08-15T01:00:00-07:00,Phoenix,33.403055555556,-112.07527777778,43,pm25,43,19,4.7,,1.2,38.4,31,40,1011.5,6.6,11,16
2025-08-15T14:00:00+05:30,Hyderabad (India),17.417094,78.457437,229,o3,45,58,1.6,15.3,7.7,229.4,27,71.595,1005,2.505,10.2,22
2025-08-15T17:00:00+09:00,Gyeonggi,37.4112,127.2579,54,o3,38,16,7.5,2.6,4,53.5,31,70,1015.2,2,0.5,25
2025-08-15T16:00:00+09:00,Nagoya,35.1814464,136.906398,76,pm25,76,20,2.8,1.5,1.2,24.1,36.1,47.5,1010.9,4.6,,
2025-08-15T17:00:00+09:00,Fukuoka,33.5903547,130.4017155,42,pm25,42,20,8.4,1.5,3.4,32,32,70,1013,5.1,,
2025-08-15T16:00:00+09:00,Kawasaki,35.5309058,139.7030511,34,pm25,34,14,17.6,2.9,3.4,33.6,29,74,1012,8.2,,
2025-08-15T16:00:00+08:00,Shenzhen,22.543099,114.057868,50,pm25,50,16,5.5,4.1,5.5,22.4,31,82,1007.4,5.6,,
2025-08-15T16:00:00+08:00,Zhongshan (Taiwan),25.062361,121.526528,38,pm25,38,26,6.3,0.8,2,7.2,33,60.5,1009,9.5,13.1,24.5
2025-08-15T11:00:00+03:00,Istanbul (Turkey),41.015278,29.025,50,pm25,50,23,7.1,1.3,13.7,33.8,27.4,72.4,1008,9.7,,22
2025-08-15T16:00:00+07:00,Hanoi,21.0491,105.8831,53,pm25,53,41,23,10,6,19,29,79,1004,1.8,,25
2025-08-15T16:00:00+07:00,Bangkok,13.7563309,100.5017651,52,pm25,52,20,0.6,0.6,0.1,4.8,33,9.5,1002.4,2.5,,
2025-08-15T14:00:00+05:30,Mumbai,19.0863,72.8888,81,pm25,81,46,1.3,14.9,0.5,11.5,25,99.92,1002.5550000000001,1.62,11.8,24
2025-08-15T18:00:00+09:00,Seoul,37.566535,126.9779692,32,o3,25,14,11.9,4.3,3.4,32,30.5,70.8,1003.7,2.5,,
2025-08-15T17:00:00+08:00,Beijing,39.954592,116.468117,112,pm25,112,50,5.1,1.6,8.2,52.6,28,94,1009,1.5,,
2025-08-15T17:00:00+08:00,Shanghai,31.2047372,121.4489017,50,pm25,50,24,4.6,2.1,5.5,26.9,34,56,1012,4.6,,
2025-08-15T17:00:00+09:00,Shinjuku (Tokyo),35.713889,139.705556,38,pm25,38,10,4.7,1.5,2.3,46.5,30.5,69,1014.4,0.2,1,
2025-08-15T18:00:00+09:00,Osaka,34.6937378,135.5021651,68,pm25,68,40,17.6,5.8,0.1,38.4,29,79,1012,2.5,,
2025-08-15T11:00:00+02:00,Frankfurt,50.075464,8.576305,73,pm25,73,38,,0.5,0.1,51.9,28.5,56,1020,1.2,11.3,19
2025-08-15T11:00:00+02:00,Hamburg,53.564486,9.96834,82,pm25,82,46,2.3,1.6,0.1,38.2,22.5,75.5,1021,5.9,,18
2025-08-15T17:00:00+08:00,Wuhan,30.593099,114.305393,42,pm25,42,16,7.4,3.1,5.5,,35,53,1008,1.5,,
2025-08-15T11:00:00+02:00,Warsaw (Poland),52.225171,21.014783,39,pm25,39,19,6.6,2,0.1,12,28,45,1022,4.1,8.7,15
2025-08-15T03:00:00-04:00,Georgia,33.68797,-84.29048,45,pm25,45,29,3.6,0.2,5.6,1.6,25.5,60.2,1018.1,0.4,2.8,
2025-08-15T02:00:00-07:00,Phoenix,33.403055555556,-112.07527777778,38,o3,15,15,4.7,,1.2,37.6,30,48,1013.8,6.1,11.8,18
2025-08-15T17:00:00+09:00,Nagoya,35.1814464,136.906398,68,pm25,68,19,5.6,1.5,1.2,22.4,35,48,1011,5.1,,
2025-08-15T18:00:00+09:00,Fukuoka,33.5903547,130.4017155,46,pm25,46,22,8.4,1.5,3.4,35.2,31,70,1013,4.1,,
2025-08-15T17:00:00+09:00,Kawasaki,35.5309058,139.7030511,34,pm25,34,12,17.6,2.9,3.4,32.8,30,76,1012,8.2,,
2025-08-15T17:00:00+08:00,Shenzhen,22.543099,114.057868,50,pm25,50,16,6,4.1,6.4,22.8,31,78.5,1007.2,2.5,,
2025-08-15T17:00:00+08:00,Zhongshan (Taiwan),25.062361,121.526528,34,pm25,34,18,5.7,0.9,2.3,6.2,32.1,61.5,1009,10.6,13.1,24
2025-08-15T17:00:00+08:00,Chongqing,29.56301,106.551557,61,pm25,61,16,3.2,3.1,4.6,39.4,32,62,1005,3.6,,
2025-08-15T12:00:00+03:00,Istanbul (Turkey),41.015278,29.025,50,pm25,50,23,7.4,1.2,13.8,33.1,27.4,72.4,1008,9.7,,22
2025-08-15T17:00:00+07:00,Hanoi,21.0491,105.8831,46,pm25,46,36,30,10,8,22,30,74,1004,1.8,,25
2025-08-15T17:00:00+07:00,Bangkok,13.7563309,100.5017651,50,pm25,50,25,0.6,0.6,0.1,4.8,33,52,1002,2.5,,
2025-08-15T16:00:00+05:30,Delhi,28.6341,77.2005,119,pm25,119,36,4.9,0.4,6.7,14.4,26.025,89.05,986.375,0.25,10.2,26
2025-08-15T15:00:00+05:30,Mumbai,19.0863,72.8888,81,pm25,81,46,1.5,14.8,0.9,11.5,25,99.92,1001.7566666666667,28.790000000000003,11.8,25
2025-08-15T19:00:00+09:00,Seoul,37.566535,126.9779692,30,pm25,30,18,12.6,4.5,3.5,24.8,29.7,72.8,1003.3,2,,
2025-08-15T18:00:00+08:00,Beijing,39.954592,116.468117,132,pm25,132,54,6,1.6,7.3,61,28,83,1009,1.5,,
2025-08-15T18:00:00+08:00,Shanghai,31.2047372,121.4489017,46,pm25,46,26,4.6,1.6,5.5,26.9,32,62,1012,5.6,,
2025-08-15T18:00:00+09:00,Shinjuku (Tokyo),35.713889,139.705556,34,pm25,34,10,4.7,1.5,2.3,46.5,29.4,74,1015,0.2,0.5,
2025-08-15T19:00:00+09:00,Osaka,34.6937378,135.5021651,61,pm25,61,28,16.7,5.8,0.1,30.4,28,83,1013,2.5,,
2025-08-15T08:00:00+02:00,Paris,48.856614,2.3522219,20,pm25,20,11,7.4,0.6,0.1,19.8,23,63,1025.7,1.7,,
2025-08-15T09:00:00+01:00,London,51.5073509,-0.1277583,34,pm25,34,15,15.6,0.6,0.8,14.2,25.1,59.3,1027,2.1,,
2025-08-15T12:00:00+02:00,Frankfurt,50.075464,8.576305,74,pm25,74,40,,0.5,0.1,67.9,30.5,49.5,1020,1.8,11.3,19
2025-08-15T12:00:00+02:00,Hamburg,53.564486,9.96834,85,pm25,85,46,1,1.6,0.1,33.3,24,64,1021,5.4,,17
2025-08-15T18:00:00+08:00,Wuhan,30.593099,114.305393,42,pm25,42,22,10.1,2.1,5.5,,34,59,1008,3.6,,
2025-08-15T12:00:00+02:00,Warsaw (Poland),52.225171,21.014783,39,pm25,39,18,6.8,2,0.1,12,30,40,1022,3.6,8.7,15
2025-08-15T19:00:00+09:30,Winnellie (Australia),-12.424323299931126,130.89335024356842,20,pm25,20,13,1.7,1,4.4,10.2,27.2,65,1007.7,5.59,,16.5
2025-08-15T16:00:00+05:30,Bangalore (India),13.0270199,77.494094,75,pm25,75,56,7.8,1.8,3.8,9,24,93.475,950.645,0.89,,21
2025-08-15T16:00:00+05:30,Chennai (India),13.1278,80.2642,47,pm10,46,47,2.4,0.9,4.1,,29.55333333333333,65.95666666666666,82534.40000000001,3.026666666666667,12.8,25
2025-08-15T05:00:00-04:00,Boston,42.325184,-71.05608,59,pm25,59,20,6.5,0.5,3.4,15.2,22.2,70,1020.2,,,
2025-08-15T04:00:00-04:00,Georgia,33.68797,-84.29048,45,pm25,45,31,2.8,0.2,5.6,1.6,25.2,60.4,1018.2,0.7,4.2,
2025-08-15T03:00:00-07:00,Phoenix,33.403055555556,-112.07527777778,30,o3,14,14,4.7,,1.2,30.4,28.5,58.5,1013.6,5.6,10.2,19.5
2025-08-15T16:00:00+05:30,Hyderabad (India),17.417094,78.457437,131,pm25,131,59,6.3,10.1,1.5,13.9,29,61.28666666666667,1003,3.4599999999999995,10.2,23
2025-08-15T02:00:00-06:00,Denver,39.732146,-105.015317,57,pm25,57,25,9.2,0.6,2.9,7.8,21.6667,45,1018.3,2,2,
2025-08-15T19:00:00+09:00,Gyeonggi,37.4112,127.2579,28,o3,38,11,7.9,2.5,3.3,27.8,29,74,1014.2,2,0.5,24
2025-08-15T18:00:00+09:00,Nagoya,35.1814464,136.906398,61,pm25,61,19,5.6,1.5,1.2,19.2,33.8,54,1011.3,4.3,,
2025-08-15T19:00:00+09:00,Fukuoka,33.5903547,130.4017155,50,pm25,50,19,10.2,1.5,3.4,41.6,30,74,1014,3,,
2025-08-15T18:00:00+09:00,Kawasaki,35.5309058,139.7030511,50,pm25,50,27,21.3,1.5,3.4,32.8,29,79,1013,7.2,,
2025-08-15T18:00:00+08:00,Shenzhen,22.543099,114.057868,46,pm25,46,16,5.1,4.6,6.4,24.4,31,81.3,1007.3,5.6,,
2025-08-15T18:00:00+08:00,Zhongshan (Taiwan),25.062361,121.526528,25,pm25,25,14,6.9,0.9,3.3,4,31,64,1009,9,13.1,23.5
2025-08-15T18:00:00+08:00,Chongqing,29.56301,106.551557,65,pm25,65,29,4.2,2.1,4.6,36.6,31,62,1005,4.6,,
2025-08-15T13:00:00+03:00,Istanbul (Turkey),41.015278,29.025,49,pm25,49,22,7.2,1.2,13.8,32.5,30,41.3,1013,14.7,20.8,15.6
2025-08-15T18:00:00+07:00,Hanoi,21.0491,105.8831,41,pm25,41,36,35,11,14,11,29.5,76.5,1004,2.8,,25
2025-08-15T16:00:00+05:30,Mumbai,19.0863,72.8888,78,pm25,78,42,1.5,14.9,0.9,11.6,26,99.92,1001.2199999999999,29.10666666666667,11.8,25
2025-08-15T20:00:00+09:00,Seoul,37.566535,126.9779692,30,pm25,30,18,12,4.5,3.6,17.2,29.2,75.8,1003.1,2.5,,
2025-08-15T19:00:00+08:00,Beijing,39.954592,116.468117,134,pm25,134,55,7.4,1.6,7.3,50.6,27,88,1009,1.5,,
2025-08-15T19:00:00+08:00,Shanghai,31.2047372,121.4489017,46,pm25,46,29,5.5,1.6,5.5,22.8,31,62,1012,5.6,,
2025-08-15T19:00:00+09:00,Shinjuku (Tokyo),35.713889,139.705556,34,pm25,34,8,5.6,1.5,2.3,46.5,28.8,77,1015.6,0.2,0.5,
2025-08-15T10:00:00+02:00,Paris,48.856614,2.3522219,24,o3,20,17,7.4,0.6,0.1,23.5,25.5,54,1025.4,5.5,,
2025-08-15T10:00:00+01:00,London,51.5073509,-0.1277583,34,pm25,34,15,3.2,1.1,0.8,16.5,26.8,53.7,1027,2.5,,
2025-08-15T13:00:00+02:00,Frankfurt,50.075464,8.576305,78,o3,73,39,,0.5,0.1,77.9,31.5,47,1020,3,11.3,19
2025-08-15T13:00:00+02:00,Hamburg,53.564486,9.96834,82,pm25,82,44,1,1.6,0.1,33.3,25,59,1021,5.6,,16.5
2025-08-15T19:00:00+08:00,Wuhan,30.593099,114.305393,46,pm25,46,20,11.9,2.6,5.5,,34,59,1008,2.5,,
2025-08-15T13:00:00+02:00,Warsaw (Poland),52.225171,21.014783,39,pm25,39,19,8.4,2,0.1,12,31,35,1021,3,8.7,14
2025-08-15T20:00:00+09:30,Winnellie (Australia),-12.424323299931126,130.89335024356842,13,pm25,13,13,2.1,1,4.4,9.7,25.4,61.6,1008.2,1.01,,17.8
2025-08-15T05:00:00-04:00,Georgia,33.68797,-84.29048,45,pm25,45,29,3.2,0.2,5.7,1.6,25,61,1018.7,1,3.4,
2025-08-15T04:00:00-07:00,Phoenix,33.403055555556,-112.07527777778,44,pm25,44,16,4.7,,1.2,32.8,25,78,1014.2,3.6,10.2,21
2025-08-15T03:00:00-06:00,Denver,39.732146,-105.015317,63,pm25,63,28,11.5,0.6,2.5,9.4,20.5556,47.5,1018.3,2,2.4,
2025-08-15T20:00:00+09:00,Gyeonggi,37.4112,127.2579,55,pm25,55,11,11,2.5,3.3,27.8,28,83,1014.5,1.5,0.5,25
2025-08-15T19:00:00+09:00,Nagoya,35.1814464,136.906398,55,pm25,55,18,5.6,1.5,1.2,18.4,33.6,55.5,1011.5,3.9,,
2025-08-15T20:00:00+09:00,Fukuoka,33.5903547,130.4017155,42,pm25,42,17,13,1.5,3.4,38.4,30,74,1013,2.5,,
2025-08-15T19:00:00+09:00,Kawasaki,35.5309058,139.7030511,44,pm10,38,44,13.9,1.5,3.4,28.9,28,83,1013,6.6,,
2025-08-15T19:00:00+08:00,Shenzhen,22.543099,114.057868,53,pm25,53,18,6.9,4.6,7.3,27.7,30,83.7,1008.6,3.6,,
2025-08-15T19:00:00+08:00,Zhongshan (Taiwan),25.062361,121.526528,30,pm25,30,10,9.2,0.9,4.3,1.9,29.6,71.3,1009.6,8.5,13.1,24
2025-08-15T19:00:00+08:00,Chongqing,29.56301,106.551557,70,pm25,70,28,6,2.1,4.6,36.6,30,62,1005,1.5,,
2025-08-15T14:00:00+03:00,Istanbul (Turkey),41.015278,29.025,50,pm25,50,22,7.4,1.2,13.8,32.7,30.5,39.5,1013,14.9,20.8,15.5
2025-08-15T19:00:00+07:00,Hanoi,21.0491,105.8831,-,pm25,49,43,29,13,12,10,28,83,1005,3.6,,25
2025-08-15T19:00:00+07:00,Bangkok,13.7563309,100.5017651,32,pm25,32,16,1.2,0.6,0.1,4.8,25,100,1004,4.1,,
2025-08-15T18:00:00+05:30,Delhi,28.6341,77.2005,134,pm25,134,63,6,0.4,8.2,13.3,24.8,89.1,986.6,0.2,10.2,26
2025-08-15T18:00:00+05:30,Mumbai,19.0863,72.8888,74,pm25,74,39,1.3,14.9,0.6,11.6,26,99.92,1001.12,27.68,11.8,25
2025-08-15T21:00:00+09:00,Seoul,37.566535,126.9779692,30,pm25,30,21,12.5,4.5,3.4,11.7,27.5,83.7,1004.2,3,,
2025-08-15T20:00:00+08:00,Beijing,39.954592,116.468117,80,pm25,80,33,5.5,1.6,5.5,36.6,26,94,1009,1.5,,
2025-08-15T20:00:00+08:00,Shanghai,31.2047372,121.4489017,46,pm25,46,29,6.9,1.6,5.5,11.8,30,70,1012.5,6.6,,
2025-08-15T20:00:00+09:00,Shinjuku (Tokyo),35.713889,139.705556,38,pm25,38,12,7.5,1.5,2.3,46.5,28.3,81,1015.7,0.2,2,
2025-08-15T21:00:00+09:00,Osaka,34.6937378,135.5021651,65,pm25,65,46,20.4,5.8,0.1,23.3,28,83,1014,2.5,,
2025-08-15T11:00:00+02:00,Paris,48.856614,2.3522219,37,pm25,37,22,8.9,0.6,0.1,32.2,26.8,44.2,1025.1,2,,
2025-08-15T12:00:00+01:00,London,51.5073509,-0.1277583,17,pm25,17,13,5.3,0.6,1,13.5,28.2,49.5,1026.9,1.9,,
2025-08-15T14:00:00+02:00,Frankfurt,50.075464,8.576305,74,o3,71,35,,0.5,0.1,73.5,33,43,1020,2.8,11.3,19
2025-08-15T14:00:00+02:00,Hamburg,53.564486,9.96834,82,pm25,82,43,1,1.6,0.1,32.9,26,54,1021,6.4,,16
2025-08-15T20:00:00+08:00,Wuhan,30.593099,114.305393,50,pm25,50,21,12.4,2.6,5.5,,33,62,1008,1.5,,
2025-08-15T14:00:00+02:00,Warsaw (Poland),52.225171,21.014783,35,pm25,35,16,8.5,2,0.1,12,32,33,1021,3,8.7,14
2025-08-15T22:00:00+09:30,Winnellie (Australia),-12.424323299931126,130.89335024356842,24,pm25,24,9,3.8,1.2,4.8,6.8,23.4,70.4,1009.7,0.6,,16.9
2025-08-15T18:00:00+05:30,Bangalore (India),13.0270199,77.494094,73,pm25,73,56,6.8,1.9,3.8,9.4,24.5,93.5,950.76,0.98,,19.5
2025-08-15T18:00:00+05:30,Chennai (India),13.1278,80.2642,69,pm25,69,48,2.8,1,3.4,,29.81,69.14,82520.7,3.39,12.8,24.5
2025-08-15T07:00:00-04:00,Boston,42.325184,-71.05608,55,pm25,55,21,6.5,0.6,3.4,12.1,22.2,70,1021.7,,,
2025-08-15T06:00:00-04:00,Georgia,33.68797,-84.29048,44,pm25,44,26,4.9,0.2,5.6,1.6,25.5,60,1018.5,0.6,3.6,
2025-08-15T05:00:00-07:00,Phoenix,33.403055555556,-112.07527777778,31,o3,30,10,4.7,,1.2,31.2,25.5,67,1013.2,6.9,11.8,19
2025-08-15T18:00:00+05:30,Hyderabad (India),17.417094,78.457437,153,pm25,153,59,8.2,13.9,1.5,11.1,28,68.71,1003,3.72,10.2,22
2025-08-15T05:00:00-06:00,Denver,39.732146,-105.015317,70,pm25,70,49,13.3,0.6,3.9,9.8,19.4444,48,1018.4,2,4.5,
2025-08-15T20:00:00+09:00,Nagoya,35.1814464,136.906398,42,pm25,42,15,4.7,1.5,2.3,18.4,32.2,60,1012.5,3.9,,
2025-08-15T21:00:00+09:00,Fukuoka,33.5903547,130.4017155,53,pm25,53,20,8.4,1.5,3.4,33.6,29,79,1014,2,,
2025-08-15T20:00:00+09:00,Kawasaki,35.5309058,139.7030511,53,pm25,53,25,15.8,1.5,3.4,23.3,27,83,1014,6.1,,
2025-08-15T20:00:00+08:00,Shenzhen,22.543099,114.057868,57,pm25,57,20,18.8,4.6,7.3,26,30,89.3,1009,7,,
2025-08-15T20:00:00+08:00,Zhongshan (Taiwan),25.062361,121.526528,30,pm25,30,7,9.2,0.9,4.3,2,29,74,1010,7.7,13.1,24
2025-08-15T20:00:00+08:00,Chongqing,29.56301,106.551557,63,pm25,63,27,5.1,2.1,4.6,37,30,66,1006,4.6,,
2025-08-15T15:00:00+03:00,Istanbul (Turkey),41.015278,29.025,51,pm25,51,22,7.4,1.2,13.8,33.3,26.7,71.9,1007.7,11.3,,21.2
2025-08-15T20:00:00+07:00,Hanoi,21.0491,105.8831,61,pm25,61,50,22,14,11,11,28,80.5,1005,3.8,,24.5
2025-08-15T20:00:00+07:00,Bangkok,13.7563309,100.5017651,26,pm25,26,14,0.6,0.6,0.1,4.8,27,100,1004,3.6,,
2025-08-15T19:00:00+05:30,Delhi,28.6341,77.2005,129,pm25,129,60,7.2,0.4,4.9,17,24.15,89.55000000000001,986.6750000000001,0.27499999999999997,10.2,26
2025-08-15T19:00:00+05:30,Mumbai,19.0863,72.8888,76,pm25,76,41,1.4,14.9,0.8,11.5,27,99.92,1001.1833333333334,27.636666666666667,11.8,25
2025-08-15T22:00:00+09:00,Seoul,37.566535,126.9779692,21,pm25,21,20,12.1,4.3,2.7,10.2,26.9,84.7,1003.8,3,,
2025-08-15T21:00:00+08:00,Beijing,39.954592,116.468117,76,pm25,76,31,6.9,1.6,6.4,31.7,25,100,1010,1.5,,
2025-08-15T21:00:00+08:00,Shanghai,31.2047372,121.4489017,42,pm25,42,26,7.8,1.6,5.5,11.8,30,70,1012,5.6,,
2025-08-15T21:00:00+09:00,Shinjuku (Tokyo),35.713889,139.705556,42,pm25,42,16,15.8,1.5,2.3,46.5,28.3,82,1015.6,0.2,1,
2025-08-15T22:00:00+09:00,Osaka,34.6937378,135.5021651,63,pm25,63,56,13.9,5.8,0.1,25.6,27,88,1014,3,,
2025-08-15T13:00:00+01:00,London,51.5073509,-0.1277583,34,pm25,34,13,10.1,1.1,1,15.5,29.1,45.8,1026.2,3,,
2025-08-15T15:00:00+02:00,Frankfurt,50.075464,8.576305,74,o3,71,35,,0.5,0.1,74.4,33,43,1019.5,4.6,8.7,19
2025-08-15T15:00:00+02:00,Hamburg,53.564486,9.96834,80,pm25,80,42,1,1.6,0.1,33.8,25.5,55.5,1021,7.2,,16
2025-08-15T21:00:00+08:00,Wuhan,30.593099,114.305393,53,pm25,53,22,12.4,2.6,6.4,,33,62,1009,1.5,,
2025-08-15T15:00:00+02:00,Warsaw (Poland),52.225171,21.014783,33,pm25,33,16,10.2,2,0.1,12,32,33,1020,3.6,8.7,14
2025-08-15T23:00:00+09:30,Winnellie (Australia),-12.424323299931126,130.89335024356842,31,pm25,31,11,4,1,5,6.6,21.7,75.9,1009.7,2,,16.4
2025-08-15T19:00:00+05:30,Bangalore (India),13.0270199,77.494094,54,pm10,45,54,8.2,2.1,3.8,9.4,23,93.57499999999999,950.7850000000001,0.9725,,20
2025-08-15T19:00:00+05:30,Chennai (India),13.1278,80.2642,77,pm25,77,57,3.1,0.4,3.5,,29.805,67.5475,82542.34999999999,3.5675000000000003,12.8,24
2025-08-15T08:00:00-04:00,Boston,42.325184,-71.05608,49,pm25,49,19,7.5,0.6,3.4,14.5,22.9,69.3,1022.2,,,
2025-08-15T07:00:00-04:00,Georgia,33.68797,-84.29048,38,pm25,38,24,7.7,0.2,6.7,1.6,26.4,58.8,1018.9,0.2,4.4,
2025-08-15T06:00:00-07:00,Phoenix,33.403055555556,-112.07527777778,38,pm25,38,10,4.7,,1.2,30.4,27,54,1013.2,3,11.8,17
2025-08-15T19:00:00+05:30,Hyderabad (India),17.417094,78.457437,160,pm25,160,60,9,6.3,1.5,10.6,27,70.19749999999999,1004,4.0375,10.2,22
2025-08-15T06:00:00-06:00,Denver,39.732146,-105.015317,70,pm25,70,40,14.7,0.6,5.1,8.2,18.8889,47.5,1018.7,3,5.6,
2025-08-15T22:00:00+09:00,Gyeonggi,37.4112,127.2579,20,pm10,5,20,15.1,2.6,4.4,4.9,26,94,1014.8,1,0.5,25
2025-08-15T21:00:00+09:00,Nagoya,35.1814464,136.906398,46,pm25,46,16,4.7,2.9,1.2,17.6,31.6,61,1012.6,3.8,,
2025-08-15T22:00:00+09:00,Fukuoka,33.5903547,130.4017155,42,pm25,42,17,9.3,1.5,2.3,25.6,29,79,1014,3,,
2025-08-15T21:00:00+09:00,Kawasaki,35.5309058,139.7030511,42,pm25,42,25,15.8,1.5,3.4,23.3,28,87,1014,6.4,,
2025-08-15T21:00:00+08:00,Shenzhen,22.543099,114.057868,53,pm25,53,20,20.2,5.1,8.2,25.2,30,87.3,1009.8,2.5,,
2025-08-15T21:00:00+08:00,Zhongshan (Taiwan),25.062361,121.526528,30,pm25,30,10,8.2,0.8,3.2,2,29,76.5,1010,6.9,13.1,24.5
2025-08-15T21:00:00+08:00,Chongqing,29.56301,106.551557,70,pm25,70,38,8.3,2.1,4.6,22.4,29,70,1006,4.6,,
2025-08-15T16:00:00+03:00,Istanbul (Turkey),41.015278,29.025,50,pm25,50,21,7.7,1.2,13.8,32.6,26.2,79.1,1007.6,10.8,,22.3
2025-08-15T21:00:00+07:00,Hanoi,21.0491,105.8831,67,pm25,67,52,17,13,7,10,27,83,1007,3,,24
2025-08-15T21:00:00+07:00,Bangkok,13.7563309,100.5017651,38,pm25,38,14,0.6,0.6,0.1,4.8,27,100,1005,4.1,,
2025-08-15T20:00:00+05:30,Delhi,28.6341,77.2005,134,pm25,134,39,7.2,0.3,5.9,11.3,22.549999999999997,91.625,986.55,0.3,10.2,26
2025-08-15T20:00:00+05:30,Mumbai,19.0863,72.8888,79,pm25,79,44,1.4,14.9,0.7,11.6,27,99.92,1001.6333333333333,28.09,11.8,25
2025-08-15T23:00:00+09:00,Seoul,37.566535,126.9779692,21,pm25,21,19,12.7,4.5,3,9.6,26.5,87.7,1003.5,2,,
2025-08-15T22:00:00+08:00,Beijing,39.954592,116.468117,78,pm25,78,31,6.9,2.1,5.5,27.7,25,94,1010,1.5,,
2025-08-15T22:00:00+08:00,Shanghai,31.2047372,121.4489017,38,pm25,38,21,8.7,1.6,4.6,9.8,29,79,1013,4.6,,
2025-08-15T22:00:00+09:00,Shinjuku (Tokyo),35.713889,139.705556,46,pm25,46,18,13,1.5,2.3,46.5,28.3,81,1015.5,0.2,1,
2025-08-15T23:00:00+09:00,Osaka,34.6937378,135.5021651,59,pm25,59,47,20.4,7.2,0.2,20,27,88,1013,1.5,,
2025-08-15T12:00:00+02:00,Paris,48.856614,2.3522219,56,pm25,56,9,8.9,0.6,0.1,31.9,28.4,33.3,1024.4,4.3,,
2025-08-15T16:00:00+02:00,Frankfurt,50.075464,8.576305,69,pm25,69,33,,0.5,0.1,65.3,33,43,1019,5.6,8.7,19
2025-08-15T16:00:00+02:00,Hamburg,53.564486,9.96834,80,pm25,80,41,1,1.6,0.1,33.3,26,55.5,1021,7.2,,16.5
2025-08-15T22:00:00+08:00,Wuhan,30.593099,114.305393,50,pm25,50,22,11,3.1,6.4,,30,89,1009,0.5,,
2025-08-15T16:00:00+02:00,Warsaw (Poland),52.225171,21.014783,31,pm25,31,14,10.5,2,0.1,12,32,31,1019,3,8.7,13
2025-08-16T00:00:00+09:30,Winnellie (Australia),-12.424323299931126,130.89335024356842,32,pm25,32,22,2.9,1.2,4.7,7.5,21.5,84.4,1009.7,5.99,,17.7
2025-08-15T09:00:00-04:00,Boston,42.325184,-71.05608,41,pm25,41,19,9.3,0.6,3.4,14.5,22.7,68.5,1022.8,,,
2025-08-15T08:00:00-04:00,Georgia,33.68797,-84.29048,28,pm25,28,14,8.7,0.2,4.5,8.8,29.8,52.6,1019.3,0.2,3.6,
2025-08-15T07:00:00-07:00,Phoenix,33.403055555556,-112.07527777778,26,o3,25,9,4.7,,2.3,26.4,27,57,1013.5,2,11.8,18
2025-08-15T07:00:00-06:00,Denver,39.732146,-105.015317,72,pm25,72,50,12.4,0.6,4,9.8,20,42,1019,3,6,
2025-08-15T23:00:00+09:00,Gyeonggi,37.4112,127.2579,21,pm10,5,21,15.9,2.6,4.5,1.4,26,94,1014.8,0.5,0.5,25
2025-08-15T22:00:00+09:00,Nagoya,35.1814464,136.906398,46,pm25,46,16,4.7,2.9,1.2,17.6,30.5,74,1012.6,1.6,,
2025-08-15T23:00:00+09:00,Fukuoka,33.5903547,130.4017155,38,pm25,38,19,5.6,1.5,3.4,18.4,28,83,1013,2.3,,
2025-08-15T22:00:00+09:00,Kawasaki,35.5309058,139.7030511,38,pm25,38,19,19.5,1.5,2.3,16.8,27,83,1014,6.6,,
2025-08-15T22:00:00+08:00,Shenzhen,22.543099,114.057868,57,pm25,57,29,15.1,4.6,8.2,22.8,29,86,1010,1.7,,
2025-08-15T22:00:00+08:00,Zhongshan (Taiwan),25.062361,121.526528,34,pm25,34,8,6.8,0.9,2.9,2.2,29,76.5,1011,6.4,13.1,24.5
2025-08-15T22:00:00+08:00,Chongqing,29.56301,106.551557,72,pm25,72,34,14.2,3.1,6.4,17.5,28,74,1007,3.6,,
2025-08-15T22:00:00+07:00,Hanoi,21.0491,105.8831,62,pm25,62,50,17,14,10,10,27,83,1007,3,,24
2025-08-15T22:00:00+07:00,Bangkok,13.7563309,100.5017651,33,pm25,33,23,0.6,0.6,0.1,4.8,27,100,1006,3.6,,
2025-08-16T00:00:00+09:00,Seoul,37.566535,126.9779692,20,pm10,13,20,10.5,4.6,2.7,10.2,26.5,87.7,1003.5,2,,
2025-08-15T23:00:00+08:00,Beijing,39.954592,116.468117,61,pm25,61,21,5.5,1.1,5.5,26.9,25,94,1009,1.5,,
2025-08-15T23:00:00+08:00,Shanghai,31.2047372,121.4489017,34,pm25,34,20,7.4,1.6,4.6,8.2,29,79,1013,4.6,,
2025-08-15T23:00:00+09:00,Shinjuku (Tokyo),35.713889,139.705556,34,pm25,34,23,13,1.5,2.3,46.5,28.3,81.5,1015.3,0.2,1,
2025-08-16T00:00:00+09:00,Osaka,34.6937378,135.5021651,63,pm25,63,31,13.9,7.2,0.1,20.8,26,88,1013,3,,
2025-08-15T14:00:00+02:00,Paris,48.856614,2.3522219,56,pm25,56,9,8.9,0.6,0.1,31.9,29.5,29.2,1023.4,3,,
2025-08-15T14:00:00+01:00,London,51.5073509,-0.1277583,34,pm25,34,13,13.3,1.1,1,17.5,29.6,44.2,1025.8,3,,
2025-08-15T17:00:00+02:00,Frankfurt,50.075464,8.576305,68,pm25,68,33,,0.5,0.1,63.9,33,43,1019,6.4,8.7,19
2025-08-15T17:00:00+02:00,Hamburg,53.564486,9.96834,80,pm25,80,40,1,1.6,0.1,35.4,26,54,1021,7.7,,16
2025-08-15T23:00:00+08:00,Wuhan,30.593099,114.305393,50,pm25,50,24,19.7,3.1,6.4,,33,62,1009,1.5,,
2025-08-15T17:00:00+02:00,Warsaw (Poland),52.225171,21.014783,30,pm25,30,13,9.9,2,0.1,12,32,31,1019,2,8.7,13
2025-08-15T20:00:00+05:30,Bangalore (India),13.0270199,77.494094,83,pm25,83,52,8.3,0.8,3.8,9.2,21,93.8,951.0366666666667,0.91,,20
2025-08-15T20:00:00+05:30,Chennai (India),13.1278,80.2642,83,pm25,83,57,3.3,0.2,4.1,,29.77333333333333,66.19,82649.86666666665,2.8666666666666667,12.8,25
2025-08-15T09:00:00-04:00,Georgia,33.68797,-84.29048,29,pm25,29,14,5.7,0.2,3.4,24.1,31.5,47.4,1021,0.8,7.6,
2025-08-15T08:00:00-07:00,Phoenix,33.403055555556,-112.07527777778,27,pm25,27,12,4.7,,2.3,25.6,28,51,1014.2,2,11.8,17
2025-08-15T20:00:00+05:30,Hyderabad (India),17.417094,78.457437,155,pm25,155,65,8.8,6.7,1.5,13.3,26,79.65333333333332,1005,3.6233333333333335,10.2,23
2025-08-15T08:00:00-06:00,Denver,39.732146,-105.015317,61,pm25,61,48,9.2,0.6,3.2,9.8,22.7778,37,1018.9,2,4,
2025-08-15T23:00:00+09:00,Nagoya,35.1814464,136.906398,55,pm25,55,42,5.6,1.5,1.2,20.8,29.4,76,1012.7,2.3,,
2025-08-16T00:00:00+09:00,Fukuoka,33.5903547,130.4017155,34,pm25,34,17,4.7,1.5,3.4,16.8,28,83,1013,1.5,,
2025-08-15T23:00:00+09:00,Kawasaki,35.5309058,139.7030511,38,pm25,38,16,17.6,1.5,2.3,16.8,27,83,1013,6.1,,
2025-08-15T23:00:00+08:00,Shenzhen,22.543099,114.057868,53,pm25,53,32,15.6,5.1,8.2,35,29,91.5,1010,4,,
2025-08-15T23:00:00+08:00,Zhongshan (Taiwan),25.062361,121.526528,30,pm25,30,3,6.4,0.8,2.5,3.5,28.5,76,1011,5.9,13.1,24
2025-08-15T23:00:00+08:00,Chongqing,29.56301,106.551557,57,pm25,57,41,18.3,3.1,5.5,7.8,27,78,1007,3.6,,
2025-08-15T17:00:00+03:00,Istanbul (Turkey),41.015278,29.025,51,pm25,51,21,7.1,1.2,13.8,35.4,29,43.5,1013,12.3,23.1,15.5
2025-08-15T23:00:00+07:00,Hanoi,21.0491,105.8831,59,pm25,59,48,19,15,8,11,27,83,1008,1.5,,24
2025-08-15T23:00:00+07:00,Bangkok,13.7563309,100.5017651,28,pm25,28,14,0.6,0.6,0.1,4.8,27,88,1006,3,,
2025-08-15T22:00:00+05:30,Delhi,28.6341,77.2005,127,pm25,127,65,4,0.9,10.9,8.5,21.65,93.52499999999999,985.975,0.3,10.2,26
2025-08-15T22:00:00+05:30,Mumbai,19.0863,72.8888,86,pm25,86,51,1.6,14.9,1.2,11.5,27,99.92,1002.6566666666668,28.866666666666664,11.8,25
2025-08-16T01:00:00+09:00,Seoul,37.566535,126.9779692,21,pm25,21,19,10.7,4.2,2.8,8.6,26.4,87.7,1003.2,0.5,,
2025-08-16T00:00:00+08:00,Beijing,39.954592,116.468117,76,pm25,76,30,5.5,1.6,5.5,22.8,24,100,1010,0.5,,
2025-08-16T00:00:00+08:00,Shanghai,31.2047372,121.4489017,34,pm25,34,19,5.5,1.6,4.6,7.4,29,79,1013,4.6,,
2025-08-16T00:00:00+09:00,Shinjuku (Tokyo),35.713889,139.705556,38,pm25,38,19,12.1,1.5,2.3,17.6,28.3,81,1014.8,0.2,1,
2025-08-15T16:00:00+01:00,London,51.5073509,-0.1277583,38,pm25,38,21,13.3,1.1,1,19.5,29.3,44.1,1025.8,2.8,,
2025-08-15T18:00:00+02:00,Frankfurt,50.075464,8.576305,67,pm25,67,34,,0.5,0.1,64.6,32.5,43,1019,6.9,8.7,18.5
2025-08-15T18:00:00+02:00,Hamburg,53.564486,9.96834,78,pm25,78,40,1,1.6,0.1,31.7,25,57,1021,7.2,,16
2025-08-16T00:00:00+08:00,Wuhan,30.593099,114.305393,53,pm25,53,22,25.2,3.1,6.4,,29,83,1009,0.5,,
2025-08-15T18:00:00+02:00,Warsaw (Poland),52.225171,21.014783,32,pm25,32,14,10.4,2,0.1,12,31,31,1018,3,8.7,12
2025-08-16T01:00:00+09:30,Winnellie (Australia),-12.424323299931126,130.89335024356842,13,pm25,13,6,2.9,1.2,4.7,5.8,22.5,90,1009.4,4.79,,19.7
2025-08-15T22:00:00+05:30,Bangalore (India),13.0270199,77.494094,54,pm25,54,50,8.1,4.3,3.8,9.4,21,93.75,951.2225,0.9,,20
2025-08-15T22:00:00+05:30,Chennai (India),13.1278,80.2642,87,pm25,87,56,3,0.8,5.3,,29.58,67.89750000000001,82748.27500000001,1.7425000000000002,12.8,25
2025-08-15T11:00:00-04:00,Boston,42.325184,-71.05608,30,pm25,30,19,1.9,0.6,2.3,17.6,23.3,67,1022.8,,,
2025-08-15T10:00:00-04:00,Georgia,33.68797,-84.29048,32,o3,29,12,2.4,0.2,2.7,32,32.8,41,1020.9,1.2,7.1,
2025-08-15T09:00:00-07:00,Phoenix,33.403055555556,-112.07527777778,34,o3,16,10,4.7,,1.2,34.4,30,45,1014.2,2,11.8,17
2025-08-15T22:00:00+05:30,Hyderabad (India),17.417094,78.457437,159,pm25,159,76,9.6,8.5,1.5,10.4,24.5,80.68,1006,3.1,10.2,22
2025-08-15T09:00:00-06:00,Denver,39.732146,-105.015317,59,pm25,59,53,11,0.6,4.1,8.6,25.5556,31.3,1018.7,2,4.6,
2025-08-16T00:00:00+09:00,Gyeonggi,37.4112,127.2579,23,pm10,34,23,8.8,2.8,3.8,2.1,25,94,1014.5,1,0.5,24
2025-08-16T00:00:00+09:00,Nagoya,35.1814464,136.906398,53,pm25,53,22,9.3,1.5,2.3,25.6,30,78,1012.7,2.4,,
2025-08-16T01:00:00+09:00,Fukuoka,33.5903547,130.4017155,34,pm25,34,15,5.6,1.5,3.4,13.6,27,83,1013,1,,
2025-08-16T00:00:00+09:00,Kawasaki,35.5309058,139.7030511,50,pm25,50,17,14.9,1.5,2.3,22.4,27,88,1013,4.6,,
2025-08-16T00:00:00+08:00,Shenzhen,22.543099,114.057868,53,pm25,53,30,22.4,5.1,5.5,35.8,29,88,1010,1.5,,
2025-08-16T00:00:00+08:00,Zhongshan (Taiwan),25.062361,121.526528,21,pm25,21,4,6.1,0.8,2,3.9,28.5,76,1010,5.4,13.1,24
2025-08-16T00:00:00+08:00,Chongqing,29.56301,106.551557,65,pm25,65,38,13.8,2.6,4.6,7.8,27,78,1007,3.6,,
2025-08-15T19:00:00+03:00,Istanbul (Turkey),41.015278,29.025,51,pm25,51,21,7.1,1.2,13.6,37.4,27,47,1013,10.2,15.4,15
2025-08-16T00:00:00+07:00,Hanoi,21.0491,105.8831,53,pm25,53,47,17,12,5,19,26,88,1008,1.5,,24
2025-08-15T23:00:00+05:30,Delhi,28.6341,77.2005,154,pm25,154,76,7.3,0.7,8.8,16.2,21.974999999999998,93.95,986.475,0.3,10.2,26
2025-08-16T02:00:00+09:00,Seoul,37.566535,126.9779692,21,pm25,21,19,9.1,4.3,3.5,9,26,89.8,1003.5,1.5,,
2025-08-16T01:00:00+08:00,Beijing,39.954592,116.468117,72,pm25,72,27,6,1.1,5.5,22.8,24,94,1010,0.5,,
2025-08-16T01:00:00+08:00,Shanghai,31.2047372,121.4489017,46,pm25,46,20,5.1,2.1,4.6,8.2,29,74,1013,4.6,,
2025-08-16T01:00:00+09:00,Shinjuku (Tokyo),35.713889,139.705556,42,pm25,42,19,7.5,1.5,2.3,17.6,28.3,80.2,1014.7,0.2,1,
2025-08-16T01:00:00+09:00,Osaka,34.6937378,135.5021651,63,pm25,63,57,13,7.2,3.4,12.1,28,89,1013,2.3,,
2025-08-15T16:00:00+02:00,Paris,48.856614,2.3522219,34,o3,22,10,10.2,0.6,0.1,33.7,30,30,1023.3,4,,
2025-08-15T19:00:00+02:00,Frankfurt,50.075464,8.576305,61,pm25,61,30,,0.5,0.1,54.5,31.5,43,1019,6.4,12.8,17.5
2025-08-15T19:00:00+02:00,Hamburg,53.564486,9.96834,78,pm25,78,39,1,1.6,0.1,32.9,24,64,1021,5.4,,17
2025-08-16T01:00:00+08:00,Wuhan,30.593099,114.305393,53,pm25,53,21,29.3,3.1,5.5,,29,83,1009,1.5,,
2025-08-15T19:00:00+02:00,Warsaw (Poland),52.225171,21.014783,33,pm25,33,15,16.3,2,0.1,12,30,35,1018,2,8.7,13
2025-08-16T02:00:00+09:30,Winnellie (Australia),-12.424323299931126,130.89335024356842,18,pm25,18,7,1.9,0.9,4.6,5.8,20.7,90,1009.7,1.99,,19
2025-08-15T11:00:00-04:00,Georgia,33.68797,-84.29048,35,o3,32,12,1.7,0.2,2.5,35.2,33.1,36.5,1020.3,0.7,7.7,
2025-08-15T10:00:00-07:00,Phoenix,33.403055555556,-112.07527777778,39,o3,26,10,4.7,,1.2,39.2,31,43,1014.5,4.6,11.8,17
2025-08-15T10:00:00-06:00,Denver,39.732146,-105.015317,50,pm25,50,39,6.9,0.6,2.7,16.7,28.3333,26,1018.5,2,6,
2025-08-16T02:00:00+09:00,Gyeonggi,37.4112,127.2579,25,pm10,17,25,8.9,2.8,4,1.1,24,100,1014.5,0.5,0.5,24
2025-08-16T01:00:00+09:00,Nagoya,35.1814464,136.906398,55,pm25,55,22,9.3,1.5,2.3,25.6,29.1,80,1012.6,2.1,,
2025-08-16T02:00:00+09:00,Fukuoka,33.5903547,130.4017155,30,pm25,30,13,4.7,1.5,2.3,12.1,26,88,1013,1,,
2025-08-16T01:00:00+09:00,Kawasaki,35.5309058,139.7030511,46,pm25,46,17,13,1.5,2.3,22.4,28,88,1013,4.6,,
2025-08-16T01:00:00+08:00,Shenzhen,22.543099,114.057868,53,pm25,53,28,17.4,5.1,4.6,28.9,29,88,1009,2.5,,
2025-08-16T01:00:00+08:00,Zhongshan (Taiwan),25.062361,121.526528,9,pm25,9,5,4.4,0.8,1.6,5.2,29,74,1010,5.6,13.1,24
2025-08-16T01:00:00+08:00,Chongqing,29.56301,106.551557,53,pm25,53,28,16.5,3.1,4.6,6.1,27,78,1007,3.6,,
2025-08-15T20:00:00+03:00,Istanbul (Turkey),41.015278,29.025,51,pm25,51,21,7,1.2,13.6,37.9,26,57,1013,10.8,15.9,17
2025-08-16T01:00:00+07:00,Hanoi,21.0491,105.8831,51,pm25,51,47,12,13,4,19,26,94,1007,1.5,,25
2025-08-16T01:00:00+07:00,Bangkok,13.7563309,100.5017651,31,pm25,31,17,0.6,0.6,0.1,4.8,27,94.2,1003.9,0.5,,
2025-08-16T00:00:00+05:30,Delhi,28.6341,77.2005,153,pm25,153,70,10.6,0.7,7.1,18.6,22.35,93.92500000000001,986.5,0.30000000000000004,10.2,26
2025-08-16T00:00:00+05:30,Mumbai,19.0863,72.8888,84,pm25,84,49,1.9,14.9,1.9,11.5,26,99.92,1002.42,30.174999999999997,11.8,25
2025-08-16T03:00:00+09:00,Seoul,37.566535,126.9779692,21,pm25,21,15,9.3,4.5,2.7,7.7,25.8,89.8,1003.2,0.5,,
2025-08-16T02:00:00+08:00,Beijing,39.954592,116.468117,61,pm25,61,20,6.9,1.1,4.6,20.4,24,100,1009,0.5,,
2025-08-16T02:00:00+08:00,Shanghai,31.2047372,121.4489017,50,pm25,50,18,4.6,2.1,4.6,7.8,29,74,1012,4.6,,
2025-08-16T02:00:00+09:00,Shinjuku (Tokyo),35.713889,139.705556,42,pm25,42,20,8.4,1.5,2.3,17.6,28.3,79,1014.9,0.2,1,
2025-08-16T03:00:00+09:00,Osaka,34.6937378,135.5021651,50,pm25,50,26,10.2,7.2,0.1,24.1,25,94,1013,3,,
2025-08-15T18:00:00+02:00,Paris,48.856614,2.3522219,34,o3,34,6,10.1,0.6,0.1,33.6,29.4,35,1023.2,4,,
2025-08-15T18:00:00+01:00,London,51.5073509,-0.1277583,346,pm25,346,174,24.3,0.6,1,24.8,27.4,48.4,1025.8,4.5,,
2025-08-15T20:00:00+02:00,Frankfurt,50.075464,8.576305,55,pm25,55,24,,0.5,0.1,47.8,30,45,1019,6.1,12.8,17
2025-08-15T20:00:00+02:00,Hamburg,53.564486,9.96834,76,pm25,76,37,2.8,1.6,0.1,35.4,22.5,75.5,1021,4.8,,18
2025-08-16T02:00:00+08:00,Wuhan,30.593099,114.305393,53,pm25,53,24,26.1,3.6,6.4,,30,79,1008,2.5,,
2025-08-15T20:00:00+02:00,Warsaw (Poland),52.225171,21.014783,35,pm25,35,17,27.9,2,0.1,12,28,37,1018,2,8.7,12
2025-08-16T04:00:00+09:30,Winnellie (Australia),-12.424323299931126,130.89335024356842,21,pm25,21,7,1.9,0.9,4.9,7.8,19.3,90,1009,2.79,,17.4
2025-08-16T00:00:00+05:30,Bangalore (India),13.0270199,77.494094,50,pm10,45,50,7.6,2.4,3.8,9.4,21,93.7,951.12,0.905,,19
2025-08-16T00:00:00+05:30,Chennai (India),13.1278,80.2642,30,pm10,29,30,2.7,0.6,4.6,,29.4225,66.62,82686.125,0.7725,12.8,24
2025-08-15T13:00:00-04:00,Boston,42.325184,-71.05608,24,pm25,24,18,2.8,0.9,2.3,16.8,23.7,57.6,1022.9,,,
2025-08-15T12:00:00-04:00,Georgia,33.68797,-84.29048,38,o3,32,11,1.3,0.2,2.3,37.6,34,36.1,1019.2,0.7,9,
2025-08-15T11:00:00-07:00,Phoenix,33.403055555556,-112.07527777778,46,o3,26,10,4.7,,1.2,45.6,34,34,1014.5,5.1,11.8,16
2025-08-16T00:00:00+05:30,Hyderabad (India),17.417094,78.457437,142,pm25,142,70,8.4,8,1.5,10,23,99.35,1006,3.2275,10.2,23
2025-08-15T11:00:00-06:00,Denver,39.732146,-105.015317,42,pm25,42,28,5.1,0.6,2.7,23.2,30.5556,22,1017.8,3,8.6,
2025-08-16T03:00:00+09:00,Gyeonggi,37.4112,127.2579,27,pm10,13,27,8.9,2.6,4.2,0.3,24,100,1014.5,0.5,0.5,24
2025-08-16T02:00:00+09:00,Nagoya,35.1814464,136.906398,53,pm25,53,24,6.5,1.5,2.3,25.6,28.6,80.5,1012.7,1.8,,
2025-08-16T03:00:00+09:00,Fukuoka,33.5903547,130.4017155,25,pm25,25,14,5.6,1.5,3.4,11.2,26,88,1013,1.5,,
2025-08-16T02:00:00+09:00,Kawasaki,35.5309058,139.7030511,30,pm25,30,15,13.9,1.5,2.3,23.3,27,89,1013,5.4,,
2025-08-16T02:00:00+08:00,Shenzhen,22.543099,114.057868,57,pm25,57,38,11,4.6,4.6,25.6,28.3,88,1009.2,4,,
2025-08-16T02:00:00+08:00,Zhongshan (Taiwan),25.062361,121.526528,13,pm25,13,6,3.8,0.8,1.2,5.8,29,70,1009,5.6,13.1,23
2025-08-16T02:00:00+08:00,Chongqing,29.56301,106.551557,57,pm25,57,27,15.1,3.1,5.5,6.5,27,78,1007,2.5,,
2025-08-16T02:00:00+07:00,Hanoi,21.0491,105.8831,53,pm25,53,46,16,11,3,19,26,94,1007,1.2,,25
2025-08-16T02:00:00+07:00,Bangkok,13.7563309,100.5017651,43,pm25,43,17,0.6,0.6,0.1,4.8,27,94.2,1005.3,0.5,,
2025-08-16T04:00:00+09:00,Seoul,37.566535,126.9779692,21,pm25,21,17,10.6,4.3,3.6,6.1,25.8,89.8,1003.2,0.5,,
2025-08-16T03:00:00+08:00,Beijing,39.954592,116.468117,34,pm25,34,10,6,1.1,4.6,24.8,23,100,1009,0.5,,
2025-08-16T03:00:00+09:00,Shinjuku (Tokyo),35.713889,139.705556,38,pm25,38,20,8.4,1.5,2.3,17.6,28.8,80,1015,0.2,1,
2025-08-16T04:00:00+09:00,Osaka,34.6937378,135.5021651,53,pm25,53,24,9.3,5.8,0.1,14.5,25,88,1013,3,,
2025-08-15T17:00:00+02:00,Paris,48.856614,2.3522219,158,pm25,158,10,14.9,0.6,0.1,38.7,28,39,1023.7,3.5,,
2025-08-15T21:00:00+02:00,Hamburg,53.564486,9.96834,74,pm25,74,35,2.3,1.6,0.1,36.2,20.5,82,1021,4.6,,17.5
2025-08-15T21:00:00+02:00,Warsaw (Poland),52.225171,21.014783,39,pm25,39,19,26.5,2,0.1,12,26,44,1018,3,8.7,13
2025-08-15T13:00:00-04:00,Georgia,33.68797,-84.29048,42,o3,35,13,1.2,0.2,2.3,41.6,35.2,34,1017.9,1,6.2,
2025-08-15T12:00:00-07:00,Phoenix,33.403055555556,-112.07527777778,48,o3,16,8,4.7,,1.2,48.1,36,30,1014.2,5.1,8.2,16
2025-08-15T12:00:00-06:00,Denver,39.732146,-105.015317,38,pm25,38,24,4.6,0.6,2.4,25.2,32.2222,18.6,1017.5,4,8,
2025-08-16T03:00:00+09:00,Nagoya,35.1814464,136.906398,55,pm25,55,27,8.4,1.5,2.3,24.1,28.3,81,1012.8,1.7,,
2025-08-16T04:00:00+09:00,Fukuoka,33.5903547,130.4017155,30,pm25,30,20,5.6,1.5,3.4,10.4,26,88,1014,0.5,,
2025-08-16T03:00:00+09:00,Kawasaki,35.5309058,139.7030511,42,pm25,42,20,15.8,1.5,2.3,19.2,28,90,1013,3.6,,
2025-08-16T03:00:00+08:00,Zhongshan (Taiwan),25.062361,121.526528,21,pm25,21,6,3.3,0.9,0.9,5.6,28,74,1009,5.6,13.1,23
2025-08-15T21:00:00+03:00,Istanbul (Turkey),41.015278,29.025,51,pm25,51,21,5.7,1.2,13.6,39.6,25,61,1013,11.3,16.9,17
2025-08-16T03:00:00+07:00,Hanoi,21.0491,105.8831,59,pm25,59,49,14,10,3,19,26,91,1007,1.8,,24.5
2025-08-16T03:00:00+07:00,Bangkok,13.7563309,100.5017651,50,pm25,50,20,0.6,0.6,0.1,4.8,27.5,88,1004,1,,
2025-08-16T01:00:00+05:30,Delhi,28.6341,77.2005,156,pm25,156,81,6.5,0.9,7,9.4,21.733333333333334,94.53333333333335,985.9333333333334,0.3,10.2,26
2025-08-16T02:00:00+05:30,Mumbai,19.0863,72.8888,78,pm25,78,43,1.6,14.8,1.2,11.6,25,99.92,1001.5166666666665,26.209999999999997,11.8,24
2025-08-16T05:00:00+09:00,Seoul,37.566535,126.9779692,21,pm25,21,17,11.4,4.5,3.6,4.8,25.6,90.9,1003.1,0.5,,
2025-08-16T04:00:00+08:00,Beijing,39.954592,116.468117,42,pm25,42,12,6.4,1.1,4.6,24.8,22,100,1008,1.5,,
2025-08-16T04:00:00+08:00,Shanghai,31.2047372,121.4489017,25,pm25,25,15,4.6,4.6,4.6,8.2,28,83,1012,2.5,,
2025-08-16T04:00:00+09:00,Shinjuku (Tokyo),35.713889,139.705556,42,pm25,42,14,7.5,1.5,2.3,17.6,28.7,80.5,1015.1,0.2,1,
2025-08-16T05:00:00+09:00,Osaka,34.6937378,135.5021651,55,pm25,55,24,10.2,7.2,0.1,10.4,26,83,1014,2,,
2025-08-15T20:00:00+02:00,Paris,48.856614,2.3522219,39,o3,53,10,14.9,0.6,0.1,38.7,26.9,41,1024,1.5,,
2025-08-15T19:00:00+01:00,London,51.5073509,-0.1277583,346,pm25,346,174,31.1,0.6,1,24.8,25.1,59.2,1026.5,6.5,,
2025-08-15T21:00:00+02:00,Frankfurt,50.075464,8.576305,55,pm25,55,26,,0.5,0.1,44,27,47,1020,4.1,12.8,15
2025-08-15T22:00:00+02:00,Hamburg,53.564486,9.96834,72,pm25,72,33,2.8,1.6,0.1,38.2,20,82,1021,3.8,,17
2025-08-16T04:00:00+08:00,Wuhan,30.593099,114.305393,55,pm25,55,27,21.5,3.6,7.3,,29,83,1008,1.5,,
2025-08-15T22:00:00+02:00,Warsaw (Poland),52.225171,21.014783,41,pm25,41,21,21.8,2,0.1,12,23,53,1017,3.6,8.7,13
2025-08-16T05:00:00+09:30,Winnellie (Australia),-12.424323299931126,130.89335024356842,32,pm25,32,9,2.2,0.9,4.8,8.1,17.9,92.30000000000001,1009.7,3.33,,16.8
2025-08-16T01:00:00+05:30,Bangalore (India),13.0270199,77.494094,53,pm25,53,49,8.2,2.1,3.8,9.3,21,93.7,950.86,0.8866666666666667,,19
2025-08-16T01:00:00+05:30,Chennai (India),13.1278,80.2642,59,pm25,59,33,2.5,0.9,5.7,,29.58,68.23,82576.23333333334,1.3566666666666667,12.8,24
2025-08-15T14:00:00-04:00,Boston,42.325184,-71.05608,21,o3,19,14,3.8,0.6,2.3,20.8,23.6,59.5,1023,,,
2025-08-15T14:00:00-04:00,Georgia,33.68797,-84.29048,43,o3,34,12,1.2,0.2,2.3,43.2,35.6,32.8,1017.4,0.4,1.2,
2025-08-15T13:00:00-07:00,Phoenix,33.403055555556,-112.07527777778,49,o3,6,4,4.7,,1.2,48.8,37,25,1013.5,3.6,8.7,14
2025-08-16T01:00:00+05:30,Hyderabad (India),17.417094,78.457437,133,pm25,133,67,7,2.5,2.2,10.7,23,99.34999999999998,1006,5.936666666666667,10.2,23
2025-08-15T13:00:00-06:00,Denver,39.732146,-105.015317,42,pm25,42,31,12.8,0.6,4.5,25.2,33.8889,19,1016.8,7,13,
2025-08-16T05:00:00+09:00,Gyeonggi,37.4112,127.2579,26,pm10,13,26,7.4,2.6,4.2,0.2,24,100,1014.2,1.5,0.5,24
2025-08-16T04:00:00+09:00,Nagoya,35.1814464,136.906398,57,pm25,57,27,8.4,1.5,2.3,23.3,28.8,80,1013.6,1.1,,
2025-08-16T05:00:00+09:00,Fukuoka,33.5903547,130.4017155,30,pm25,30,16,4.7,1.5,2.3,10.4,26,78,1014,2,,
2025-08-16T04:00:00+09:00,Kawasaki,35.5309058,139.7030511,34,pm25,34,16,10.2,1.5,2.3,19.2,28,89,1013,3.6,,
2025-08-16T04:00:00+08:00,Shenzhen,22.543099,114.057868,57,pm25,57,39,12.8,5.1,5.5,17.9,28.3,87.2,1009,4,,
2025-08-16T04:00:00+08:00,Zhongshan (Taiwan),25.062361,121.526528,17,pm25,17,7,2.5,0.9,0.8,5.4,28,74,1009,5.6,13.1,23
2025-08-16T04:00:00+08:00,Chongqing,29.56301,106.551557,72,pm25,72,24,13.8,3.1,5.5,5.7,27,78,1007,3.6,,
2025-08-15T22:00:00+03:00,Istanbul (Turkey),41.015278,29.025,51,pm25,51,21,5.4,1.3,13.8,39.6,25,61,1013,11.3,16.7,17
2025-08-16T04:00:00+07:00,Hanoi,21.0491,105.8831,63,pm25,63,50,10,10,2,18,26,88,1006,2.5,,24
2025-08-16T04:00:00+07:00,Bangkok,13.7563309,100.5017651,33,pm25,33,20,0.6,0.6,0.1,4.8,28,100,1004,1,,
2025-08-16T02:00:00+05:30,Delhi,28.6341,77.2005,158,pm25,158,75,6.1,1.5,6.6,21.7,21.7,94.73333333333333,986.6,0.3,10.2,26
2025-08-16T03:00:00+05:30,Mumbai,19.0863,72.8888,75,pm25,75,40,1.5,14.9,1.1,11.5,25,99.92,1001.1466666666666,40.23666666666667,11.8,24
2025-08-16T06:00:00+09:00,Seoul,37.566535,126.9779692,25,pm25,25,15,11.9,4.2,3.6,4.3,25.8,90.9,1003.4,1,,
2025-08-16T05:00:00+08:00,Beijing,39.954592,116.468117,53,pm25,53,17,10.6,1.6,4.6,19.9,22,100,1008,2.5,,
2025-08-16T05:00:00+08:00,Shanghai,31.2047372,121.4489017,30,pm25,30,16,5.1,4.1,4.6,7.8,28,83,1013,2.5,,
2025-08-16T05:00:00+09:00,Shinjuku (Tokyo),35.713889,139.705556,30,pm25,30,22,7.5,1.5,2.3,17.6,28.3,81,1015.6,0.2,1,
2025-08-16T06:00:00+09:00,Osaka,34.6937378,135.5021651,50,pm25,50,24,13,8.6,0.1,12.8,26,88,1014,2,,
2025-08-15T19:00:00+02:00,Paris,48.856614,2.3522219,158,pm25,158,10,14.9,0.6,0.1,38.7,26.9,41.2,1024,1.5,,
2025-08-15T23:00:00+02:00,Frankfurt,50.075464,8.576305,49,pm25,49,21,,0.5,0.1,39,26.5,46,1020.5,4.8,12.8,14
2025-08-15T23:00:00+02:00,Hamburg,53.564486,9.96834,72,pm25,72,31,3.2,1.6,0.1,41.5,19,85,1021.5,3.6,,16.5
2025-08-16T00:00:00+03:00,Moscow,55.791842,37.578405,78,pm25,78,36,28.8,0.3,15.7,2.7,19.7,61.5,1019.5,2,3.5,
2025-08-16T05:00:00+08:00,Wuhan,30.593099,114.305393,55,pm25,55,27,17.4,4.1,6.4,,29,83,1009,1.5,,
2025-08-15T23:00:00+02:00,Warsaw (Poland),52.225171,21.014783,40,pm25,40,20,15.7,2,0.1,12,22,60,1017,3,8.7,14
2025-08-16T06:00:00+09:30,Winnellie (Australia),-12.424323299931126,130.89335024356842,16,pm25,16,6,1.3,1,4.7,9,17.9,93.8,1009.9,1.79,,16.8
2025-08-16T02:00:00+05:30,Bangalore (India),13.0270199,77.494094,75,pm25,75,49,8,3.5,3.8,9.3,20,93.7,950.71,0.8933333333333334,,19
2025-08-16T02:00:00+05:30,Chennai (India),13.1278,80.2642,47,pm25,47,31,2.2,1.2,2.6,,29.600000000000005,66.98666666666666,82540.33333333333,1.4400000000000002,12.8,25
2025-08-15T15:00:00-04:00,Boston,42.325184,-71.05608,21,o3,18,16,3.8,0.5,2.3,20.8,23,58.5,1022.8,,,
2025-08-15T15:00:00-04:00,Georgia,33.68797,-84.29048,41,o3,35,13,1.1,0.2,2.3,40.8,32.1,42.4,1017,1.4,5.6,
2025-08-15T14:00:00-07:00,Phoenix,33.403055555556,-112.07527777778,50,o3,26,7,4.7,,1.2,49.6,38,22,1012.8,3.6,8.7,13
2025-08-16T02:00:00+05:30,Hyderabad (India),17.417094,78.457437,138,pm25,138,67,4.7,0.1,1.5,11.3,23,99.16000000000001,1006,3.9933333333333336,10.2,23
2025-08-15T14:00:00-06:00,Denver,39.732146,-105.015317,38,pm25,38,31,13.8,0.6,5.1,27.7,33.3333,22.5,1016.8,9,12,
2025-08-16T06:00:00+09:00,Gyeonggi,37.4112,127.2579,27,pm10,9,27,7.4,2.6,3.9,0.3,24,100,1014.5,0.5,0.5,24
2025-08-16T05:00:00+09:00,Nagoya,35.1814464,136.906398,53,pm25,53,22,9.3,1.5,1.2,21.6,28.8,79,1013.8,1.7,,
2025-08-16T06:00:00+09:00,Fukuoka,33.5903547,130.4017155,25,pm25,25,16,6.5,1.5,2.3,11.2,25,88,1014,1.5,,
2025-08-16T05:00:00+09:00,Kawasaki,35.5309058,139.7030511,42,pm25,42,19,10.2,1.5,2.3,21.6,28,89,1013.5,3.3,,
2025-08-16T05:00:00+08:00,Shenzhen,22.543099,114.057868,50,pm25,50,30,9.2,4.6,7.3,15.1,28.3,87.3,1008.7,3.6,,
2025-08-16T05:00:00+08:00,Zhongshan (Taiwan),25.062361,121.526528,13,pm25,13,6,2.7,0.8,0.9,4.8,28,78,1009,5.1,13.1,24
2025-08-16T05:00:00+08:00,Chongqing,29.56301,106.551557,63,pm25,63,21,10.6,3.1,5.5,8.2,26,83,1007,5.6,,
2025-08-16T00:00:00+03:00,Istanbul (Turkey),41.015278,29.025,50,pm25,50,22,5.7,1.2,14,37.7,24,66.5,1013,8.7,16.7,17.5
2025-08-16T05:00:00+07:00,Hanoi,21.0491,105.8831,60,pm25,60,47,8,9,3,25,26,88,1006,2.5,,24
2025-08-16T05:00:00+07:00,Bangkok,13.7563309,100.5017651,58,pm25,58,17,0.6,0.6,0.1,4.8,27,100,1004,2.5,,
2025-08-16T04:00:00+05:30,Delhi,28.6341,77.2005,127,pm25,127,57,4.7,0.3,5.8,15.8,21.65,94.825,985.575,0.3,10.2,26
2025-08-16T07:00:00+09:00,Seoul,37.566535,126.9779692,25,pm25,25,17,13.5,4.5,3.9,4,26,90.9,1003.3,1.5,,
2025-08-16T06:00:00+08:00,Beijing,39.954592,116.468117,57,pm25,57,20,11,1.1,4.6,13.9,22,100,1008,3.6,,
2025-08-16T06:00:00+08:00,Shanghai,31.2047372,121.4489017,34,pm25,34,16,6.4,4.1,4.6,7.4,28,83,1013,3.6,,
2025-08-16T06:00:00+09:00,Shinjuku (Tokyo),35.713889,139.705556,46,pm25,46,5,7.5,1.5,2.3,17.6,28.8,80,1015.9,0.2,1,
2025-08-15T21:00:00+01:00,London,51.5073509,-0.1277583,24,o3,21,13,21.5,0.6,1,24,21.1,76.5,1027.9,4.5,,
2025-08-16T00:00:00+02:00,Frankfurt,50.075464,8.576305,36,pm25,36,18,,0.5,0.1,35.5,26,44,1021,3.8,12.8,13
2025-08-16T00:00:00+02:00,Hamburg,53.564486,9.96834,70,pm25,70,31,1,1.6,0.1,44.7,18.5,85,1022,5.1,,16
2025-08-16T00:00:00+02:00,Warsaw (Poland),52.225171,21.014783,44,pm25,44,23,19.4,2,0.1,12,22,60,1017,2.5,8.7,14
2025-08-16T07:00:00+09:30,Winnellie (Australia),-12.424323299931126,130.89335024356842,27,pm25,27,9,6.9,1.2,5.4,2.7,17.9,94.2,1009.9,3.58,,16.8
2025-08-16T03:00:00+05:30,Bangalore (India),13.0270199,77.494094,50,pm10,46,50,7.9,2.3,3.8,9.3,20,93.7,950.6466666666666,0.8733333333333334,,19
2025-08-16T03:00:00+05:30,Chennai (India),13.1278,80.2642,44,pm25,44,21,2.2,0.6,2.4,,29.599999999999998,64.5,82538.13333333335,1.33,12.8,25
2025-08-15T16:00:00-04:00,Boston,42.325184,-71.05608,20,o3,17,12,4.7,0.5,2.3,20,22.2,63,1022.8,,,
2025-08-15T16:00:00-04:00,Georgia,33.68797,-84.29048,36,pm25,36,16,2.5,0.2,2.7,29.6,27.7,48.2,1018.4,0.8,6.4,
2025-08-15T15:00:00-07:00,Phoenix,33.403055555556,-112.07527777778,50,o3,20,7,4.7,,1.2,49.6,39,22,1011.8,1.5,8.7,14
2025-08-16T03:00:00+05:30,Hyderabad (India),17.417094,78.457437,160,pm25,160,70,5.1,0.1,1.5,10.5,23,98.35666666666667,1006,3.6033333333333335,10.2,23
2025-08-15T15:00:00-06:00,Denver,39.732146,-105.015317,34,pm25,34,20,15.6,0.6,5.7,28.9,32.7778,20.5,1017,6,7,
2025-08-16T07:00:00+09:00,Gyeonggi,37.4112,127.2579,34,pm25,34,30,8.5,2.6,4.2,0.6,25,100,1014.5,1,0.5,25
2025-08-16T06:00:00+09:00,Nagoya,35.1814464,136.906398,50,pm25,50,22,10.2,1.5,1.2,20,30,75,1013.7,1.8,,
2025-08-16T07:00:00+09:00,Fukuoka,33.5903547,130.4017155,25,pm25,25,16,6.5,1.5,2.3,12.8,27,83,1014,1.5,,
2025-08-16T06:00:00+09:00,Kawasaki,35.5309058,139.7030511,38,pm25,38,20,13.9,1.5,2.3,19.2,28,90,1014,3,,
2025-08-16T06:00:00+08:00,Zhongshan (Taiwan),25.062361,121.526528,13,pm25,13,10,3.5,0.8,1.2,3.9,28,78,1009,5.6,13.1,24
2025-08-16T06:00:00+08:00,Chongqing,29.56301,106.551557,59,pm25,59,31,9.6,3.6,5.5,7.8,26,83,1008,4.6,,
2025-08-16T01:00:00+03:00,Istanbul (Turkey),41.015278,29.025,48,pm25,48,22,5.2,1.7,14.1,36.9,24,69,1013,9.2,16.7,18
2025-08-16T06:00:00+07:00,Hanoi,21.0491,105.8831,58,pm25,58,45,8,10,5,28,26,88,1007,3,,24
2025-08-16T05:00:00+05:30,Delhi,28.6341,77.2005,112,pm25,112,81,3.1,1.5,5.9,13.6,21.4,95.025,985.875,0.3,10.2,26
2025-08-16T04:00:00+05:30,Mumbai,19.0863,72.8888,72,pm25,72,36,1.4,14.8,0.7,11.4,25,99.92,1000.335,29.509999999999998,11.8,25
2025-08-16T08:00:00+09:00,Seoul,37.566535,126.9779692,25,pm25,25,21,13.8,4.8,3.9,6.8,26,90.9,1003.3,1.5,,
2025-08-16T07:00:00+08:00,Beijing,39.954592,116.468117,46,pm25,46,14,10.1,1.1,4.6,23.2,22,100,1009,3.6,,
2025-08-16T07:00:00+08:00,Shanghai,31.2047372,121.4489017,30,pm25,30,17,5.5,4.1,4.6,6.5,30,74,1013,4.6,,
2025-08-16T07:00:00+09:00,Shinjuku (Tokyo),35.713889,139.705556,38,pm25,38,22,8.4,1.5,2.3,17.6,30,76,1015.8,0.2,0.2,
2025-08-16T07:00:00+09:00,Osaka,34.6937378,135.5021651,55,pm25,55,48,10.2,8.6,2.3,10.4,29,78,1014,1.8,,
2025-08-15T21:00:00+02:00,Paris,48.856614,2.3522219,56,pm25,56,20,31.9,0.6,0.1,28.7,24.8,51.2,1024.8,3.8,,
2025-08-15T22:00:00+01:00,London,51.5073509,-0.1277583,38,pm25,38,16,21.5,0.6,1,24,21.1,77.3,1027.9,4.5,,
2025-08-16T01:00:00+02:00,Hamburg,53.564486,9.96834,70,pm25,70,30,1,1.6,0.1,44.7,18,88,1022,4.6,,16
2025-08-16T07:00:00+08:00,Wuhan,30.593099,114.305393,53,pm25,53,26,16,2.6,6.4,,29,83,1009,1.5,,
2025-08-16T01:00:00+02:00,Warsaw (Poland),52.225171,21.014783,43,pm25,43,22,15.9,2,0.1,12,20,68,1016,3,8.7,14
2025-08-16T08:00:00+09:30,Winnellie (Australia),-12.424323299931126,130.89335024356842,38,pm25,38,19,5.7,0.8,5,6.1,19,69.8,1010.9,4.19,,18
2025-08-16T04:00:00+05:30,Bangalore (India),13.0270199,77.494094,53,pm25,53,51,7.2,1.7,3.8,9.5,20,93.7,950.6533333333333,0.8933333333333334,,19
2025-08-16T04:00:00+05:30,Chennai (India),13.1278,80.2642,53,pm25,53,19,2.2,0.5,2.4,,29.58,68.49666666666666,82545.5,1.49,12.8,24
2025-08-15T18:00:00-04:00,Boston,42.325184,-71.05608,19,o3,17,11,3.8,0.5,2.3,19.2,21.3,65,1023,,,
2025-08-15T17:00:00-04:00,Georgia,33.68797,-84.29048,36,pm25,36,19,6.8,0.2,2.7,29.6,25.5,60.8,1018.1,0.3,0.6,
2025-08-15T16:00:00-07:00,Phoenix,33.403055555556,-112.07527777778,52,o3,20,1,4.7,,1.2,52,39,22,1010.8,2,8.7,14
2025-08-16T04:00:00+05:30,Hyderabad (India),17.417094,78.457437,137,pm25,137,68,3.7,1.4,1.5,12.2,23,97.88333333333333,1006,3.27,10.2,23
2025-08-15T16:00:00-06:00,Denver,39.732146,-105.015317,30,pm25,30,21,12.8,0.6,5.4,23.2,32.7778,19.5,1017.1,4,10,
2025-08-16T08:00:00+09:00,Gyeonggi,37.4112,127.2579,34,pm25,34,30,8.5,2.6,4.3,2.3,26,94,1014.8,1,0.5,25
2025-08-16T07:00:00+09:00,Nagoya,35.1814464,136.906398,50,pm25,50,20,6.5,1.5,1.2,15.2,32.2,68,1013.9,1.9,,
2025-08-16T08:00:00+09:00,Fukuoka,33.5903547,130.4017155,38,pm25,38,17,12.1,1.5,3.4,14.5,29,79,1014,2.5,,
2025-08-16T07:00:00+09:00,Kawasaki,35.5309058,139.7030511,42,pm25,42,19,20.4,1.5,3.4,17.6,29,83,1014,5.1,,
2025-08-16T07:00:00+08:00,Shenzhen,22.543099,114.057868,42,pm25,42,33,8.7,4.6,7.3,11.8,28.3,84.8,1009,1.6,,
2025-08-16T07:00:00+08:00,Zhongshan (Taiwan),25.062361,121.526528,8,pm10,5,8,4.3,0.9,1.7,3.7,29,74,1009,5.1,13.1,24
2025-08-16T07:00:00+08:00,Chongqing,29.56301,106.551557,46,pm25,46,21,7.4,3.1,4.6,9.8,26,83,1008,4.6,,
2025-08-16T02:00:00+03:00,Istanbul (Turkey),41.015278,29.025,47,pm25,47,22,5.2,1.7,14.2,37,24,69,1012.5,8.7,16.7,18
2025-08-16T09:00:00+07:00,Hanoi,21.0491,105.8831,58,pm25,58,43,14,11,8,12,27,88,1009,1.5,,25
2025-08-16T08:00:00+07:00,Bangkok,13.7563309,100.5017651,46,pm25,46,23,0.6,0.6,0.1,4.8,28.5,92.5,1005.6,0.5,,
2025-08-16T07:00:00+05:30,Delhi,28.6341,77.2005,109,pm25,109,52,2.8,1.2,6.6,12.1,23.566666666666666,94.36666666666667,986.6333333333333,0.4333333333333333,,26
2025-08-16T07:00:00+05:30,Mumbai,19.0863,72.8888,74,pm25,74,39,1.3,14.8,0.5,11.6,25,99.92,1001.27,30.9,11.8,24.5
2025-08-16T11:00:00+09:00,Seoul,37.566535,126.9779692,38,pm25,38,16,8.6,4.8,3,25.4,28.3,79,1003.5,2,,
2025-08-16T10:00:00+08:00,Beijing,39.954592,116.468117,33,o3,30,10,5.5,1.6,5.5,32.9,27,78,1010,0.5,,
2025-08-16T09:00:00+08:00,Shanghai,31.2047372,121.4489017,34,pm25,34,16,4.2,2.1,4.6,9.8,33,59,1013,5.6,,
2025-08-16T10:00:00+09:00,Shinjuku (Tokyo),35.713889,139.705556,46,pm25,46,10,7.5,1.5,2.3,17.6,31.6,73,1015.6,0.2,1,
2025-08-16T11:00:00+09:00,Osaka,34.6937378,135.5021651,72,pm25,72,38,13.9,7.2,0.1,40.8,32,66,1014,1.5,,
2025-08-16T00:00:00+02:00,Paris,48.856614,2.3522219,52,pm25,52,24,31.9,0.6,0.1,28.7,22.2,67,1024.4,1.6,,
2025-08-16T01:00:00+01:00,London,51.5073509,-0.1277583,63,pm25,63,26,8.4,0.3,1.9,23.9,18.2,80.3,1028.6,3.8,,
2025-08-16T03:00:00+02:00,Frankfurt,50.075464,8.576305,23,pm25,23,14,,0.5,0.1,21.9,21.5,64,1021,3.8,12.8,14.5
2025-08-16T04:00:00+02:00,Hamburg,53.564486,9.96834,65,pm25,65,27,1,1.6,0.1,42.7,18,85,1022,4.3,,15.5
2025-08-16T09:00:00+08:00,Wuhan,30.593099,114.305393,50,pm25,50,28,10.6,3.1,7.3,,33,70,1010,2.5,,
2025-08-16T03:00:00+02:00,Warsaw (Poland),52.225171,21.014783,50,pm25,50,24,9.5,2,0.1,12,19,72,1015,2,8.7,14
2025-08-16T11:00:00+09:30,Winnellie (Australia),-12.424323299931126,130.89335024356842,46,pm25,46,24,1.3,1.1,4.4,12.7,28.2,35.8,1012,9.85,,13.3
2025-08-16T07:00:00+05:30,Bangalore (India),13.0270199,77.494094,54,pm10,52,54,7.7,1.3,3.8,9.3,20.5,93.2,950.765,0.865,,19
2025-08-16T07:00:00+05:30,Chennai (India),13.1278,80.2642,32,pm25,32,21,2.2,0.9,2.6,,29.22,67.24,82598.4,2.01,12.8,24
2025-08-15T19:00:00-04:00,Boston,42.325184,-71.05608,21,pm10,17,21,4.7,0.5,2.3,18.4,20.5,74.5,1023.5,,,
2025-08-15T19:00:00-04:00,Georgia,33.68797,-84.29048,33,pm25,33,18,12.8,0.2,3.4,10.4,25.5,58,1019.2,0.2,3.7,
2025-08-15T18:00:00-07:00,Phoenix,33.403055555556,-112.07527777778,48,o3,23,10,4.7,,1.2,48.1,38,24,1009.8,4.6,8.7,14
2025-08-16T07:00:00+05:30,Hyderabad (India),17.417094,78.457437,98,pm25,98,65,6.2,6.1,2,9.4,23,91.305,1004,2.26,10.2,22
2025-08-15T19:00:00-06:00,Denver,39.732146,-105.015317,30,pm25,30,14,9.2,0.6,4.3,20.8,30.5556,30.6,1017.2,3,2.3,
2025-08-16T10:00:00+09:00,Gyeonggi,37.4112,127.2579,46,pm25,46,21,7.5,3.3,3.4,18.2,30,74,1014.5,2,0.5,25
2025-08-16T10:00:00+09:00,Nagoya,35.1814464,136.906398,53,pm25,53,20,7.5,1.5,1.2,31.2,34,58,1013.8,1.5,,
2025-08-16T11:00:00+09:00,Fukuoka,33.5903547,130.4017155,50,pm25,50,32,13.9,1.5,3.4,36.8,32,64,1014,1.8,,
2025-08-16T10:00:00+09:00,Kawasaki,35.5309058,139.7030511,55,pm25,55,17,12.1,1.5,2.3,25.6,31,75,1014,6.4,,
2025-08-16T09:00:00+08:00,Shenzhen,22.543099,114.057868,46,pm25,46,30,7.8,4.6,8.2,10.6,30,82.3,1009,3.6,,
2025-08-16T10:00:00+08:00,Zhongshan (Taiwan),25.062361,121.526528,17,pm25,17,11,5.5,1,2.2,7.6,32,66,1010,7.2,12.8,25
2025-08-16T09:00:00+08:00,Chongqing,29.56301,106.551557,59,pm25,59,28,4.2,2.1,4.6,15.5,26,83,1009,2.5,,
2025-08-16T04:00:00+03:00,Istanbul (Turkey),41.015278,29.025,47,pm25,47,23,2.3,1.8,14.2,37.5,24,69,1012,7.7,16.7,18
2025-08-16T10:00:00+07:00,Hanoi,21.0491,105.8831,67,pm25,67,44,17,11,9,12,28,88,1009,1,,26
2025-08-16T09:00:00+07:00,Bangkok,13.7563309,100.5017651,47,pm25,47,24,0.6,0.6,0.1,4.8,28.7,92.5,1005.6,2.5,,
2025-08-16T08:00:00+05:30,Delhi,28.6341,77.2005,99,pm25,99,29,5.2,0.4,6.4,16.3,25.666666666666668,91.43333333333334,986,1.1333333333333333,,26
2025-08-16T08:00:00+05:30,Mumbai,19.0863,72.8888,77,pm25,77,41,1.3,14.9,0.7,11.6,25,99.92,1001.92,32.406666666666666,11.8,24
2025-08-16T12:00:00+09:00,Seoul,37.566535,126.9779692,38,pm25,38,16,8.6,4.8,2.8,33.6,30,70.7,1003.6,3.6,,
2025-08-16T11:00:00+08:00,Beijing,39.954592,116.468117,38,o3,34,10,5.1,1.6,5.5,37.8,28,74,1010,1.5,,
2025-08-16T11:00:00+08:00,Shanghai,31.2047372,121.4489017,38,pm25,38,20,3.7,2.1,4.6,14.7,35,53,1013,6.6,,
2025-08-16T11:00:00+09:00,Shinjuku (Tokyo),35.713889,139.705556,46,pm25,46,33,10.2,1.5,2.3,17.6,32.7,69,1015.2,0.2,0.2,
2025-08-16T02:00:00+02:00,Paris,48.856614,2.3522219,45,pm25,45,17,11.7,0.6,0.1,24.5,21.1,71.5,1024.6,3.5,,
2025-08-16T02:00:00+01:00,London,51.5073509,-0.1277583,53,pm25,53,22,4.4,0.3,1.9,20.8,17.2,79.8,1028.4,5.2,,
2025-08-16T05:00:00+02:00,Frankfurt,50.075464,8.576305,23,pm25,23,14,,0.5,0.1,21.9,22,60,1021,4.1,12.8,14
2025-08-16T05:00:00+02:00,Hamburg,53.564486,9.96834,63,pm25,63,26,1,1.6,0.1,41.9,17.5,82,1022,4.3,,14.5
2025-08-16T11:00:00+08:00,Wuhan,30.593099,114.305393,46,pm25,46,24,6.9,3.1,6.4,,35,59,1009,2.5,,
2025-08-16T05:00:00+02:00,Warsaw (Poland),52.225171,21.014783,51,pm25,51,21,11.3,2,0.1,12,18,82,1015,1.5,8.7,15
2025-08-16T12:00:00+09:30,Winnellie (Australia),-12.424323299931126,130.89335024356842,13,o3,11,13,1.2,0.8,4.2,13.4,30.5,25,1010.7,13.42,,8.8
2025-08-16T08:00:00+05:30,Bangalore (India),13.0270199,77.494094,68,pm25,68,55,7.7,1.3,3.8,9.4,22,93.3,950.8633333333333,0.8533333333333334,,20
2025-08-16T08:00:00+05:30,Chennai (India),13.1278,80.2642,54,pm25,54,29,2.8,1.3,3.1,,29.213333333333335,69.89333333333333,82673.53333333334,1.8733333333333333,12.8,24
2025-08-15T21:00:00-04:00,Boston,42.325184,-71.05608,16,o3,19,8,9.3,0.5,5.6,16,20,77,1023.4,,,
2025-08-15T21:00:00-04:00,Georgia,33.68797,-84.29048,35,pm25,35,18,7.5,0.2,3.4,7.3,25,59.6,1020.5,0.2,2.2,
2025-08-15T20:00:00-07:00,Phoenix,33.403055555556,-112.07527777778,35,o3,25,17,4.7,,1.2,35.2,36,23,1010.4,5.1,8.7,12
2025-08-16T08:00:00+05:30,Hyderabad (India),17.417094,78.457437,79,pm25,79,63,5.8,6,2.5,8.7,23,88.41666666666667,1004.5,2.5833333333333335,10.2,22
2025-08-15T20:00:00-06:00,Denver,39.732146,-105.015317,34,pm25,34,17,10.6,0.6,4.8,20.8,30,31.3,1017.8,1,10,
2025-08-16T12:00:00+09:00,Gyeonggi,37.4112,127.2579,50,pm25,50,20,7.6,3.3,3.2,28.4,32,59,1014.2,3,0.5,23
2025-08-16T11:00:00+09:00,Nagoya,35.1814464,136.906398,63,pm25,63,20,5.6,1.5,1.2,35.2,36,56,1013.2,1.3,,
2025-08-16T12:00:00+09:00,Fukuoka,33.5903547,130.4017155,50,pm25,50,17,14.9,1.5,3.4,40.8,34,56,1013,3.6,,
2025-08-16T11:00:00+09:00,Kawasaki,35.5309058,139.7030511,53,pm25,53,14,9.3,1.5,2.3,30.4,32,71,1013.5,6.6,,
2025-08-16T11:00:00+08:00,Shenzhen,22.543099,114.057868,50,pm25,50,27,7.8,4.6,7.3,19.9,32.3,76.2,1008.5,4.7,,
2025-08-16T11:00:00+08:00,Zhongshan (Taiwan),25.062361,121.526528,10,pm10,9,10,4.9,0.9,2,7.8,33,62,1010,7.2,12.8,25
2025-08-16T11:00:00+08:00,Chongqing,29.56301,106.551557,42,pm25,42,29,4.2,1.6,4.6,21.6,28,74,1010,3.6,,
2025-08-16T06:00:00+03:00,Istanbul (Turkey),41.015278,29.025,50,pm25,50,23,1.6,2,14,36.2,23,70.5,1012,7.2,16.7,17.5
2025-08-16T11:00:00+07:00,Hanoi,21.0491,105.8831,64,pm25,64,43,24,10,13,14,26,94,1009,2.5,,25
2025-08-16T10:00:00+07:00,Bangkok,13.7563309,100.5017651,35,pm25,35,21,0.6,0.6,0.1,4.8,29.9,90.9,1005.8,1.5,,
2025-08-16T10:00:00+05:30,Delhi,28.6341,77.2005,152,pm25,152,70,5.7,1,4.8,22.6,28.35,84.925,986.0500000000001,1.5,,26
2025-08-16T10:00:00+05:30,Mumbai,19.0863,72.8888,77,pm25,77,42,1.3,14.9,0.6,11.7,25,99.92,1002.19,4.833333333333333,11.8,24
2025-08-16T13:00:00+09:00,Seoul,37.566535,126.9779692,31,o3,17,12,7.5,4.6,2.8,30.8,30.7,64.7,1003.2,4.1,,
2025-08-16T12:00:00+08:00,Beijing,39.954592,116.468117,42,o3,30,10,5.1,1.6,5.5,41.9,27,78,1009,1.5,,
2025-08-16T12:00:00+08:00,Shanghai,31.2047372,121.4489017,42,pm25,42,22,3.2,2.1,4.6,26.4,36,50,1012,4.6,,
2025-08-16T12:00:00+09:00,Shinjuku (Tokyo),35.713889,139.705556,42,pm25,42,17,13,1.5,2.3,17.6,33.3,68,1014.7,0.2,2,
2025-08-16T12:00:00+09:00,Osaka,34.6937378,135.5021651,76,pm25,76,32,15.8,7.2,3.4,48.1,34,59,1013,2.6,,
2025-08-16T04:00:00+02:00,Paris,48.856614,2.3522219,20,o3,45,17,11.7,0.6,0.1,20.4,20.5,75.5,1024.7,3,,
2025-08-16T04:00:00+01:00,London,51.5073509,-0.1277583,50,pm25,50,21,2.3,0.6,1,20.4,16.6,82.4,1028.9,5,,
2025-08-16T06:00:00+02:00,Frankfurt,50.075464,8.576305,26,o3,23,13,,0.5,0.1,26.2,22,60,1021,5.1,12.8,14
2025-08-16T06:00:00+02:00,Hamburg,53.564486,9.96834,61,pm25,61,26,1,1.6,0.1,30.9,17,82,1022,5.1,,14
2025-08-16T12:00:00+08:00,Wuhan,30.593099,114.305393,46,pm25,46,16,4.6,2.6,5.5,,36,50,1009,2.5,,
2025-08-16T06:00:00+02:00,Warsaw (Poland),52.225171,21.014783,52,pm25,52,24,18.7,2,0.1,12,17,82,1015,1,8.7,14
2025-08-16T13:00:00+09:30,Winnellie (Australia),-12.424323299931126,130.89335024356842,17,pm25,17,10,1.4,0.9,4.3,14.6,30.5,22,1010.3,8.62,,8.3
2025-08-16T10:00:00+05:30,Bangalore (India),13.0270199,77.494094,56,pm25,56,54,8,3.8,3.8,9.1,23,93.475,950.9375,0.8925000000000001,,20.5
2025-08-16T10:00:00+05:30,Chennai (India),13.1278,80.2642,62,pm25,62,48,3.3,1.2,3.3,,29.44,67.99000000000001,82699.70000000001,1.8350000000000002,12.8,24
2025-08-15T23:00:00-04:00,Boston,42.325184,-71.05608,25,pm25,25,8,15.8,0.5,7.8,12.1,19.7,77.5,1023.2,,,
2025-08-15T22:00:00-04:00,Georgia,33.68797,-84.29048,28,pm25,28,17,3.1,0.2,2.6,10.4,23.8,60.4,1021.5,0.2,3,
2025-08-15T21:00:00-07:00,Phoenix,33.403055555556,-112.07527777778,32,o3,28,10,4.7,,1.2,32,34,30,1011.5,2.5,8.7,14
2025-08-16T10:00:00+05:30,Hyderabad (India),17.417094,78.457437,154,pm25,154,72,5.5,6.2,3.5,9.3,24,83.47749999999999,1006,2.59,10.2,22
2025-08-15T21:00:00-06:00,Denver,39.732146,-105.015317,34,pm25,34,15,8.3,0.6,3.6,20.8,28.8889,32.5,1018.3,2,3,
2025-08-16T12:00:00+09:00,Nagoya,35.1814464,136.906398,63,pm25,63,22,10.2,1.5,2.3,48.8,36.1,49,1012.2,2,,
2025-08-16T13:00:00+09:00,Fukuoka,33.5903547,130.4017155,42,pm25,42,17,9.3,1.5,2.3,41.6,34,56,1013,5.1,,
2025-08-16T12:00:00+09:00,Kawasaki,35.5309058,139.7030511,42,pm25,42,23,11.2,1.5,2.3,31.2,32,71,1013.5,7.9,,
2025-08-16T12:00:00+08:00,Shenzhen,22.543099,114.057868,65,pm25,65,31,7.4,4.1,7.3,29.3,33.3,75.2,1008.1,4,,
2025-08-16T12:00:00+08:00,Zhongshan (Taiwan),25.062361,121.526528,11,pm10,9,11,5.3,0.9,2,7.7,34,59,1010,7.2,12.8,25
2025-08-16T12:00:00+08:00,Chongqing,29.56301,106.551557,46,pm25,46,22,3.2,1.6,3.7,25.2,29,70,1010,3.6,,
2025-08-16T07:00:00+03:00,Istanbul (Turkey),41.015278,29.025,49,pm25,49,23,3,1.9,13.9,37.5,23,73,1012,7.9,16.7,18
2025-08-16T12:00:00+07:00,Hanoi,21.0491,105.8831,64,pm25,64,42,32,10,12,22,27,94,1008,1.5,,26
2025-08-16T12:00:00+07:00,Bangkok,13.7563309,100.5017651,29,pm25,29,19,0.6,0.6,0.1,4.8,31.2,8.4,1005.6,2,,
2025-08-16T11:00:00+05:30,Mumbai,19.0863,72.8888,72,pm25,72,36,1.4,14.8,0.9,24,25,99.92,1002.2166666666666,27.99666666666667,11.8,24
2025-08-16T14:00:00+09:00,Seoul,37.566535,126.9779692,28,o3,21,11,8.5,4.8,3,27.6,30.1,64.6,1002.8,4.1,,
2025-08-16T13:00:00+08:00,Beijing,39.954592,116.468117,50,o3,38,11,5.1,2.6,4.6,49.6,29,74,1009,1.5,,
2025-08-16T13:00:00+08:00,Shanghai,31.2047372,121.4489017,42,pm25,42,27,2.8,4.6,4.6,19.9,35,49,1012,5.6,,
2025-08-16T13:00:00+09:00,Shinjuku (Tokyo),35.713889,139.705556,46,pm25,46,8,11.2,1.5,2.3,17.6,31.6,71,1014.6,0.2,8,
2025-08-16T14:00:00+09:00,Osaka,34.6937378,135.5021651,85,pm25,85,41,13,7.2,0.1,47.2,35,53,1012,3.6,,
2025-08-16T03:00:00+02:00,Paris,48.856614,2.3522219,30,pm25,30,14,10.4,0.6,0.1,23,20.3,76.5,1024.7,2.8,,
2025-08-16T07:00:00+02:00,Frankfurt,50.075464,8.576305,24,o3,22,11,,0.5,0.1,23.8,21,68,1021,4.3,12.8,15
2025-08-16T07:00:00+02:00,Hamburg,53.564486,9.96834,61,pm25,61,24,1,1.6,0.1,29.7,16,77,1023,4.6,,12
2025-08-16T13:00:00+08:00,Wuhan,30.593099,114.305393,38,pm25,38,11,6,2.1,4.6,,36,53,1008,2.5,,
2025-08-16T07:00:00+02:00,Warsaw (Poland),52.225171,21.014783,53,pm25,53,24,19.6,2,0.1,12,20,77,1015,1,8.7,16
2025-08-16T14:00:00+09:30,Winnellie (Australia),-12.424323299931126,130.89335024356842,17,pm25,17,10,1.2,1,4.1,14.3,31.6,21,1009.2,7.46,,7.3
2025-08-16T11:00:00+05:30,Chennai (India),13.1278,80.2642,70,pm25,70,54,3.2,1,3.1,,29.4825,66.42750000000001,82685.575,2.1925,12.8,24
2025-08-15T23:00:00-04:00,Georgia,33.68797,-84.29048,27,pm25,27,17,3.8,0.2,2.3,7.3,23.3,60,1020.9,0.2,0.7,
2025-08-15T22:00:00-07:00,Phoenix,33.403055555556,-112.07527777778,30,o3,19,10,4.7,,1.2,30.4,34,28,1012.1,3,8.7,13
2025-08-15T22:00:00-06:00,Denver,39.732146,-105.015317,46,pm25,46,30,8.3,0.6,6.1,18.7,27.7778,34,1018.6,3,2,
2025-08-16T13:00:00+09:00,Gyeonggi,37.4112,127.2579,38,pm25,38,15,5.4,3.5,3.2,33.6,32,59,1013.5,3.6,0.5,23
2025-08-16T13:00:00+09:00,Nagoya,35.1814464,136.906398,57,pm25,57,22,10.2,2.9,3.4,48.8,37.2,48,1011.7,3,,
2025-08-16T14:00:00+09:00,Fukuoka,33.5903547,130.4017155,42,pm25,42,20,9.3,1.5,2.3,37.6,34,56,1013,5.6,,
2025-08-16T13:00:00+09:00,Kawasaki,35.5309058,139.7030511,46,pm25,46,17,8.4,1.5,2.3,32.8,33,70,1013,8.2,,
2025-08-16T13:00:00+08:00,Shenzhen,22.543099,114.057868,72,pm25,72,31,4.2,4.1,7.3,43.1,33.7,74.3,1008,4.6,,
2025-08-16T13:00:00+08:00,Zhongshan (Taiwan),25.062361,121.526528,13,pm25,13,10,5.3,0.9,1.9,8.4,34,59,1009.5,7.2,12.3,25
2025-08-16T13:00:00+08:00,Chongqing,29.56301,106.551557,50,pm25,50,16,1.9,2.1,3.7,28.1,30,66,1009,2.5,,
2025-08-16T08:00:00+03:00,Istanbul (Turkey),41.015278,29.025,48,pm25,48,23,5.7,2,13.8,38.3,24.5,67,1012,9,16.7,18
2025-08-16T13:00:00+07:00,Hanoi,21.0491,105.8831,66,pm25,66,43,28,10,10,17,26,94,1007,2.5,,25
2025-08-16T13:00:00+07:00,Bangkok,13.7563309,100.5017651,29,pm25,29,15,0.6,0.6,0.1,4.8,32.2,66.7,1003.7,1,,
2025-08-16T12:00:00+05:30,Delhi,28.6341,77.2005,104,pm25,104,41,4.9,0.6,5.5,16,27.949999999999996,78.6,986.6500000000001,0.825,,26
2025-08-16T12:00:00+05:30,Mumbai,19.0863,72.8888,90,pm25,90,53,1.3,14.9,0.7,11.6,26,99.92,1002.0733333333334,28.26,11.8,25
2025-08-16T15:00:00+09:00,Seoul,37.566535,126.9779692,26,o3,21,12,7.6,5,3,25.7,31.7,62.6,1002.5,3.6,,
2025-08-16T14:00:00+08:00,Beijing,39.954592,116.468117,58,o3,46,15,5.5,2.6,4.6,57.8,29,70,1009,1.5,,
2025-08-16T14:00:00+08:00,Shanghai,31.2047372,121.4489017,50,pm25,50,36,2.8,4.6,4.6,19.1,36,47,1011,5.6,,
2025-08-16T14:00:00+09:00,Shinjuku (Tokyo),35.713889,139.705556,25,pm25,25,9,5.6,1.5,2.3,17.6,32.2,69,1014.5,0.2,3.2,
2025-08-16T15:00:00+09:00,Osaka,34.6937378,135.5021651,80,pm25,80,52,14.9,7.2,0.1,47.2,34,59,1011,3.6,,
2025-08-16T05:00:00+02:00,Paris,48.856614,2.3522219,42,pm25,42,16,7.6,0.6,0.1,15.8,19.2,83,1025.3,5.6,,
2025-08-16T05:00:00+01:00,London,51.5073509,-0.1277583,42,pm25,42,16,3.5,0.6,1,20.8,16.6,81.7,1028.9,3.6,,
2025-08-16T08:00:00+02:00,Frankfurt,50.075464,8.576305,33,pm25,33,14,,0.5,0.1,27.1,22,64,1021,4.6,12.8,15
2025-08-16T08:00:00+02:00,Hamburg,53.564486,9.96834,59,pm25,59,22,1,1.6,0.1,27.7,16,77,1023,4.8,,12
2025-08-16T14:00:00+08:00,Wuhan,30.593099,114.305393,42,pm25,42,10,11,2.6,4.6,,36,53,1008,1.5,,
2025-08-16T08:00:00+02:00,Warsaw (Poland),52.225171,21.014783,56,pm25,56,28,13.6,2,0.1,12,22,68,1015,4.1,8.7,16
2025-08-16T15:00:00+09:30,Winnellie (Australia),-12.424323299931126,130.89335024356842,34,pm25,34,12,1.1,1.2,4.6,12.8,31.7,20.2,1008,0.42,,6
2025-08-16T12:00:00+05:30,Bangalore (India),13.0270199,77.494094,60,pm25,60,56,7.7,3.1,3.8,9.3,24,90.8,950.8425,0.8975,,21
2025-08-16T12:00:00+05:30,Chennai (India),13.1278,80.2642,69,pm25,69,56,2.6,1.1,2.9,,29.4975,66.69,82633.67499999999,2.1975,12.8,24
2025-08-16T01:00:00-04:00,Boston,42.325184,-71.05608,23,pm25,23,9,15.8,0.6,6.7,5.6,18.8,77.3,1022.6,,,
2025-08-16T00:00:00-04:00,Georgia,33.68797,-84.29048,28,pm25,28,18,9.1,0.2,3.4,2.4,23.1,60,1020.6,0.2,0.4,
2025-08-15T23:00:00-07:00,Phoenix,33.403055555556,-112.07527777778,30,o3,25,13,4.7,,1.2,29.6,31,43,1012.5,3.6,8.7,17
2025-08-16T12:00:00+05:30,Hyderabad (India),17.417094,78.457437,155,pm25,155,73,5.7,6.7,3.3,10.4,24,84.04,1005,2.64,10.2,22
2025-08-16T15:00:00+09:00,Gyeonggi,37.4112,127.2579,36,o3,30,15,5.6,3.3,2.7,36.1,32,59,1013.5,3.6,0.5,23
2025-08-16T14:00:00+09:00,Nagoya,35.1814464,136.906398,64,o3,61,21,10.2,1.5,3.4,63.5,36.1,52,1011.5,3.5,,
2025-08-16T15:00:00+09:00,Fukuoka,33.5903547,130.4017155,46,pm25,46,15,6.5,1.5,2.3,35.2,33,59,1013,5.6,,
2025-08-16T14:00:00+09:00,Kawasaki,35.5309058,139.7030511,42,pm25,42,21,10.2,1.5,2.3,30.4,30,74,1013,8.4,,
2025-08-16T14:00:00+08:00,Shenzhen,22.543099,114.057868,70,pm25,70,30,3.7,4.1,6.4,46.3,34.3,73,1007.3,3.6,,
2025-08-16T14:00:00+08:00,Zhongshan (Taiwan),25.062361,121.526528,12,pm10,9,12,3.5,1,1.5,8.4,33.6,60,1009,8.2,12.3,25
2025-08-16T14:00:00+08:00,Chongqing,29.56301,106.551557,53,pm25,53,16,1.9,2.1,3.7,29.7,30,62,1009,3.6,,
2025-08-16T14:00:00+07:00,Hanoi,21.0491,105.8831,62,pm25,62,43,19,10,4,18,29,79,1006,1.5,,25
2025-08-16T14:00:00+07:00,Bangkok,13.7563309,100.5017651,26,pm25,26,13,0.6,0.6,0.1,4.8,30.5,74.7,1003.7,2,,
2025-08-16T16:00:00+09:00,Seoul,37.566535,126.9779692,25,o3,17,11,7.5,4.9,2.9,24.7,31.4,58.9,1002.3,4.6,,
2025-08-16T15:00:00+08:00,Beijing,39.954592,116.468117,57,o3,50,16,5.1,2.1,5.5,57.1,29,70,1008,1.5,,
2025-08-16T15:00:00+08:00,Shanghai,31.2047372,121.4489017,57,pm25,57,39,3.2,4.6,5.5,18.3,35,53,1011,4.6,,
2025-08-16T15:00:00+09:00,Shinjuku (Tokyo),35.713889,139.705556,46,pm25,46,13,4.7,1.5,2.3,17.6,32.2,68,1014.5,0.2,1,
2025-08-16T16:00:00+09:00,Osaka,34.6937378,135.5021651,70,pm25,70,52,10.2,5.8,0.1,41.6,33,62,1012,4.6,,
2025-08-16T06:00:00+01:00,London,51.5073509,-0.1277583,534,pm25,534,453,4.6,0.6,1,21.2,16.6,81,1029.1,3.1,,
2025-08-16T09:00:00+02:00,Frankfurt,50.075464,8.576305,45,pm25,45,18,,0.5,0.1,28.6,22.5,64,1021.5,5.4,12.8,15.5
2025-08-16T09:00:00+02:00,Hamburg,53.564486,9.96834,57,pm25,57,21,1,1.6,0.1,25.6,17,72,1023,5.4,,12
2025-08-16T15:00:00+08:00,Wuhan,30.593099,114.305393,42,pm25,42,18,13.8,2.1,4.6,,36,53,1008,2.5,,
2025-08-16T02:00:00-04:00,Boston,42.325184,-71.05608,21,pm25,21,8,14.9,0.6,5.6,2.4,18.8,72,1022.6,,,
2025-08-16T01:00:00-04:00,Georgia,33.68797,-84.29048,39,pm25,39,35,9.3,0.2,3.4,2.4,22.7,58.8,1019.8,0.2,2.8,
2025-08-16T00:00:00-07:00,Phoenix,33.403055555556,-112.07527777778,24,o3,14,14,4.7,,1.2,24.1,30,45,1013.2,4.6,10.2,17
2025-08-15T23:00:00-06:00,Denver,39.732146,-105.015317,151,pm25,151,63,14.2,0.6,5.3,17.1,26.6667,46.6,1018.6,3,0.6,
2025-08-16T15:00:00+09:00,Nagoya,35.1814464,136.906398,63,pm25,63,21,14.9,4.3,6.7,59.7,35.5,54,1011.8,4.4,,
2025-08-16T16:00:00+09:00,Fukuoka,33.5903547,130.4017155,38,pm25,38,14,4.7,1.5,3.4,34.4,33,59,1013,4.6,,
2025-08-16T15:00:00+09:00,Kawasaki,35.5309058,139.7030511,38,pm25,38,23,8.4,1.5,2.3,28.1,30,74,1013,8.2,,
2025-08-16T15:00:00+08:00,Shenzhen,22.543099,114.057868,70,pm25,70,25,5.1,4.1,6.4,43.1,34.4,72.3,1007.6,4,,
2025-08-16T15:00:00+08:00,Zhongshan (Taiwan),25.062361,121.526528,14,pm10,9,14,3.2,0.9,1.3,8,34,59,1008.3,8,12.3,25
2025-08-16T15:00:00+08:00,Chongqing,29.56301,106.551557,42,pm25,42,18,1.9,2.1,3.7,29.7,31,62,1008,4.6,,
2025-08-16T09:00:00+03:00,Istanbul (Turkey),41.015278,29.025,47,pm25,47,23,5.4,1.9,13.8,37.4,27,47,1012,12.3,16.7,15
2025-08-16T15:00:00+07:00,Hanoi,21.0491,105.8831,53,pm25,53,41,21,10,8,21,30,74,1006,2,,25
2025-08-16T15:00:00+07:00,Bangkok,13.7563309,100.5017651,49,pm25,49,14,0.6,0.6,0.1,4.8,29,9.1,1003.1,2,,
2025-08-16T14:00:00+05:30,Delhi,28.6341,77.2005,109,pm25,109,63,3.7,1.9,4.3,28.6,31.825000000000003,69.67500000000001,986.0500000000001,0.775,,26
2025-08-16T14:00:00+05:30,Mumbai,19.0863,72.8888,89,pm25,89,53,1.3,14.9,0.7,11.6,26.5,99.92,1000.96,29.366666666666664,11.8,25
2025-08-16T17:00:00+09:00,Seoul,37.566535,126.9779692,29,o3,25,12,8.6,4.6,3,28.9,30.5,62.8,1002.1,3,,
2025-08-16T16:00:00+08:00,Beijing,39.954592,116.468117,61,o3,55,20,4.6,2.6,5.5,61,29,70,1008,1.5,,
2025-08-16T16:00:00+08:00,Shanghai,31.2047372,121.4489017,63,pm25,63,36,3.7,4.6,5.5,22.4,35,53,1011,5.6,,
2025-08-16T16:00:00+09:00,Shinjuku (Tokyo),35.713889,139.705556,50,pm25,50,25,5.6,1.5,2.3,17.6,31.6,71,1014.5,0.2,1,
2025-08-16T06:00:00+02:00,Paris,48.856614,2.3522219,59,pm25,59,28,7.7,0.6,0.1,16.9,19.1,84,1025.7,2.6,,
2025-08-16T08:00:00+01:00,London,51.5073509,-0.1277583,591,pm25,591,539,7.8,0.3,0.8,28.7,17.4,79,1029.7,4.4,,
2025-08-16T10:00:00+02:00,Hamburg,53.564486,9.96834,55,pm25,55,20,1,1.6,0.1,25.6,17.5,67,1023,6.1,,11.5
2025-08-16T16:00:00+08:00,Wuhan,30.593099,114.305393,50,pm25,50,11,29.3,2.1,4.6,,36,53,1008,2.5,,
2025-08-16T10:00:00+02:00,Warsaw (Poland),52.225171,21.014783,61,pm25,61,31,18.5,2,0.1,12,24,60,1015,3.6,8.7,16
2025-08-16T17:00:00+09:30,Winnellie (Australia),-12.424323299931126,130.89335024356842,29,pm25,29,12,1.1,1,4.5,12.7,28.5,44.599999999999994,1007.9,9.65,,15.4
2025-08-16T14:00:00+05:30,Bangalore (India),13.0270199,77.494094,73,pm25,73,56,7.1,3,3.8,9,26.5,69.825,950.38,0.9075,,21
2025-08-16T14:00:00+05:30,Chennai (India),13.1278,80.2642,63,pm25,63,54,2.3,0.5,3.9,,29.4625,67.9525,82497.725,2.25,12.8,25
2025-08-16T03:00:00-04:00,Boston,42.325184,-71.05608,19,pm25,19,8,10.2,0.5,4.5,6.4,19.4,69,1022.7,,,
2025-08-16T02:00:00-04:00,Georgia,33.68797,-84.29048,49,pm25,49,44,7.5,0.2,3.4,2.4,22.7,58.6,1019.3,0.2,0.8,
2025-08-16T01:00:00-07:00,Phoenix,33.403055555556,-112.07527777778,45,pm25,45,24,4.7,,1.2,26.4,30,42,1013.5,4.6,10.2,16
2025-08-16T14:00:00+05:30,Hyderabad (India),17.417094,78.457437,110,pm25,110,70,6.1,8.2,3.9,10.2,25,79.185,1004,2.6550000000000002,10.2,22
2025-08-16T16:00:00+09:00,Gyeonggi,37.4112,127.2579,21,pm25,21,16,6.3,3.2,2.8,36.2,31,66,1013.2,3.6,0.5,24
2025-08-16T16:00:00+09:00,Nagoya,35.1814464,136.906398,72,pm25,72,27,20.4,4.3,5.6,64.8,34.4,54,1012.1,5.8,,
2025-08-16T17:00:00+09:00,Fukuoka,33.5903547,130.4017155,34,pm25,34,14,4.7,1.5,2.3,33.6,32,59,1013,4.1,,
2025-08-16T16:00:00+09:00,Kawasaki,35.5309058,139.7030511,42,pm25,42,23,8.4,1.5,3.4,27.2,32,74,1013,8.4,,
2025-08-16T16:00:00+08:00,Shenzhen,22.543099,114.057868,80,pm25,80,30,7.8,4.6,6.4,35.8,35,73.2,1007,5.6,,
2025-08-16T16:00:00+08:00,Zhongshan (Taiwan),25.062361,121.526528,25,pm25,25,11,4.2,0.9,1.7,7.8,34,59,1008,7.9,12.3,25
2025-08-16T16:00:00+08:00,Chongqing,29.56301,106.551557,38,pm25,38,20,2.3,2.1,4.6,31.7,31,62,1008,4.6,,
2025-08-16T10:00:00+03:00,Istanbul (Turkey),41.015278,29.025,47,pm25,47,23,6.5,1.9,13.7,35.6,28,45,1012,11.3,18,15
2025-08-16T16:00:00+07:00,Hanoi,21.0491,105.8831,42,pm25,42,38,18,10,8,21,27,94,1006,3.6,,26
2025-08-16T15:00:00+05:30,Delhi,28.6341,77.2005,95,pm25,95,65,5.9,1.3,5.7,44.4,33.725,65,986.7,0.875,,26
2025-08-16T15:00:00+05:30,Mumbai,19.0863,72.8888,84,pm25,84,49,1.3,14.9,0.6,11.6,26,99.92,1000.3666666666667,2.2966666666666664,11.8,25
2025-08-16T18:00:00+09:00,Seoul,37.566535,126.9779692,23,o3,21,10,8.5,4.9,2.9,23.1,30.5,62.8,1002.1,3,,
2025-08-16T17:00:00+08:00,Beijing,39.954592,116.468117,65,o3,55,19,5.1,2.6,5.5,64.9,30,66,1008,0.5,,
2025-08-16T17:00:00+08:00,Shanghai,31.2047372,121.4489017,68,pm25,68,39,4.2,2.6,5.5,26,34,52,1010,5.6,,
2025-08-16T17:00:00+09:00,Shinjuku (Tokyo),35.713889,139.705556,46,pm25,46,22,7.5,1.5,2.3,17.6,30.5,75,1014.7,0.2,1,
2025-08-16T17:00:00+09:00,Osaka,34.6937378,135.5021651,74,pm25,74,49,7.5,5.8,1.2,38.4,33,65,1012,4.6,,
2025-08-16T07:00:00+02:00,Paris,48.856614,2.3522219,80,pm25,80,29,9.5,0.6,0.1,19.5,19.5,82.4,1025.7,5,,
2025-08-16T11:00:00+02:00,Frankfurt,50.075464,8.576305,48,pm25,48,18,,0.5,0.1,33.3,25,57,1022,5.1,12.8,16
2025-08-16T11:00:00+02:00,Hamburg,53.564486,9.96834,53,pm25,53,20,1,1.6,0.1,27.3,18.5,65,1023,5.4,,12
2025-08-16T17:00:00+08:00,Wuhan,30.593099,114.305393,53,pm25,53,14,18.3,2.1,3.7,,36,53,1007,0.5,,
2025-08-16T04:00:00-04:00,Boston,42.325184,-71.05608,20,pm25,20,8,10.2,0.6,5.6,7.3,18.8,71,1022.9,,,
2025-08-16T03:00:00-04:00,Georgia,33.68797,-84.29048,42,pm25,42,31,5.9,0.2,3.4,2.4,22.7,58.6,1019,0.2,0.3,
2025-08-16T02:00:00-07:00,Phoenix,33.403055555556,-112.07527777778,32,o3,31,23,4.7,,1.2,32,30,42,1013.2,3,10.2,16
2025-08-16T17:00:00+09:00,Nagoya,35.1814464,136.906398,85,pm25,85,21,9.3,2.9,3.4,47.2,33.3,60,1012.6,4.7,,
2025-08-16T18:00:00+09:00,Fukuoka,33.5903547,130.4017155,42,pm25,42,26,7.5,1.5,3.4,36.1,32,60.5,1013,4.1,,
2025-08-16T17:00:00+09:00,Kawasaki,35.5309058,139.7030511,30,pm25,30,26,10.2,1.5,2.3,22.4,31,80,1013,8.4,,
2025-08-16T17:00:00+08:00,Shenzhen,22.543099,114.057868,74,pm25,74,30,7.4,4.6,4.6,35.8,34,75.2,1006.6,5.6,,
2025-08-16T17:00:00+08:00,Zhongshan (Taiwan),25.062361,121.526528,17,pm25,17,11,5,0.8,1.8,7,33,59,1008,7.7,12.3,24
2025-08-16T17:00:00+08:00,Chongqing,29.56301,106.551557,34,pm25,34,15,2.3,2.1,4.6,33.8,31,62,1008,2.5,,
2025-08-16T11:00:00+03:00,Istanbul (Turkey),41.015278,29.025,47,pm25,47,22,5.3,1.9,13.7,34.1,29,39,1012,12.3,18,14
2025-08-16T17:00:00+07:00,Hanoi,21.0491,105.8831,37,pm25,37,34,15,10,9,13,27,88,1006,4.1,,25
2025-08-16T16:00:00+07:00,Bangkok,13.7563309,100.5017651,29,pm25,29,14,0.6,0.6,0.1,4.8,29.2,82.9,1002.2,1,,
2025-08-16T19:00:00+09:00,Seoul,37.566535,126.9779692,21,o3,17,9,8.8,4.8,3,20.5,29.4,63.7,1001.7,3,,
2025-08-16T18:00:00+08:00,Beijing,39.954592,116.468117,63,o3,57,23,7.8,2.6,5.5,63,29,74,1008,1.5,,
2025-08-16T18:00:00+08:00,Shanghai,31.2047372,121.4489017,72,pm25,72,46,5.1,2.6,5.5,25.6,32,62,1010,6.6,,
2025-08-16T18:00:00+09:00,Shinjuku (Tokyo),35.713889,139.705556,34,pm25,34,11,7.5,1.5,2.3,17.6,30,79,1015.1,0.2,0.7,
2025-08-16T18:00:00+09:00,Osaka,34.6937378,135.5021651,70,pm25,70,44,7.5,5.8,1.2,32.8,31.5,75,1012,3.7,,
2025-08-16T08:00:00+02:00,Paris,48.856614,2.3522219,74,pm25,74,31,8.4,0.6,0.1,20.6,19.8,80.6,1026,3.4,,
2025-08-16T09:00:00+01:00,London,51.5073509,-0.1277583,602,pm25,602,556,9.2,0.5,1,26,17.7,78,1029.9,4.8,,
2025-08-16T12:00:00+02:00,Frankfurt,50.075464,8.576305,53,pm25,53,21,,0.5,0.1,35,25,57,1022,6.1,12.8,16
2025-08-16T12:00:00+02:00,Hamburg,53.564486,9.96834,53,pm25,53,20,1,1.6,0.1,28.1,19.5,59.5,1022.5,5.4,,11.5
2025-08-16T18:00:00+08:00,Wuhan,30.593099,114.305393,53,pm25,53,16,22,2.6,3.7,,35,59,1007,0.5,,
2025-08-16T12:00:00+02:00,Warsaw (Poland),52.225171,21.014783,58,pm25,58,29,15.8,2,0.1,12,28,42,1015,6.1,8.7,14
2025-08-16T19:00:00+09:30,Winnellie (Australia),-12.424323299931126,130.89335024356842,23,pm25,23,9,1.2,1.3,4.8,11.8,26.7,50.400000000000006,1008.3,5.485,,15.4
2025-08-16T15:00:00+05:30,Bangalore (India),13.0270199,77.494094,82,pm25,82,58,7.3,2.3,3.8,9.5,24,86.66666666666667,950.2033333333334,0.98,,21
2025-08-16T15:00:00+05:30,Chennai (India),13.1278,80.2642,60,pm25,60,54,2.5,1.3,4,,29.55333333333333,65.80666666666667,82400.09999999999,1.8633333333333333,12.8,24
2025-08-16T05:00:00-04:00,Boston,42.325184,-71.05608,21,pm25,21,7,13.9,0.5,5.6,8.8,18.8,69,1023,,,
2025-08-16T04:00:00-04:00,Georgia,33.68797,-84.29048,37,pm25,37,26,5,0.2,3.4,2.4,22.2,58.6,1019.3,0.2,0.8,
2025-08-16T03:00:00-07:00,Phoenix,33.403055555556,-112.07527777778,31,pm25,31,20,4.7,,1.2,26.4,29,48,1013.5,3,10.2,17
2025-08-16T15:00:00+05:30,Hyderabad (India),17.417094,78.457437,131,pm25,131,71,6,9.1,3.5,10.4,25,76.30999999999999,1003,2.5533333333333332,10.2,22
2025-08-16T03:00:00-06:00,Denver,39.732146,-105.015317,42,pm25,42,16,6,0.6,2.4,13,21.1111,47,1018.6,3,3,
2025-08-16T19:00:00+09:00,Gyeonggi,37.4112,127.2579,10,pm10,5,10,7.5,3.5,2.8,36.2,29,70,1012.8,1.5,0.5,23
2025-08-16T18:00:00+09:00,Nagoya,35.1814464,136.906398,59,pm25,59,24,11.2,1.5,2.3,36.1,31.6,67,1012.8,5,,
2025-08-16T19:00:00+09:00,Fukuoka,33.5903547,130.4017155,50,pm25,50,27,9.3,1.5,3.4,35.2,31,66,1013,3.8,,
2025-08-16T18:00:00+09:00,Kawasaki,35.5309058,139.7030511,42,pm25,42,21,15.8,1.5,2.3,21.6,30,83,1013,7.9,,
2025-08-16T18:00:00+08:00,Shenzhen,22.543099,114.057868,85,pm25,85,36,10.6,4.6,7.3,36.6,33,80.5,1007.2,4.6,,
2025-08-16T18:00:00+08:00,Zhongshan (Taiwan),25.062361,121.526528,21,pm25,21,9,7,0.9,2.5,4.8,31.5,66,1008,7.9,12.3,24.5
2025-08-16T18:00:00+08:00,Chongqing,29.56301,106.551557,50,pm25,50,22,2.3,2.1,4.6,33.8,31,62,1007,1.5,,
2025-08-16T13:00:00+03:00,Istanbul (Turkey),41.015278,29.025,45,pm25,45,23,6.2,1.8,13.7,32.4,30,33,1012,13.3,19,12
2025-08-16T18:00:00+07:00,Hanoi,21.0491,105.8831,30,pm25,30,28,13,11,13,10,27,88,1006.5,4.3,,25
2025-08-16T18:00:00+07:00,Bangkok,13.7563309,100.5017651,37,pm25,37,12,0.6,0.6,0.1,4.8,29.6,8.7,1003.7,1,,
2025-08-16T16:00:00+05:30,Delhi,28.6341,77.2005,117,pm25,117,37,4.4,1.3,7.3,24.4,30.133333333333336,75.43333333333334,986,0.6999999999999998,,27
2025-08-16T16:00:00+05:30,Mumbai,19.0863,72.8888,85,pm25,85,50,1.4,14.9,0.9,11.5,26,99.92,999.31,27.02,11.8,25
2025-08-16T20:00:00+09:00,Seoul,37.566535,126.9779692,17,pm25,17,12,9.8,4.8,3,15.5,29.4,63.7,1001.7,3,,
2025-08-16T19:00:00+08:00,Beijing,39.954592,116.468117,57,o3,57,23,6.9,2.6,5.5,57.1,27,83,1008,0.5,,
2025-08-16T19:00:00+09:00,Shinjuku (Tokyo),35.713889,139.705556,42,pm25,42,9,5.6,1.5,2.3,17.6,28.8,81,1015.2,0.2,0.5,
2025-08-16T20:00:00+09:00,Osaka,34.6937378,135.5021651,59,pm25,59,40,9.3,7.2,0.1,22.4,30.2,74.2,1013,3.6,,
2025-08-16T09:00:00+02:00,Paris,48.856614,2.3522219,78,pm25,78,30,9.5,0.6,0.1,24.4,20.7,76.5,1025.9,4.6,,
2025-08-16T10:00:00+01:00,London,51.5073509,-0.1277583,606,pm25,606,561,15.1,0.3,0.9,21.8,17.7,78.2,1030.2,5.7,,
2025-08-16T13:00:00+02:00,Frankfurt,50.075464,8.576305,52,pm25,52,21,,0.5,0.1,34.3,26,54,1022,5.9,12.8,16
2025-08-16T13:00:00+02:00,Hamburg,53.564486,9.96834,53,pm25,53,20,1,1.6,0.1,29.7,20,56,1022,6.4,,11
2025-08-16T13:00:00+02:00,Warsaw (Poland),52.225171,21.014783,54,pm25,54,28,15.6,2,0.1,12,28,45,1014,5.1,8.7,15
2025-08-16T20:00:00+09:30,Winnellie (Australia),-12.424323299931126,130.89335024356842,28,pm25,28,10,1.3,1,4.4,11.6,25.1,55.8,1009.1,3.99,,14.3
2025-08-16T16:00:00+05:30,Bangalore (India),13.0270199,77.494094,59,pm25,59,56,7.6,2.3,3.8,9.4,24,79.83333333333333,950.1533333333333,0.9766666666666666,,21
2025-08-16T16:00:00+05:30,Chennai (India),13.1278,80.2642,78,pm25,78,52,3.5,1.8,3.9,,29.53333333333333,66.99666666666667,82328.33333333333,1.3800000000000001,12.8,25
2025-08-16T06:00:00-04:00,Boston,42.325184,-71.05608,23,pm25,23,7,14.9,0.5,6.7,8.8,20.5,67,1023,,,
2025-08-16T05:00:00-04:00,Georgia,33.68797,-84.29048,39,pm25,39,30,5.1,0.2,3.4,2.4,21.6,59,1018.7,0.2,0.4,
2025-08-16T04:00:00-07:00,Phoenix,33.403055555556,-112.07527777778,21,pm25,21,20,4.7,,1.2,17.6,29,48,1013.8,3,10.2,17
2025-08-16T16:00:00+05:30,Hyderabad (India),17.417094,78.457437,132,pm25,132,69,6.4,8.4,3.7,10.1,25,80.26,1002,2.8499999999999996,10.2,22
2025-08-16T04:00:00-06:00,Denver,39.732146,-105.015317,46,pm25,46,18,7.4,0.6,2.2,10.6,20.5556,51.5,1018.6,1,1,
2025-08-16T20:00:00+09:00,Gyeonggi,37.4112,127.2579,21,o3,5,13,8.4,3.5,3.7,20.9,28,78,1013.2,0.5,0.5,24
2025-08-16T19:00:00+09:00,Nagoya,35.1814464,136.906398,57,pm25,57,23,11.2,1.5,1.2,31.2,30.5,72,1013.4,3.7,,
2025-08-16T20:00:00+09:00,Fukuoka,33.5903547,130.4017155,42,pm25,42,18,7.5,1.5,3.4,35.2,30,70,1013,2.5,,
2025-08-16T19:00:00+09:00,Kawasaki,35.5309058,139.7030511,42,pm25,42,16,17.6,1.5,3.4,20.8,29,83,1013,7.7,,
2025-08-16T19:00:00+08:00,Zhongshan (Taiwan),25.062361,121.526528,25,pm25,25,18,6.1,0.9,2.4,3.4,30,74,1008.5,7.2,12.3,25
2025-08-16T19:00:00+08:00,Chongqing,29.56301,106.551557,55,pm25,55,28,2.3,1.1,4.6,33.3,30,66,1007,3.6,,
2025-08-16T14:00:00+03:00,Istanbul (Turkey),41.015278,29.025,44,pm25,44,22,6.7,1.8,13.7,31.2,30,33,1012,13.1,19,12
2025-08-16T19:00:00+07:00,Hanoi,21.0491,105.8831,28,pm10,27,28,15,12,11,10,26,94,1007,1,,25
2025-08-16T19:00:00+07:00,Bangkok,13.7563309,100.5017651,28,pm25,28,13,0.6,0.6,0.1,4.8,29.6,9.5,1003.7,1,,
2025-08-16T18:00:00+05:30,Delhi,28.6341,77.2005,149,pm25,149,91,5.2,1.6,6.4,44.1,23.7,90.5,986.6,0.3,,27
2025-08-16T18:00:00+05:30,Mumbai,19.0863,72.8888,82,pm25,82,47,1.4,14.8,0.8,11.5,26,99.92,999.4133333333333,27.19666666666667,11.8,25
2025-08-16T21:00:00+09:00,Seoul,37.566535,126.9779692,21,pm25,21,12,10.9,4.9,3.2,12.4,28.3,69.6,1002,2,,
2025-08-16T20:00:00+08:00,Beijing,39.954592,116.468117,61,pm25,61,26,6,2.6,5.5,44.7,26,88,1009,1.5,,
2025-08-16T20:00:00+08:00,Shanghai,31.2047372,121.4489017,70,pm25,70,42,7.8,5.1,5.5,17.5,31,72,1011.5,4.1,,
2025-08-16T20:00:00+09:00,Shinjuku (Tokyo),35.713889,139.705556,50,pm25,50,29,5.6,1.5,2.3,17.6,28.8,82,1015.6,0.2,0.5,
2025-08-16T21:00:00+09:00,Osaka,34.6937378,135.5021651,57,pm25,57,35,13,7.2,0.1,20.8,29,79,1014,3,,
2025-08-16T11:00:00+02:00,Paris,48.856614,2.3522219,78,pm25,78,30,8.6,0.6,0.1,24.4,23.8,66,1025.3,4.2,,
2025-08-16T12:00:00+01:00,London,51.5073509,-0.1277583,580,pm25,580,523,13.8,0.5,1.1,22.6,20,69.8,1029.7,5,,
2025-08-16T14:00:00+02:00,Frankfurt,50.075464,8.576305,45,pm25,45,15,,0.5,0.1,36,27,50,1021.5,5.4,12.8,16
2025-08-16T20:00:00+08:00,Wuhan,30.593099,114.305393,53,pm25,53,19,6,3.1,4.6,,31,84,1008,0.5,,
2025-08-16T14:00:00+02:00,Warsaw (Poland),52.225171,21.014783,48,pm25,48,26,13.7,2,0.1,12,29,37,1014,7.2,8.7,13
2025-08-16T22:00:00+09:30,Winnellie (Australia),-12.424323299931126,130.89335024356842,19,pm25,19,7,2.6,1,4.6,8.7,22.4,62.6,1010.4,4.6,,14.3
2025-08-16T18:00:00+05:30,Bangalore (India),13.0270199,77.494094,60,pm25,60,58,8.3,2.4,3.8,9.5,24.5,93.5,950.34,0.89,,21
2025-08-16T18:00:00+05:30,Chennai (India),13.1278,80.2642,67,pm25,67,31,6.8,1.3,5,,29.725,65.99,82347.57500000001,2.0424999999999995,12.8,26
2025-08-16T07:00:00-04:00,Boston,42.325184,-71.05608,22,pm25,22,10,10.2,0.5,3.4,7.3,22.2,67.5,1023,,,
2025-08-16T06:00:00-04:00,Georgia,33.68797,-84.29048,35,pm25,35,24,5.7,0.2,4.5,2.4,22.1,59,1019.1,0.2,0.4,
2025-08-16T05:00:00-07:00,Phoenix,33.403055555556,-112.07527777778,27,pm25,27,22,4.7,,2.3,15.2,29,48,1013.8,3,10.2,17
2025-08-16T18:00:00+05:30,Hyderabad (India),17.417094,78.457437,173,pm25,173,89,7.5,8.3,5,10.1,25,78.7975,1002,2.6499999999999995,10.2,22
2025-08-16T05:00:00-06:00,Denver,39.732146,-105.015317,53,pm25,53,24,10.6,0.6,3.4,10.6,20,53.5,1018.9,2,4,
2025-08-16T21:00:00+09:00,Gyeonggi,37.4112,127.2579,21,pm25,21,13,8.4,3.5,3.7,16.7,27,83,1013.8,1.5,0.5,24
2025-08-16T20:00:00+09:00,Nagoya,35.1814464,136.906398,57,pm25,57,41,9.3,1.5,2.3,28.1,29.6,77.2,1013.4,3.7,,
2025-08-16T21:00:00+09:00,Fukuoka,33.5903547,130.4017155,42,pm25,42,20,9.3,1.5,3.4,34.4,29,79,1013,2,,
2025-08-16T20:00:00+09:00,Kawasaki,35.5309058,139.7030511,34,pm25,34,20,12.1,1.5,3.4,20,29,87,1013.5,7.7,,
2025-08-16T20:00:00+08:00,Shenzhen,22.543099,114.057868,57,pm25,57,38,7.8,4.6,7.3,34.2,30,84,1008.8,5.6,,
2025-08-16T20:00:00+08:00,Zhongshan (Taiwan),25.062361,121.526528,30,pm25,30,13,7,0.9,2.6,2.4,29,75.6,1009,6.6,12.3,24.3
2025-08-16T20:00:00+08:00,Chongqing,29.56301,106.551557,68,pm25,68,35,5.5,2.1,5.5,33.3,29,74,1008,3.6,,
2025-08-16T15:00:00+03:00,Istanbul (Turkey),41.015278,29.025,44,pm25,44,22,6.1,1.8,13.7,28.4,29.5,31,1011.5,13.8,19,11
2025-08-16T20:00:00+07:00,Bangkok,13.7563309,100.5017651,28,pm25,28,10,0.6,0.6,0.1,4.8,29,87.7,1004.3,1,,
2025-08-16T19:00:00+05:30,Delhi,28.6341,77.2005,132,pm25,132,62,7.4,2.3,8.5,26.6,23.875000000000004,91,986.65,0.3,,26
2025-08-16T19:00:00+05:30,Mumbai,19.0863,72.8888,82,pm25,82,47,1.5,14.9,1,11.6,26,99.92,999.84,27.286666666666665,11.8,25
2025-08-16T22:00:00+09:00,Seoul,37.566535,126.9779692,13,pm25,13,9,10.8,5.2,4.2,11.7,27.2,78.8,1002.7,2,,
2025-08-16T21:00:00+08:00,Beijing,39.954592,116.468117,65,pm25,65,29,6.9,2.1,5.5,37.4,25,94,1010,0.5,,
2025-08-16T21:00:00+08:00,Shanghai,31.2047372,121.4489017,76,pm25,76,45,9.6,6.1,5.5,17.5,30,74,1012,5.6,,
2025-08-16T21:00:00+09:00,Shinjuku (Tokyo),35.713889,139.705556,42,pm25,42,17,6.5,1.5,2.3,17.6,27.6,86.8,1011.5,4.1,,25.2
2025-08-16T22:00:00+09:00,Osaka,34.6937378,135.5021651,55,pm25,55,29,13,7.2,0.1,20,30,81,1014,3.3,,
2025-08-16T15:00:00+02:00,Hamburg,53.564486,9.96834,27,o3,53,20,1,1.6,0.1,27.3,20.5,56,1022,6.4,,11.5
2025-08-16T21:00:00+08:00,Wuhan,30.593099,114.305393,53,pm25,53,25,11.5,3.1,5.5,,30,89,1008,0.5,,
2025-08-16T15:00:00+02:00,Warsaw (Poland),52.225171,21.014783,49,pm25,49,27,15.7,2,0.1,12,30,35,1014,6.1,8.7,13
2025-08-16T19:00:00+05:30,Chennai (India),13.1278,80.2642,100,pm25,100,37,6.4,1.1,5.2,,29.695,65.36500000000001,82430.8,1.5550000000000002,12.8,26
2025-08-16T08:00:00-04:00,Boston,42.325184,-71.05608,23,pm25,23,16,7.5,0.6,3.4,7.3,22.5,65.5,1022.6,,,
2025-08-16T07:00:00-04:00,Georgia,33.68797,-84.29048,32,pm25,32,21,4.3,0.2,4.5,2.4,23.6,55,1019.3,0.2,0.4,
2025-08-16T06:00:00-07:00,Phoenix,33.403055555556,-112.07527777778,24,o3,24,18,4.7,,2.3,24.1,29,48,1014.2,2.5,10.2,17
2025-08-16T19:00:00+05:30,Hyderabad (India),17.417094,78.457437,169,pm25,169,82,8.5,9.4,6.4,9.3,25,80.87,1003,2.8049999999999997,10.2,22
2025-08-16T06:00:00-06:00,Denver,39.732146,-105.015317,53,pm25,53,21,11.5,0.6,4.6,8.2,19.4444,54.5,1019.2,1,4.5,
2025-08-16T21:00:00+09:00,Nagoya,35.1814464,136.906398,85,pm25,85,41,5.6,1.5,2.3,27.2,29.4,79,1013.6,3.4,,
2025-08-16T22:00:00+09:00,Fukuoka,33.5903547,130.4017155,42,pm25,42,15,20.4,1.5,2.3,25.6,29,74,1013,2,,
2025-08-16T21:00:00+09:00,Kawasaki,35.5309058,139.7030511,38,pm25,38,14,9.3,1.5,2.3,18.4,29,87,1014,6.6,,
2025-08-16T21:00:00+08:00,Shenzhen,22.543099,114.057868,53,pm25,53,35,11.5,4.6,5.5,41.1,29.4,84.7,1009.6,4.7,,
2025-08-16T21:00:00+08:00,Zhongshan (Taiwan),25.062361,121.526528,25,pm25,25,14,6.8,0.9,2.4,2.8,29,74,1010,7.2,12.3,24
2025-08-16T21:00:00+08:00,Chongqing,29.56301,106.551557,70,pm25,70,35,10.1,2.6,7.3,35.4,29,74,1009,2.5,,
2025-08-16T16:00:00+03:00,Istanbul (Turkey),41.015278,29.025,44,pm25,44,22,6.1,1.8,13.6,28.4,29,36,1011,12.3,19,12.5
2025-08-16T21:00:00+07:00,Hanoi,21.0491,105.8831,41,pm25,41,37,15,10,5,10,25,94,1009,0.5,,24
2025-08-16T21:00:00+07:00,Bangkok,13.7563309,100.5017651,50,pm25,50,21,1.8,0.6,0.1,4.8,28.3,9.1,1005,1,,
2025-08-16T20:00:00+05:30,Delhi,28.6341,77.2005,127,pm25,127,40,10.9,2.4,9.8,22,23.749999999999996,92.225,986.475,0.27499999999999997,,26
2025-08-16T23:00:00+09:00,Seoul,37.566535,126.9779692,13,pm25,13,10,10.8,4.8,3.5,12,26.9,79.7,1002.6,2,,
2025-08-16T22:00:00+08:00,Beijing,39.954592,116.468117,74,pm25,74,34,7.4,2.6,6.4,30.9,25,94,1010,0.5,,
2025-08-16T22:00:00+08:00,Shanghai,31.2047372,121.4489017,89,pm25,89,45,9.6,5.6,5.5,12.2,30,74,1012,5.6,,
2025-08-16T22:00:00+09:00,Shinjuku (Tokyo),35.713889,139.705556,42,pm25,42,7,5.6,1.5,2.3,17.6,28.8,81.7,1015.3,0.2,0.5,
2025-08-16T13:00:00+02:00,Paris,48.856614,2.3522219,64,pm25,64,25,8.9,0.6,0.1,33.6,25.6,57,1024.5,3.5,,
2025-08-16T16:00:00+02:00,Frankfurt,50.075464,8.576305,44,pm25,44,18,,0.5,0.1,38.6,26,50,1020.5,4.8,10.2,15
2025-08-16T16:00:00+02:00,Hamburg,53.564486,9.96834,26,o3,53,20,1,1.6,0.1,26.4,20.5,56,1022,7.7,,11.5
2025-08-16T22:00:00+08:00,Wuhan,30.593099,114.305393,61,pm25,61,28,38,3.1,5.5,,29,94,1008,0.5,,
2025-08-16T16:00:00+02:00,Warsaw (Poland),52.225171,21.014783,51,pm25,51,29,19.3,2,0.1,12,29,37,1014,6.6,8.7,13
2025-08-16T23:00:00+09:30,Winnellie (Australia),-12.424323299931126,130.89335024356842,25,pm25,25,9,2.6,1,4.6,9,22.6,77.2,1010.6,4.79,,18.4
2025-08-16T19:00:00+05:30,Bangalore (India),13.0270199,77.494094,87,pm25,87,57,8.3,2,3.8,9.2,23,93.63333333333333,950.6300000000001,0.9433333333333334,,20
2025-08-16T08:00:00-04:00,Georgia,33.68797,-84.29048,25,pm25,25,16,6.8,0.2,4.5,4.8,26.3,55.8,1020,0.2,0.2,
2025-08-16T07:00:00-07:00,Phoenix,33.403055555556,-112.07527777778,20,pm25,20,11,4.7,,2.3,16.8,29,48,1014.8,3,10.2,17
2025-08-16T07:00:00-06:00,Denver,39.732146,-105.015317,50,pm25,50,25,10.6,0.6,3.3,7.4,20,52,1019.5,2,4,
2025-08-16T22:00:00+09:00,Gyeonggi,37.4112,127.2579,21,pm25,21,20,11.7,3,4.7,8.4,25,94,1013.8,0.5,0.5,24
2025-08-16T22:00:00+09:00,Nagoya,35.1814464,136.906398,74,pm25,74,25,5.6,1.5,2.3,27.2,29.4,80,1013.5,4.5,,
2025-08-16T23:00:00+09:00,Fukuoka,33.5903547,130.4017155,38,pm25,38,15,7.5,1.5,2.3,24.8,28,78,1014,1.5,,
2025-08-16T22:00:00+09:00,Kawasaki,35.5309058,139.7030511,38,pm25,38,17,10.2,1.5,2.3,16.8,28,87,1013,7.2,,
2025-08-16T22:00:00+08:00,Shenzhen,22.543099,114.057868,55,pm25,55,34,12.8,4.6,5.5,39,30,85.2,1010.1,5.6,,
2025-08-16T22:00:00+08:00,Zhongshan (Taiwan),25.062361,121.526528,25,pm25,25,12,6.4,0.9,2.2,3.1,29,74,1010,6.1,12.3,24
2025-08-16T22:00:00+08:00,Chongqing,29.56301,106.551557,68,pm25,68,36,10.6,3.1,7.3,26,28,78,1009,2.5,,
2025-08-16T22:00:00+07:00,Hanoi,21.0491,105.8831,56,pm25,56,44,12,10,5,10,26,88,1010,1.5,,24
2025-08-16T22:00:00+07:00,Bangkok,13.7563309,100.5017651,49,pm25,49,16,2.9,2.7,0.1,4.8,25.5,93.1,1007.3,2,,
2025-08-16T21:00:00+05:30,Mumbai,19.0863,72.8888,81,pm25,81,45,1.5,14.8,1,11.5,26,99.92,1000.8733333333333,28.05,11.8,24
2025-08-17T00:00:00+09:00,Seoul,37.566535,126.9779692,12,o3,9,11,10.1,4.9,3.7,12.4,26.9,79.7,1002.6,2,,
2025-08-16T23:00:00+08:00,Beijing,39.954592,116.468117,72,pm25,72,32,7.4,2.6,6.4,25.2,25,94,1010,1.5,,
2025-08-16T23:00:00+08:00,Shanghai,31.2047372,121.4489017,82,pm25,82,47,6.9,5.6,5.5,11,30,74,1013,5.6,,
2025-08-16T23:00:00+09:00,Shinjuku (Tokyo),35.713889,139.705556,38,pm25,38,23,5.6,1.5,2.3,17.6,28.8,83,1015.2,0.2,0.2,
2025-08-16T23:00:00+09:00,Osaka,34.6937378,135.5021651,59,pm25,59,37,6.5,5.8,3.4,20,30,79,1014,2.5,,
2025-08-16T14:00:00+02:00,Paris,48.856614,2.3522219,75,pm25,75,32,10.2,0.6,0.1,40.5,27.2,49,1023.6,6,,
2025-08-16T14:00:00+01:00,London,51.5073509,-0.1277583,38,pm25,38,18,5.1,0.6,1,24,20.5,65.3,1028.9,5,,
2025-08-16T17:00:00+02:00,Frankfurt,50.075464,8.576305,41,pm25,41,16,,0.5,0.1,39.8,27.5,44.5,1020,5.4,10.2,14.5
2025-08-16T17:00:00+02:00,Hamburg,53.564486,9.96834,27,o3,53,20,1,1.6,0.1,26.9,20,60,1021.5,7.2,,12
2025-08-16T23:00:00+08:00,Wuhan,30.593099,114.305393,55,pm25,55,30,33.4,2.6,5.5,,29,94,1008,0.5,,
2025-08-16T17:00:00+02:00,Warsaw (Poland),52.225171,21.014783,50,pm25,50,28,18.1,2,0.1,12,29,39,1013,6.1,8.7,14
2025-08-17T00:00:00+09:30,Winnellie (Australia),-12.424323299931126,130.89335024356842,15,pm25,15,6,1.9,1.1,4.8,9.8,22.6,77.2,1010.6,4.79,,18.8
2025-08-16T20:00:00+05:30,Bangalore (India),13.0270199,77.494094,67,pm25,67,57,8.6,0.8,3.8,9.4,23,93.7,950.8266666666667,0.94,,21
2025-08-16T20:00:00+05:30,Chennai (India),13.1278,80.2642,151,pm25,151,53,5.8,1.2,5.9,,29.603333333333335,68.27666666666666,82552.2,3.2266666666666666,10.2,24
2025-08-16T09:00:00-04:00,Georgia,33.68797,-84.29048,24,pm25,24,17,5.5,0.2,3.4,12.8,29.6,48.2,1021.4,0.4,3.6,
2025-08-16T08:00:00-07:00,Phoenix,33.403055555556,-112.07527777778,25,o3,22,18,4.7,,1.2,24.8,30,45,1015.2,2,10.2,17
2025-08-16T20:00:00+05:30,Hyderabad (India),17.417094,78.457437,157,pm25,157,73,9.5,14.4,7.5,8.5,24,82.40333333333334,1005,2.4033333333333338,10.2,22
2025-08-16T08:00:00-06:00,Denver,39.732146,-105.015317,50,pm25,50,27,9.6,0.6,3.9,8.6,21.6667,45,1019.5,4,5.3,
2025-08-16T23:00:00+09:00,Gyeonggi,37.4112,127.2579,20,pm10,17,20,13,2.8,4.3,4.3,25,94,1013.8,0.5,0.5,24
2025-08-16T23:00:00+09:00,Nagoya,35.1814464,136.906398,74,pm25,74,25,4.7,1.5,2.3,27.2,28.8,81,1013.7,3.2,,
2025-08-17T00:00:00+09:00,Fukuoka,33.5903547,130.4017155,38,pm25,38,18,11.2,1.5,4.5,20.8,28,78,1014,1.5,,
2025-08-16T23:00:00+09:00,Kawasaki,35.5309058,139.7030511,61,pm25,61,13,9.3,1.5,2.3,18.4,29,85,1013.5,7.4,,
2025-08-16T23:00:00+08:00,Shenzhen,22.543099,114.057868,55,pm25,55,31,13.3,5.1,8.2,37.4,28.8,86,1010,4,,
2025-08-16T23:00:00+08:00,Zhongshan (Taiwan),25.062361,121.526528,21,pm25,21,11,6.2,1,2.2,2.9,29,74,1010,6.9,12.3,24
2025-08-16T23:00:00+08:00,Chongqing,29.56301,106.551557,72,pm25,72,36,11,3.6,8.2,20.4,28,78,1009,2.5,,
2025-08-16T23:00:00+07:00,Hanoi,21.0491,105.8831,59,pm25,59,44,12,10,5,11,26,88,1010,1.2,,24
2025-08-16T23:00:00+07:00,Bangkok,13.7563309,100.5017651,38,pm25,38,21,1.2,2.7,0.1,4.8,25.5,93.1,1007.3,2,,
2025-08-16T22:00:00+05:30,Delhi,28.6341,77.2005,149,pm25,149,69,6.9,2.7,10.2,15,23.174999999999997,93.625,986.0500000000001,0.3,,26
2025-08-16T22:00:00+05:30,Mumbai,19.0863,72.8888,82,pm25,82,47,1.5,14.8,1,11.6,26,99.92,1001.2733333333334,28.793333333333333,11.8,24
2025-08-17T01:00:00+09:00,Seoul,37.566535,126.9779692,13,pm25,13,11,8.3,4.9,2.9,12.7,26.4,82.6,1002,1,,
2025-08-17T00:00:00+08:00,Beijing,39.954592,116.468117,70,pm25,70,29,7.4,2.6,5.5,22.4,25,94,1010,0.5,,
2025-08-17T00:00:00+08:00,Shanghai,31.2047372,121.4489017,89,pm25,89,45,5.5,5.6,5.5,10.2,29,79,1012,5.6,,
2025-08-17T00:00:00+09:00,Shinjuku (Tokyo),35.713889,139.705556,38,pm25,38,17,3.8,1.5,2.3,17.6,28.3,85,1015,0.2,1,
2025-08-17T01:00:00+09:00,Osaka,34.6937378,135.5021651,57,pm25,57,29,6.5,5.8,0.1,20,29.4,79,1014,2,,
2025-08-16T15:00:00+01:00,London,51.5073509,-0.1277583,574,pm25,574,513,20.2,0.3,1.1,29.1,20.4,66.4,1028.4,4.2,,
2025-08-16T18:00:00+02:00,Frankfurt,50.075464,8.576305,43,o3,41,17,,0.5,0.1,43.1,26,44,1020,6.1,11.3,13
2025-08-16T18:00:00+02:00,Hamburg,53.564486,9.96834,27,o3,53,20,1,1.6,0.1,26.9,19,59,1021,6.6,,11
2025-08-17T00:00:00+08:00,Wuhan,30.593099,114.305393,53,pm25,53,30,35.2,2.6,5.5,,29,100,1009,0.5,,
2025-08-16T18:00:00+02:00,Warsaw (Poland),52.225171,21.014783,50,pm25,50,30,17,2,0.1,12,28,42,1013,7.2,8.7,14
2025-08-17T01:00:00+09:30,Winnellie (Australia),-12.424323299931126,130.89335024356842,16,pm25,16,6,1.9,1.1,4.8,10.8,22.2,79.6,1010.8,6.77,,19.2
2025-08-16T22:00:00+05:30,Bangalore (India),13.0270199,77.494094,65,pm25,65,60,7.2,0.8,3.8,9.2,21.5,93.7,950.9275,0.9299999999999999,,20
2025-08-16T22:00:00+05:30,Chennai (India),13.1278,80.2642,66,pm25,66,35,4.5,1.1,6,,29.3475,66.1475,82570.70000000001,1.7650000000000001,10.2,24.5
2025-08-16T10:00:00-04:00,Georgia,33.68797,-84.29048,30,o3,20,9,2.2,0.2,2.7,29.6,31.1,43.2,1020.8,0.2,4.6,
2025-08-16T09:00:00-07:00,Phoenix,33.403055555556,-112.07527777778,30,o3,20,13,4.7,,1.2,29.6,31,43,1015.5,5.1,10.2,17
2025-08-16T22:00:00+05:30,Hyderabad (India),17.417094,78.457437,111,pm25,111,64,9.7,10.1,7.3,9.1,24,84,1005,1.9574999999999998,10.2,22
2025-08-16T09:00:00-06:00,Denver,39.732146,-105.015317,42,pm25,42,23,6,0.6,2.8,10.2,23.8889,43,1019.6,3,4.3,
2025-08-17T00:00:00+09:00,Gyeonggi,37.4112,127.2579,30,pm25,30,20,9.7,2.6,4.3,3.3,25,94,1013.5,0.5,0.5,24
2025-08-17T00:00:00+09:00,Nagoya,35.1814464,136.906398,63,pm25,63,21,4.7,1.5,2.3,24.8,28.8,81,1013.6,2.5,,
2025-08-17T01:00:00+09:00,Fukuoka,33.5903547,130.4017155,38,pm25,38,15,9.3,1.5,4.5,17.6,28,78,1014,1,,
2025-08-17T00:00:00+09:00,Kawasaki,35.5309058,139.7030511,38,pm25,38,25,13,1.5,2.3,17.6,29,89,1013,7.4,,
2025-08-17T00:00:00+08:00,Shenzhen,22.543099,114.057868,55,pm25,55,37,11,4.6,7.3,34.2,30,87,1009.8,5.6,,
2025-08-17T00:00:00+08:00,Zhongshan (Taiwan),25.062361,121.526528,21,pm25,21,10,5,0.8,1.8,3,28,78,1009,6.1,12.3,24
2025-08-17T00:00:00+08:00,Chongqing,29.56301,106.551557,72,pm25,72,35,9.2,3.6,7.3,19.1,27,83,1010,2.5,,
2025-08-16T19:00:00+03:00,Istanbul (Turkey),41.015278,29.025,42,pm25,42,20,7.1,1.7,4.1,29.1,26.5,45.5,1010.5,13.3,16.9,14
2025-08-17T00:00:00+07:00,Hanoi,21.0491,105.8831,54,pm25,54,41,10,10,4,18,25,94,1009,2,,24
2025-08-17T02:00:00+09:00,Seoul,37.566535,126.9779692,14,o3,9,11,6.4,4.6,2.9,14,26.4,82.6,1002,1,,
2025-08-17T01:00:00+08:00,Beijing,39.954592,116.468117,68,pm25,68,30,6.4,2.6,5.5,22.4,24,100,1010,1.5,,
2025-08-17T01:00:00+09:00,Shinjuku (Tokyo),35.713889,139.705556,38,pm25,38,17,3.8,1.5,2.3,16.8,28,85.7,1015.1,0.2,0.2,
2025-08-17T02:00:00+09:00,Osaka,34.6937378,135.5021651,50,pm25,50,38,5.6,5.8,3.4,19.2,29.3,79,1014,2.5,,
2025-08-16T15:00:00+02:00,Paris,48.856614,2.3522219,55,pm25,55,19,10.8,0.6,0.1,37.7,26.6,47.7,1023,4.5,,
2025-08-16T16:00:00+01:00,London,51.5073509,-0.1277583,568,pm25,568,506,16,0.6,1,23.2,20.2,65.2,1027.7,3.2,,
2025-08-16T19:00:00+02:00,Frankfurt,50.075464,8.576305,47,pm25,47,22,,0.5,0.1,44.2,25.5,45.5,1020,7.9,11.3,13
2025-08-16T19:00:00+02:00,Hamburg,53.564486,9.96834,50,pm25,50,20,1,1.6,0.1,27.3,19,59,1021,7.2,,11
2025-08-16T19:00:00+02:00,Warsaw (Poland),52.225171,21.014783,51,pm25,51,28,18.6,2,0.1,12,26,47,1013,5.6,8.7,14
2025-08-16T11:00:00-04:00,Georgia,33.68797,-84.29048,38,o3,26,9,1.5,0.2,2.9,37.6,31.8,43.2,1019.4,0.7,6.2,
2025-08-16T10:00:00-07:00,Phoenix,33.403055555556,-112.07527777778,29,o3,19,16,4.7,,1.2,28.9,34,38,1015.5,5.6,10.2,18
2025-08-16T10:00:00-06:00,Denver,39.732146,-105.015317,38,pm25,38,25,6.9,0.6,3.2,15.9,26.6667,31.6,1019.2,3,5.6,
2025-08-17T01:00:00+09:00,Gyeonggi,37.4112,127.2579,20,pm10,9,20,9.3,2.6,4.2,2.7,24,100,1013.5,0.5,0.5,24
2025-08-17T01:00:00+09:00,Nagoya,35.1814464,136.906398,46,pm25,46,20,4.7,1.5,2.3,23.3,29.4,79,1013.7,2.4,,
2025-08-17T02:00:00+09:00,Fukuoka,33.5903547,130.4017155,42,pm25,42,18,6.5,1.5,3.4,16.8,28,78,1014,1.5,,
2025-08-17T01:00:00+09:00,Kawasaki,35.5309058,139.7030511,38,pm25,38,25,13,1.5,2.3,16.8,28,91,1013,7.7,,
2025-08-17T01:00:00+08:00,Zhongshan (Taiwan),25.062361,121.526528,13,pm25,13,10,4.9,0.8,1.6,3.7,28,74,1010,5.6,12.3,23
2025-08-17T01:00:00+08:00,Chongqing,29.56301,106.551557,61,pm25,61,32,9.2,4.1,7.3,17.9,26,88,1010,3.6,,
2025-08-16T20:00:00+03:00,Istanbul (Turkey),41.015278,29.025,42,pm25,42,20,6.9,1.7,13.8,28.4,26,47,1011,10.2,15.4,14
2025-08-17T01:00:00+07:00,Hanoi,21.0491,105.8831,52,pm25,52,40,9,9,3,18,25,94,1009,2.5,,24
2025-08-17T01:00:00+07:00,Bangkok,13.7563309,100.5017651,33,pm25,33,21,1.2,2.7,0.1,4.8,24.7,94.2,1007.6,1,,
2025-08-17T00:00:00+05:30,Delhi,28.6341,77.2005,117,pm25,117,42,5.4,3.2,8,12.2,22.525,94.37500000000001,986.5,0.3,,26
2025-08-16T23:00:00+05:30,Mumbai,19.0863,72.8888,85,pm25,85,50,1.6,14.9,1.2,11.6,26,99.92,1001.2466666666666,28.853333333333335,11.8,25
2025-08-17T03:00:00+09:00,Seoul,37.566535,126.9779692,14,o3,5,10,5.3,4.9,2.8,14.1,26.2,85.6,1003.2,2.5,,
2025-08-17T02:00:00+08:00,Beijing,39.954592,116.468117,70,pm25,70,31,10.1,2.6,6.4,13,24,100,1011,0.5,,
2025-08-17T02:00:00+08:00,Shanghai,31.2047372,121.4489017,82,pm25,82,39,5.5,4.6,5.5,9.4,29,79,1012,3.6,,
2025-08-17T03:00:00+09:00,Osaka,34.6937378,135.5021651,57,pm25,57,23,6.5,1.5,0.1,20.8,29,79,1014,2.5,,
2025-08-16T17:00:00+02:00,Paris,48.856614,2.3522219,55,pm25,55,26,10.8,0.6,0.1,40.3,25.3,53.3,1023,4.3,,
2025-08-16T17:00:00+01:00,London,51.5073509,-0.1277583,567,pm25,567,503,13.3,0.6,1,22.8,20.5,63.1,1027.4,2.5,,
2025-08-16T20:00:00+02:00,Frankfurt,50.075464,8.576305,47,pm25,47,21,,0.5,0.1,40.3,23.5,54.5,1020,7.4,11.3,14
2025-08-16T20:00:00+02:00,Hamburg,53.564486,9.96834,50,pm25,50,20,1,1.6,0.1,27.3,18,63,1021,5.6,,11
2025-08-17T02:00:00+08:00,Wuhan,30.593099,114.305393,53,pm25,53,30,26.6,2.6,3.7,,31,79,1008,2.5,,
2025-08-16T20:00:00+02:00,Warsaw (Poland),52.225171,21.014783,52,pm25,52,28,20.3,2,0.1,12,25,50,1013,4.1,8.7,14
2025-08-17T04:00:00+09:30,Winnellie (Australia),-12.424323299931126,130.89335024356842,55,pm25,55,17,1.6,1,5.6,9.6,20.2,85.8,1010.3,4.98,,17.8
2025-08-17T00:00:00+05:30,Bangalore (India),13.0270199,77.494094,70,pm25,70,58,8.6,3.3,3.8,9.3,21,93.7,950.9224999999999,0.8925000000000001,,20
2025-08-17T00:00:00+05:30,Chennai (India),13.1278,80.2642,74,pm25,74,28,3,0.9,4.6,,29.244999999999997,66.235,82675.85,1.2950000000000002,10.2,24
2025-08-16T12:00:00-04:00,Georgia,33.68797,-84.29048,35,o3,27,10,0.7,0.2,2.6,35.2,32.4,40.5,1018,0.4,3.4,
2025-08-16T11:00:00-07:00,Phoenix,33.403055555556,-112.07527777778,45,pm25,45,33,4.7,,1.2,30.4,36,34,1015.2,6.1,10.2,18
2025-08-17T00:00:00+05:30,Hyderabad (India),17.417094,78.457437,189,pm25,189,94,7.4,7.3,2.5,8.9,24,84.05,1005,2.015,10.2,22
2025-08-16T11:00:00-06:00,Denver,39.732146,-105.015317,25,pm25,25,14,3.2,0.6,2.2,15.9,28.8889,28,1019,4,5,
2025-08-17T03:00:00+09:00,Gyeonggi,37.4112,127.2579,30,pm25,30,19,7.7,2.6,3.8,2.1,24,100,1014.2,0.5,0.5,24
2025-08-17T02:00:00+09:00,Nagoya,35.1814464,136.906398,53,pm25,53,21,5.6,1.5,2.3,21.6,30,78,1014,1.9,,
2025-08-17T03:00:00+09:00,Fukuoka,33.5903547,130.4017155,38,pm25,38,15,4.7,1.5,2.3,16,27.5,80.5,1014,1.4,,
2025-08-17T02:00:00+09:00,Kawasaki,35.5309058,139.7030511,46,pm25,46,14,11.2,1.5,2.3,16,28,88,1013,6.9,,
2025-08-17T02:00:00+08:00,Shenzhen,22.543099,114.057868,50,pm25,50,28,13.8,4.6,7.3,30.1,29,86.3,1009,3.8,,
2025-08-17T02:00:00+08:00,Zhongshan (Taiwan),25.062361,121.526528,21,pm25,21,8,3.8,0.5,1.5,6.2,28,74,1009,5.1,12.3,23
2025-08-17T02:00:00+08:00,Chongqing,29.56301,106.551557,57,pm25,57,36,8.3,4.1,6.4,17.9,27,78,1010,3.6,,
2025-08-16T21:00:00+03:00,Istanbul (Turkey),41.015278,29.025,40,pm25,40,19,6.9,1.7,13.9,28.4,24.5,51.5,1011,8.2,15.4,14
2025-08-17T02:00:00+07:00,Hanoi,21.0491,105.8831,53,pm25,53,38,9,9,3,18,25,94,1008.5,2.3,,24
2025-08-17T02:00:00+07:00,Bangkok,13.7563309,100.5017651,42,pm25,42,17,0.6,2.7,0.1,4.8,23.8,95.9,1006.5,1,,
2025-08-17T00:00:00+05:30,Mumbai,19.0863,72.8888,80,pm25,80,45,1.8,14.9,1.7,11.6,25,99.92,1001.06,28.59,11.8,24
2025-08-17T04:00:00+09:00,Seoul,37.566535,126.9779692,13,o3,13,13,6.3,4.8,2.8,13.1,26.2,85.6,1003.2,2.5,,
2025-08-17T03:00:00+08:00,Beijing,39.954592,116.468117,74,pm25,74,34,22,2.6,6.4,0.5,23,100,1011,0.5,,
2025-08-17T03:00:00+08:00,Shanghai,31.2047372,121.4489017,85,pm25,85,36,4.2,4.6,5.5,9.4,29,79,1012,4.6,,
2025-08-17T03:00:00+09:00,Shinjuku (Tokyo),35.713889,139.705556,42,pm25,42,13,4.7,1.5,2.3,19.2,28.3,82,1015.2,0.2,0.2,
2025-08-16T18:00:00+01:00,London,51.5073509,-0.1277583,567,pm25,567,503,13.3,0.6,1,22.8,20.9,59.7,1027.1,4.4,,
2025-08-16T21:00:00+02:00,Frankfurt,50.075464,8.576305,43,pm25,43,18,,0.5,0.1,37.2,21.5,60,1021,6.6,11.3,13.5
2025-08-16T21:00:00+02:00,Hamburg,53.564486,9.96834,50,pm25,50,20,1,1.6,0.1,26.9,16.5,69.5,1021,4.6,,11
2025-08-16T21:00:00+02:00,Warsaw (Poland),52.225171,21.014783,52,pm25,52,27,22.9,2,0.1,12,24,53,1013,4.6,8.7,14
2025-08-16T13:00:00-04:00,Georgia,33.68797,-84.29048,36,o3,28,10,0.8,0.2,2.3,36.1,34.2,37.2,1017.2,0.2,3.8,
2025-08-16T12:00:00-07:00,Phoenix,33.403055555556,-112.07527777778,35,o3,23,23,4.7,,1.2,35.2,38,29,1014.5,5.1,10.8,17
2025-08-16T12:00:00-06:00,Denver,39.732146,-105.015317,25,pm25,25,11,2.8,0.6,2,24.8,29.4444,27.5,1018.8,3,7.5,
2025-08-17T03:00:00+09:00,Nagoya,35.1814464,136.906398,50,pm25,50,20,4.7,1.5,1.2,20.8,29.6,83,1014,1.7,,
2025-08-17T04:00:00+09:00,Fukuoka,33.5903547,130.4017155,38,pm25,38,19,3.8,1.5,3.4,14.5,27.5,80.5,1014,1.8,,
2025-08-17T03:00:00+09:00,Kawasaki,35.5309058,139.7030511,42,pm25,42,20,13.9,1.5,2.3,16.8,28,83,1013,6.1,,
2025-08-17T03:00:00+08:00,Zhongshan (Taiwan),25.062361,121.526528,21,pm25,21,4,3.2,0.5,1.3,7.3,28,74,1009,5.1,12.3,23
2025-08-17T03:00:00+08:00,Chongqing,29.56301,106.551557,63,pm25,63,35,6.4,3.6,6.4,18.3,26,88,1010,3.6,,
2025-08-17T03:00:00+07:00,Hanoi,21.0491,105.8831,57,pm25,57,40,9,9,2,20,25,94,1008,1.5,,24
2025-08-17T03:00:00+07:00,Bangkok,13.7563309,100.5017651,55,pm25,55,14,0.6,2.7,0.1,4.8,24.5,10.6,1007.5,1.5,,
2025-08-17T01:00:00+05:30,Delhi,28.6341,77.2005,89,pm25,89,64,3.4,2.1,8.5,8.6,22.433333333333334,94.8,985.9333333333334,0.3,,26
2025-08-17T01:00:00+05:30,Mumbai,19.0863,72.8888,80,pm25,80,45,1.8,14.8,1.7,11.5,25.5,99.92,1000.19,30.48,11.8,24.5
2025-08-17T05:00:00+09:00,Seoul,37.566535,126.9779692,17,pm25,17,12,5.8,4.6,2.7,12.9,26.2,86.7,1003.1,1.5,,
2025-08-17T04:00:00+08:00,Beijing,39.954592,116.468117,82,pm25,82,38,19.7,2.6,6.4,0.5,23,100,1011,0.5,,
2025-08-17T04:00:00+08:00,Shanghai,31.2047372,121.4489017,78,pm25,78,31,4.2,4.6,5.5,9.4,28,78,1012,4.6,,
2025-08-17T04:00:00+09:00,Shinjuku (Tokyo),35.713889,139.705556,38,pm25,38,8,4.7,1.5,1.2,19.2,26.8,88.3,1011.6,2.5,,24.7
2025-08-17T04:00:00+09:00,Osaka,34.6937378,135.5021651,50,pm25,50,22,3.8,7.2,1.2,20.8,29,83,1014,2.5,,
2025-08-16T19:00:00+02:00,Paris,48.856614,2.3522219,51,pm25,51,26,11.4,0.6,0.1,40.3,22.2,66,1024,6,,
2025-08-16T19:00:00+01:00,London,51.5073509,-0.1277583,552,pm25,552,482,14.7,0.6,1,22.8,19.7,67.2,1027.1,5,,
2025-08-16T22:00:00+02:00,Frankfurt,50.075464,8.576305,42,pm25,42,17,,0.5,0.1,37.5,21,60,1021,5.9,11.3,13
2025-08-17T04:00:00+08:00,Wuhan,30.593099,114.305393,57,pm25,57,36,17.4,2.6,6.4,,28,94,1008,2.5,,
2025-08-16T22:00:00+02:00,Warsaw (Poland),52.225171,21.014783,54,pm25,54,31,22.8,2,0.1,12,23,56,1014,4.1,8.7,14
2025-08-17T05:00:00+09:30,Winnellie (Australia),-12.424323299931126,130.89335024356842,81,pm25,81,27,1.5,1,6.2,9.6,20.8,66,1010.3,8.19,,15.1
2025-08-17T01:00:00+05:30,Bangalore (India),13.0270199,77.494094,81,pm25,81,56,9.1,2.5,3.8,9.2,21,93.7,950.7766666666666,0.8966666666666666,,20
2025-08-17T01:00:00+05:30,Chennai (India),13.1278,80.2642,63,pm25,63,27,2.3,0.8,2.7,,29.45,67.64666666666666,82504.46666666666,0.9633333333333334,10.2,24
2025-08-16T14:00:00-04:00,Georgia,33.68797,-84.29048,37,o3,30,10,0.8,0.2,2.3,36.8,35.3,33.6,1016.9,0.3,3.4,
2025-08-16T13:00:00-07:00,Phoenix,33.403055555556,-112.07527777778,38,o3,19,18,4.7,,1.2,38.4,37,28,1013.8,4.1,10.8,16
2025-08-17T01:00:00+05:30,Hyderabad (India),17.417094,78.457437,174,pm25,174,90,5,5.9,2,10,24,84.41000000000001,1005,1.9833333333333334,10.2,22
2025-08-16T13:00:00-06:00,Denver,39.732146,-105.015317,28,o3,25,13,4.2,0.6,2.7,27.7,30.5556,25,1018.2,3,5.5,
2025-08-17T05:00:00+09:00,Gyeonggi,37.4112,127.2579,25,pm25,25,20,7.9,2.9,3.8,0.5,25,94,1014.5,1,0.5,24
2025-08-17T04:00:00+09:00,Nagoya,35.1814464,136.906398,53,pm25,53,20,4.7,1.5,1.2,20.8,28.8,80,1014.7,1.8,,
2025-08-17T05:00:00+09:00,Fukuoka,33.5903547,130.4017155,42,pm25,42,19,3.8,1.5,2.3,13.6,27,83,1014,2.5,,
2025-08-17T04:00:00+09:00,Kawasaki,35.5309058,139.7030511,57,pm25,57,20,13.9,1.5,2.3,16.8,28,86,1013,6.4,,
2025-08-17T04:00:00+08:00,Shenzhen,22.543099,114.057868,34,pm25,34,27,13.8,3.6,4.6,23.2,28.3,89,1008,2.7,,
2025-08-17T04:00:00+08:00,Zhongshan (Taiwan),25.062361,121.526528,13,pm25,13,2,3.2,0.6,1.3,7.6,28,78,1009,4.1,12.3,24
2025-08-17T04:00:00+08:00,Chongqing,29.56301,106.551557,76,pm25,76,34,6,3.1,5.5,17.9,26,83,1009,3.6,,
2025-08-16T22:00:00+03:00,Istanbul (Turkey),41.015278,29.025,38,pm25,38,18,10.4,1.9,14,27.7,23.3,69.9,1005.2,6.1,,17.5
2025-08-17T04:00:00+07:00,Hanoi,21.0491,105.8831,58,pm25,58,42,7,9,2,20,25,94,1008,2,,24
2025-08-17T04:00:00+07:00,Bangkok,13.7563309,100.5017651,59,pm25,59,15,0.6,2.7,0.1,4.8,24.5,10.6,1007.5,1,,
2025-08-17T02:00:00+05:30,Delhi,28.6341,77.2005,152,pm25,152,67,4.8,1.9,8.6,22.2,22.266666666666666,95.03333333333335,986.6666666666666,0.26666666666666666,,26
2025-08-17T02:00:00+05:30,Mumbai,19.0863,72.8888,79,pm25,79,44,1.8,14.9,1.6,11.8,25,99.92,999.415,45.474999999999994,11.8,25
2025-08-17T06:00:00+09:00,Seoul,37.566535,126.9779692,21,pm25,21,11,7.3,4.6,2.6,11.7,26.2,86.7,1003.1,1.5,,
2025-08-17T05:00:00+08:00,Beijing,39.954592,116.468117,89,pm25,89,41,17.4,2.6,6.4,0.9,23,100,1011,0.5,,
2025-08-17T05:00:00+09:00,Shinjuku (Tokyo),35.713889,139.705556,34,pm25,34,29,4.7,1.5,1.2,19.2,26.8,88.3,1011.6,2.5,,24.7
2025-08-17T05:00:00+09:00,Osaka,34.6937378,135.5021651,55,pm25,55,25,4.7,7.2,1.2,20,29,83,1014,1.8,,
2025-08-16T20:00:00+01:00,London,51.5073509,-0.1277583,551,pm25,551,480,9.6,0.7,1.7,14.3,18.2,70.8,1027.6,3.5,,
2025-08-16T23:00:00+02:00,Frankfurt,50.075464,8.576305,44,pm25,44,17,,0.5,0.1,34,21,60,1021,5.1,11.3,13
2025-08-16T23:00:00+02:00,Hamburg,53.564486,9.96834,46,pm25,46,19,1,1.6,0.1,25.2,14.5,79,1021,3.6,,11
2025-08-16T23:00:00+02:00,Warsaw (Poland),52.225171,21.014783,54,pm25,54,30,13.9,2,0.1,12,22,64,1014,5.6,8.7,15
2025-08-17T06:00:00+09:30,Winnellie (Australia),-12.424323299931126,130.89335024356842,86,pm25,86,29,1.5,1.1,6,9.2,19.9,75.2,1010.7,4.99,,13.8
2025-08-17T02:00:00+05:30,Bangalore (India),13.0270199,77.494094,55,pm10,46,55,7,5.4,3.8,9.4,21,93.7,950.6133333333333,0.8833333333333333,,20
2025-08-17T02:00:00+05:30,Chennai (India),13.1278,80.2642,45,pm25,45,18,2.1,0.5,2.9,,29.453333333333337,69.44333333333333,82494.49999999999,0.6966666666666667,10.2,24
2025-08-16T15:00:00-04:00,Georgia,33.68797,-84.29048,37,o3,30,10,0.8,0.2,2.3,36.8,34.2,36,1017.4,0.2,2.4,
2025-08-16T14:00:00-07:00,Phoenix,33.403055555556,-112.07527777778,38,o3,20,15,4.7,,1.2,38.4,39,22,1012.8,5.1,7.7,14
2025-08-17T02:00:00+05:30,Hyderabad (India),17.417094,78.457437,166,pm25,166,85,4.9,5.7,1.8,10.2,24,84.31666666666666,1005,2.2399999999999998,10.2,22
2025-08-16T14:00:00-06:00,Denver,39.732146,-105.015317,25,o3,25,14,7.4,0.6,3.6,25.2,30.5556,29,1018.1,6,12,
2025-08-17T06:00:00+09:00,Gyeonggi,37.4112,127.2579,30,pm25,30,20,7.9,2.9,4.3,0.5,25,94,1014.5,1.5,0.5,24
2025-08-17T05:00:00+09:00,Nagoya,35.1814464,136.906398,50,pm25,50,20,3.8,1.5,1.2,19.2,29.4,78,1014.8,1.1,,
2025-08-17T06:00:00+09:00,Fukuoka,33.5903547,130.4017155,42,pm25,42,22,3.8,1.5,2.3,12.1,27,83,1015,2,,
2025-08-17T05:00:00+09:00,Kawasaki,35.5309058,139.7030511,57,pm25,57,20,13,1.5,1.2,18.4,28,87,1014,5.9,,
2025-08-17T05:00:00+08:00,Zhongshan (Taiwan),25.062361,121.526528,13,pm25,13,5,3.2,0.6,1.4,6.8,28,78,1009,4.1,12.3,24
2025-08-17T05:00:00+08:00,Chongqing,29.56301,106.551557,76,pm25,76,36,6.4,3.1,5.5,14.7,26,83,1009,2.5,,
2025-08-16T23:00:00+03:00,Istanbul (Turkey),41.015278,29.025,37,pm25,37,18,9.9,1.8,14.2,27.7,23,73,1004.8,5.6,,17.9
2025-08-17T05:00:00+07:00,Hanoi,21.0491,105.8831,57,pm25,57,42,7,9,2,23,25,94,1008,1.5,,24
2025-08-17T05:00:00+07:00,Bangkok,13.7563309,100.5017651,57,pm25,57,22,0.6,2.7,0.1,4.8,24.2,97,1007.1,0.5,,
2025-08-17T04:00:00+05:30,Delhi,28.6341,77.2005,99,pm25,99,49,4.7,2.7,4.6,17.7,22.025,95.19999999999999,986.6,0.275,,25
2025-08-17T04:00:00+05:30,Mumbai,19.0863,72.8888,72,pm25,72,36,1.8,14.9,1.5,11.4,25,99.92,998.9699999999999,30.046666666666667,11.8,25
2025-08-17T07:00:00+09:00,Seoul,37.566535,126.9779692,21,pm25,21,12,8.5,4.6,2.7,11.3,26.2,87.7,1003.1,2,,
2025-08-17T06:00:00+08:00,Beijing,39.954592,116.468117,97,pm25,97,45,15.6,2.6,5.5,2.1,23,100,1012,0.5,,
2025-08-17T06:00:00+08:00,Shanghai,31.2047372,121.4489017,70,pm25,70,27,6,5.1,5.5,7.4,29,74,1013,2.5,,
2025-08-17T06:00:00+09:00,Shinjuku (Tokyo),35.713889,139.705556,34,pm25,34,5,3.8,1.5,2.3,19.2,27.3,86.3,1011.5,2.5,,24.8
2025-08-17T07:00:00+09:00,Osaka,34.6937378,135.5021651,57,pm25,57,32,6.5,7.2,0.1,20,29.5,74,1015,2,,
2025-08-16T20:00:00+02:00,Paris,48.856614,2.3522219,55,pm25,55,21,14.9,0.6,0.1,39.6,21.1,66.4,1024.1,1.8,,
2025-08-16T21:00:00+01:00,London,51.5073509,-0.1277583,542,pm25,542,465,5.5,0.6,1.6,16.8,16.9,72.8,1027.9,3.2,,
2025-08-17T00:00:00+02:00,Frankfurt,50.075464,8.576305,47,pm25,47,17,,0.5,0.1,30.4,20,64,1021,5.9,11.3,13
2025-08-17T00:00:00+02:00,Hamburg,53.564486,9.96834,46,pm25,46,19,1,1.6,0.1,26,14,82,1021,3.6,,11
2025-08-17T06:00:00+08:00,Wuhan,30.593099,114.305393,65,pm25,65,38,27.5,3.6,7.3,,30,89,1009,1.5,,
2025-08-17T00:00:00+02:00,Warsaw (Poland),52.225171,21.014783,51,pm25,51,23,11.7,2,0.1,12,21,64,1014,4.6,8.7,14
2025-08-17T07:00:00+09:30,Winnellie (Australia),-12.424323299931126,130.89335024356842,84,pm25,84,28,2.4,1.2,6.6,7.5,19.1,77.6,1011.2,2.99,,14.6
2025-08-17T03:00:00+05:30,Bangalore (India),13.0270199,77.494094,55,pm25,55,54,6.8,4.1,3.8,9.2,21,93.7,950.5,0.8966666666666666,,20
2025-08-17T04:00:00+05:30,Chennai (India),13.1278,80.2642,29,pm25,29,16,2.2,0.9,2.4,,29.43,68.53666666666668,82519.26666666666,0.4666666666666666,10.2,24
2025-08-16T16:00:00-04:00,Georgia,33.68797,-84.29048,39,o3,31,10,0.8,0.2,2.7,39.2,35.4,34.2,1017.3,0.2,1.8,
2025-08-16T15:00:00-07:00,Phoenix,33.403055555556,-112.07527777778,42,o3,28,15,4.7,,1.2,42.4,39,21,1011.8,2,7.7,13
2025-08-17T03:00:00+05:30,Hyderabad (India),17.417094,78.457437,163,pm25,163,81,4.9,5.5,2.1,9.5,24,84.47666666666667,1005,2.3066666666666666,10.2,22
2025-08-16T15:00:00-06:00,Denver,39.732146,-105.015317,26,pm10,25,26,5.1,0.6,3.6,19.1,28.3333,36,1018.5,12,9.3,
2025-08-17T07:00:00+09:00,Gyeonggi,37.4112,127.2579,30,pm25,30,20,7.2,2.8,4,0.5,26,94,1014.5,2,0.5,25
2025-08-17T06:00:00+09:00,Nagoya,35.1814464,136.906398,53,pm25,53,23,6.5,1.5,2.3,16,29.4,78,1015,0.8,,
2025-08-17T07:00:00+09:00,Fukuoka,33.5903547,130.4017155,42,pm25,42,24,4.7,1.5,2.3,12.1,28.6,83,1015,2,,
2025-08-17T06:00:00+09:00,Kawasaki,35.5309058,139.7030511,53,pm25,53,13,6.5,1.5,2.3,17.6,28,84,1014,6.1,,
2025-08-17T06:00:00+08:00,Shenzhen,22.543099,114.057868,30,pm25,30,21,10.1,4.6,5.5,20.4,28.3,89,1008.4,3,,
2025-08-17T06:00:00+08:00,Zhongshan (Taiwan),25.062361,121.526528,30,pm25,30,10,4.5,0.8,1.8,4.2,27,78,1009,3,12.3,23
2025-08-17T06:00:00+08:00,Chongqing,29.56301,106.551557,68,pm25,68,33,6,3.1,5.5,13.5,26,83,1010,2.5,,
2025-08-17T01:00:00+03:00,Istanbul (Turkey),41.015278,29.025,38,pm25,38,18,9.7,1.5,14.4,25.3,22.4,71.1,1003.8,5.6,,16.9
2025-08-17T06:00:00+07:00,Hanoi,21.0491,105.8831,55,pm25,55,43,5,10,4,27,25,94,1008,2,,24
2025-08-17T06:00:00+07:00,Bangkok,13.7563309,100.5017651,52,pm25,52,21,0.6,2.7,0.1,4.8,24.2,97,1007.1,0.5,,
2025-08-17T08:00:00+09:00,Seoul,37.566535,126.9779692,17,pm25,17,13,7.8,4.6,2.7,13.2,26.4,87.7,1003.3,1.5,,
2025-08-17T07:00:00+08:00,Beijing,39.954592,116.468117,95,pm25,95,44,16.5,3.1,5.5,3.7,25,100,1012,1.5,,
2025-08-17T07:00:00+08:00,Shanghai,31.2047372,121.4489017,68,pm25,68,26,5.5,5.6,5.5,5.7,30,74,1013,3.6,,
2025-08-17T07:00:00+09:00,Shinjuku (Tokyo),35.713889,139.705556,34,pm25,34,17,4.7,1.5,2.3,19.2,28.1,84.8,1011.6,3.6,,25.3
2025-08-17T08:00:00+09:00,Osaka,34.6937378,135.5021651,46,pm25,46,22,12.1,5.8,0.1,20.8,30,74,1015,2.5,,
2025-08-16T22:00:00+02:00,Paris,48.856614,2.3522219,55,pm25,55,26,14.9,0.6,0.1,38.3,20,68.6,1024.2,3,,
2025-08-17T01:00:00+02:00,Hamburg,53.564486,9.96834,42,pm25,42,19,1,1.6,0.1,26,14,82,1021,3.6,,11
2025-08-17T07:00:00+08:00,Wuhan,30.593099,114.305393,70,pm25,70,40,26.6,3.1,8.2,,31,84,1009,1.5,,
2025-08-17T04:00:00+05:30,Bangalore (India),13.0270199,77.494094,75,pm25,75,53,6.9,4.3,3.8,9.3,21,93.7,950.54,0.8866666666666667,,20
2025-08-16T17:00:00-04:00,Georgia,33.68797,-84.29048,38,o3,33,11,0.8,0.2,2.8,38.4,34.8,35.6,1017.1,0.2,2,
2025-08-16T16:00:00-07:00,Phoenix,33.403055555556,-112.07527777778,43,o3,5,8,4.7,,1.2,43.2,40,20,1010.8,3.6,7.7,13
2025-08-17T04:00:00+05:30,Hyderabad (India),17.417094,78.457437,155,pm25,155,78,4.4,5.8,2.2,9.1,24,85.64999999999999,1005,2.2533333333333334,10.2,22
2025-08-16T16:00:00-06:00,Denver,39.732146,-105.015317,19,o3,13,9,5.1,0.6,3.5,19.1,27.7778,34.3,1018.4,8,6.3,
2025-08-17T07:00:00+09:00,Nagoya,35.1814464,136.906398,53,pm25,53,22,6.5,1.5,2.3,15.2,30.8,81.8,1014.9,1.2,,
2025-08-17T08:00:00+09:00,Fukuoka,33.5903547,130.4017155,46,pm25,46,20,6.5,1.5,3.4,16.8,30,74,1015,2,,
2025-08-17T07:00:00+09:00,Kawasaki,35.5309058,139.7030511,55,pm25,55,21,13,1.5,2.3,18.4,30,74,1014,7.2,,
2025-08-17T07:00:00+08:00,Shenzhen,22.543099,114.057868,42,pm25,42,24,11,5.1,5.5,17.1,28.3,90.4,1009,3.6,,
2025-08-17T07:00:00+08:00,Zhongshan (Taiwan),25.062361,121.526528,30,pm25,30,12,5.7,0.8,2,3.5,28,76,1010,3,12.3,23.5
2025-08-17T07:00:00+08:00,Chongqing,29.56301,106.551557,65,pm25,65,40,8.7,3.1,5.5,10.2,26,83,1010,2.5,,
2025-08-17T02:00:00+03:00,Istanbul (Turkey),41.015278,29.025,39,pm25,39,18,9.6,1.6,14.5,23.3,22.4,71.1,1003.8,5.6,,16.9
2025-08-17T09:00:00+07:00,Hanoi,21.0491,105.8831,57,pm25,57,47,8,11,5,11,28,78,1010,2.5,,24
2025-08-17T09:00:00+07:00,Bangkok,13.7563309,100.5017651,50,pm25,50,13,0.6,0.6,0.1,4.8,27,88,1010,1.5,,
2025-08-17T07:00:00+05:30,Delhi,28.6341,77.2005,95,pm25,95,62,2.2,2.6,8.2,16.6,23.633333333333336,94.66666666666667,986.6333333333333,0.26666666666666666,,25
2025-08-17T08:00:00+05:30,Mumbai,19.0863,72.8888,76,pm25,76,40,1.7,14.9,1.4,11.6,25,99.92,999.7199999999999,30.599999999999998,11.8,24
2025-08-17T11:00:00+09:00,Seoul,37.566535,126.9779692,30,pm25,30,14,5.9,5,3.3,22,28.4,77.6,1004.7,2.5,,
2025-08-17T10:00:00+08:00,Beijing,39.954592,116.468117,53,pm25,53,18,4.2,2.6,5.5,34.2,30,70,1013,1.5,,
2025-08-17T09:00:00+08:00,Shanghai,31.2047372,121.4489017,72,pm25,72,25,6.9,5.6,5.5,10.2,34,52,1013,5.1,,
2025-08-17T10:00:00+09:00,Shinjuku (Tokyo),35.713889,139.705556,38,pm25,38,6,2.8,1.5,2.3,19.2,31.6,66.1,1011.1,1.5,,24.5
2025-08-17T10:00:00+09:00,Osaka,34.6937378,135.5021651,55,pm25,55,17,10.2,7.2,4.5,28.1,32,66,1015,3.9,,
2025-08-17T00:00:00+02:00,Paris,48.856614,2.3522219,40,pm25,40,13,12.1,0.6,0.1,32.9,18.8,72.4,1023.7,1.2,,
2025-08-17T01:00:00+01:00,London,51.5073509,-0.1277583,26,pm25,26,11,2.2,0.5,1,24.5,13.8,78.5,1027.3,1.7,,
2025-08-17T04:00:00+02:00,Frankfurt,50.075464,8.576305,43,pm25,43,22,,0.5,0.1,17.3,16.5,74.5,1021,2.8,11.3,12
2025-08-17T04:00:00+02:00,Hamburg,53.564486,9.96834,38,pm25,38,18,1,1.6,0.1,24,15,82,1020,2.5,,12
2025-08-17T09:00:00+08:00,Wuhan,30.593099,114.305393,50,pm25,50,30,11,3.1,6.4,,33,70,1010,1.5,,
2025-08-17T03:00:00+02:00,Warsaw (Poland),52.225171,21.014783,40,pm25,40,15,11.7,2,0.1,12,17,77,1014,4.1,8.7,13
2025-08-17T10:00:00+09:30,Winnellie (Australia),-12.424323299931126,130.89335024356842,52,pm25,52,17,1.1,1,4.4,12.1,28.1,29.9,1012.5,11.34,,8.4
2025-08-17T07:00:00+05:30,Bangalore (India),13.0270199,77.494094,51,pm10,48,51,8.6,1.7,3.8,9.3,21,93.76666666666667,950.6666666666666,0.81,,20
2025-08-17T07:00:00+05:30,Chennai (India),13.1278,80.2642,62,pm25,62,22,3,1.8,3.4,,29.013333333333335,67.78333333333335,82611.73333333334,0.27,10.2,25
2025-08-16T20:00:00-04:00,Georgia,33.68797,-84.29048,27,pm25,27,13,3.1,0.2,2.3,19.2,25,52,1017.8,0.2,2,
2025-08-16T19:00:00-07:00,Phoenix,33.403055555556,-112.07527777778,39,o3,16,8,4.7,,1.2,39.2,39,18,1009.8,3,7.7,11
2025-08-17T07:00:00+05:30,Hyderabad (India),17.417094,78.457437,138,pm25,138,68,5.2,7,2.3,8.9,24,83.14999999999999,1004,2.3066666666666666,10.2,21
2025-08-16T19:00:00-06:00,Denver,39.732146,-105.015317,21,pm25,21,10,7.8,0.6,5,20.8,26.6667,40.5,1018.4,6,9,
2025-08-17T10:00:00+09:00,Gyeonggi,37.4112,127.2579,38,pm25,38,20,4.5,3,3.2,23.7,30,74,1015.9,3,0.5,25
2025-08-17T10:00:00+09:00,Nagoya,35.1814464,136.906398,65,pm25,65,25,7.5,1.5,2.3,32.8,34.4,59,1014.2,1.4,,
2025-08-17T11:00:00+09:00,Fukuoka,33.5903547,130.4017155,53,pm25,53,17,7.5,1.5,3.4,27.2,32,66,1015,2.5,,
2025-08-17T10:00:00+09:00,Kawasaki,35.5309058,139.7030511,42,pm25,42,20,5.6,1.5,2.3,28.1,32,68,1013,7.7,,
2025-08-17T09:00:00+08:00,Shenzhen,22.543099,114.057868,46,pm25,46,25,10.6,4.6,8.2,15.9,29,87.6,1010,3.6,,
2025-08-17T10:00:00+08:00,Zhongshan (Taiwan),25.062361,121.526528,25,pm25,25,10,3.2,0.8,1.6,9.2,33,59,1011,4.6,12.3,24
2025-08-17T10:00:00+08:00,Chongqing,29.56301,106.551557,59,pm25,59,22,6,4.1,5.5,24.8,31,62,1011,3.6,,
2025-08-17T04:00:00+03:00,Istanbul (Turkey),41.015278,29.025,37,pm25,37,17,5.4,1.6,14.3,23.2,22.2,76.2,1002.7,5.1,,17.8
2025-08-17T10:00:00+07:00,Hanoi,21.0491,105.8831,55,pm25,55,49,10,11,6,11,29,74,1010,1.5,,24
2025-08-17T10:00:00+07:00,Bangkok,13.7563309,100.5017651,68,pm25,68,14,0.6,0.6,0.1,4.8,27,88,1010,1.5,,
2025-08-17T09:00:00+05:30,Delhi,28.6341,77.2005,74,pm25,74,64,4.6,2.3,5.5,13.8,26.7,89.9,985.9,0.2,,27
2025-08-17T09:00:00+05:30,Mumbai,19.0863,72.8888,76,pm25,76,41,1.6,14.8,1.2,11.6,25,99.92,1000.0975000000001,29.985000000000003,11.8,25
2025-08-17T12:00:00+09:00,Seoul,37.566535,126.9779692,30,pm25,30,12,5.7,4.8,3,26.5,30.7,66.7,1004.5,3,,
2025-08-17T11:00:00+08:00,Beijing,39.954592,116.468117,42,pm25,42,16,3.7,2.6,5.5,41.9,31,62,1013,1.5,,
2025-08-17T11:00:00+08:00,Shanghai,31.2047372,121.4489017,59,pm25,59,20,6,5.1,3.7,20.8,35.5,46.5,1013,4.6,,
2025-08-17T11:00:00+09:00,Shinjuku (Tokyo),35.713889,139.705556,34,pm25,34,12,3.8,1.5,2.3,19.2,31.6,66.1,1011.1,1.5,,24.5
2025-08-17T12:00:00+09:00,Osaka,34.6937378,135.5021651,55,pm25,55,26,10.2,7.2,0.1,40,33.3,62,1014,4.1,,
2025-08-17T02:00:00+02:00,Paris,48.856614,2.3522219,47,pm25,47,18,10.7,0.6,0.1,30.7,18.3,73.2,1023.4,0.8,,
2025-08-17T03:00:00+01:00,London,51.5073509,-0.1277583,25,pm25,25,15,3.3,0.3,0.8,18.8,12.6,83.5,1027,1.4,,
2025-08-17T05:00:00+02:00,Frankfurt,50.075464,8.576305,35,pm25,35,13,,0.5,0.1,24.3,17,69.5,1021,5.6,11.3,11.5
2025-08-17T05:00:00+02:00,Hamburg,53.564486,9.96834,38,pm25,38,18,1,1.6,0.1,24.8,15,79,1020,2.3,,11.5
2025-08-17T11:00:00+08:00,Wuhan,30.593099,114.305393,46,pm25,46,25,4.6,2.6,5.5,,35,63,1010,1.5,,
2025-08-17T05:00:00+02:00,Warsaw (Poland),52.225171,21.014783,40,pm25,40,14,7.8,2,0.1,12,15,87,1014,2.5,8.7,13
2025-08-17T13:00:00+09:30,Winnellie (Australia),-12.424323299931126,130.89335024356842,13,o3,6,9,1,0.9,4.2,12.9,30.6,18.4,1010.9,15.31,,5.1
2025-08-17T09:00:00+05:30,Bangalore (India),13.0270199,77.494094,76,pm25,76,57,7.5,3.2,3.8,9.4,21.5,93.5,950.83,0.84,,20
2025-08-17T09:00:00+05:30,Chennai (India),13.1278,80.2642,97,pm25,97,49,6.3,1.1,4.4,,29.27,69.31,82719.4,1.39,10.2,25
2025-08-16T21:00:00-04:00,Georgia,33.68797,-84.29048,27,pm25,27,13,4.2,0.2,2.8,11.2,24.5,54.6,1018.1,0.2,1,
2025-08-16T20:00:00-07:00,Phoenix,33.403055555556,-112.07527777778,33,o3,20,12,4.7,,1.2,32.8,38,19,1010.4,2.5,7.7,11
2025-08-17T09:00:00+05:30,Hyderabad (India),17.417094,78.457437,151,pm25,151,68,4.4,6.6,2.7,10.7,25,80.46,1005,2.31,10.2,21
2025-08-17T12:00:00+09:00,Gyeonggi,37.4112,127.2579,28,o3,25,14,4.7,3.2,2.9,28.1,30,66,1015.9,3,0.5,23
2025-08-17T11:00:00+09:00,Nagoya,35.1814464,136.906398,68,pm25,68,28,5.6,1.5,1.2,38.4,36.1,55,1013.9,2.2,,
2025-08-17T12:00:00+09:00,Fukuoka,33.5903547,130.4017155,34,pm25,34,21,5.6,1.5,3.4,25.6,32,64,1015,3.9,,
2025-08-17T11:00:00+09:00,Kawasaki,35.5309058,139.7030511,50,pm25,50,20,6.5,1.5,3.4,28.9,33,66,1012.5,8.2,,
2025-08-17T11:00:00+08:00,Shenzhen,22.543099,114.057868,42,pm25,42,23,5.1,5.1,7.3,17.5,31,82,1009.5,5.6,,
2025-08-17T12:00:00+08:00,Zhongshan (Taiwan),25.062361,121.526528,17,pm25,17,9,2.6,0.6,1.4,10.5,35,54.5,1010,3.6,12.3,24.5
2025-08-17T11:00:00+08:00,Chongqing,29.56301,106.551557,50,pm25,50,30,5.5,4.1,5.5,37.4,33,55,1010,3.6,,
2025-08-17T06:00:00+03:00,Istanbul (Turkey),41.015278,29.025,34,pm25,34,16,3.8,1.5,14,22.9,22.5,74.8,1002.2,4.1,,17.8
2025-08-17T11:00:00+07:00,Hanoi,21.0491,105.8831,54,pm25,54,49,13,11,4,11,29.5,72,1010,2,,24
2025-08-17T11:00:00+07:00,Bangkok,13.7563309,100.5017651,52,pm25,52,27,0.6,0.6,0.1,4.8,29,77.9,1010,1.5,,
2025-08-17T10:00:00+05:30,Delhi,28.6341,77.2005,149,pm25,149,58,5.4,2.7,6.8,21.1,27.075,88.525,985.9499999999999,0.425,,27
2025-08-17T10:00:00+05:30,Mumbai,19.0863,72.8888,80,pm25,80,45,1.4,14.9,0.9,11.4,26,99.92,1000.2833333333334,30.426666666666666,11.8,25
2025-08-17T13:00:00+09:00,Seoul,37.566535,126.9779692,29,o3,25,12,6.1,4.3,2.6,28.7,31.3,63.7,1004.1,2,,
2025-08-17T12:00:00+08:00,Beijing,39.954592,116.468117,44,o3,42,17,3.2,2.6,6.4,44.3,31,66,1012,1.5,,
2025-08-17T12:00:00+08:00,Shanghai,31.2047372,121.4489017,53,pm25,53,20,3.7,4.6,4.6,20.8,36,41,1013,4.6,,
2025-08-17T12:00:00+09:00,Shinjuku (Tokyo),35.713889,139.705556,30,pm25,30,13,4.7,1.5,2.3,19.2,33.4,61.2,1009.9,3.6,,24.9
2025-08-17T13:00:00+09:00,Osaka,34.6937378,135.5021651,57,pm25,57,26,10.2,8.6,0.1,46.5,33.8,62,1014,4.6,,
2025-08-17T03:00:00+02:00,Paris,48.856614,2.3522219,53,pm25,53,21,11.1,0.6,0.1,30.3,17.4,77.5,1023.4,3.2,,
2025-08-17T04:00:00+01:00,London,51.5073509,-0.1277583,42,pm25,42,12,2.8,0.3,0.8,21.8,12.2,85.2,1026.6,1,,
2025-08-17T06:00:00+02:00,Frankfurt,50.075464,8.576305,29,pm25,29,13,,0.5,0.1,23.1,16,67,1021,6.1,11.3,10
2025-08-17T06:00:00+02:00,Hamburg,53.564486,9.96834,34,pm25,34,18,1,1.6,0.1,24.4,15,82,1019,2,,12
2025-08-17T12:00:00+08:00,Wuhan,30.593099,114.305393,46,pm25,46,23,6,2.6,5.5,,35,63,1010,1.5,,
2025-08-17T06:00:00+02:00,Warsaw (Poland),52.225171,21.014783,40,pm25,40,15,11.2,2,0.1,12,15,93,1015,3,8.7,14
2025-08-17T14:00:00+09:30,Winnellie (Australia),-12.424323299931126,130.89335024356842,14,o3,7,7,1,1.2,4.2,13.9,31.3,17,1010,10.94,,4.9
2025-08-17T10:00:00+05:30,Bangalore (India),13.0270199,77.494094,59,pm25,59,57,6.6,0.7,3.8,9.3,21.5,93.175,950.9,0.8624999999999999,,20
2025-08-17T10:00:00+05:30,Chennai (India),13.1278,80.2642,95,pm25,95,51,5.9,0.9,5.8,,29.29,67.18,82730.775,1.5099999999999998,10.2,25
2025-08-16T22:00:00-04:00,Georgia,33.68797,-84.29048,28,pm25,28,14,8.4,0.2,3.7,6.4,24,58.7,1018.5,0.2,2.7,
2025-08-16T21:00:00-07:00,Phoenix,33.403055555556,-112.07527777778,26,o3,22,15,4.7,,1.2,26.4,37,17,1011.1,4.1,7.7,8
2025-08-17T10:00:00+05:30,Hyderabad (India),17.417094,78.457437,159,pm25,159,70,4.6,6.8,3.1,10.6,25,79.36,1006,2.065,10.2,22
2025-08-16T21:00:00-06:00,Denver,39.732146,-105.015317,18,o3,17,8,6.4,0.6,4.3,17.5,26.6667,42,1019,6,3.3,
2025-08-17T13:00:00+09:00,Gyeonggi,37.4112,127.2579,32,o3,13,14,4.7,3.2,2.8,31.8,31,58,1015.2,3,0.5,22
2025-08-17T12:00:00+09:00,Nagoya,35.1814464,136.906398,76,pm25,76,28,5.6,1.5,2.3,41.6,36,55.5,1013.8,2.7,,
2025-08-17T13:00:00+09:00,Fukuoka,33.5903547,130.4017155,34,pm25,34,22,6.5,1.5,2.3,26.4,33.6,64.2,1015,4.8,,
2025-08-17T12:00:00+09:00,Kawasaki,35.5309058,139.7030511,50,pm25,50,17,5.6,1.5,2.3,29.6,34,64,1012,7.9,,
2025-08-17T12:00:00+08:00,Shenzhen,22.543099,114.057868,38,pm25,38,24,5.5,7.6,7.3,24,31,78.2,1009,4.6,,
2025-08-17T12:00:00+08:00,Chongqing,29.56301,106.551557,50,pm25,50,24,3.2,3.6,4.6,37.4,34,52,1010,3.6,,
2025-08-17T07:00:00+03:00,Istanbul (Turkey),41.015278,29.025,33,pm25,33,16,4.6,1.4,13.8,24.6,22.5,74.8,1002.2,4.1,,17.8
2025-08-17T12:00:00+07:00,Hanoi,21.0491,105.8831,53,pm25,53,47,15,10,4,17,31,70,1008,2.5,,25
2025-08-17T12:00:00+07:00,Bangkok,13.7563309,100.5017651,43,pm25,43,27,0.6,0.6,0.1,4.8,30,70,1010,2.5,,
2025-08-17T11:00:00+05:30,Delhi,28.6341,77.2005,107,pm25,107,60,5.6,2.8,6.4,21.1,29.125,83.82499999999999,986.7,0.4,,27
2025-08-17T11:00:00+05:30,Mumbai,19.0863,72.8888,76,pm25,76,40,1.4,14.9,0.9,11.6,26,99.92,1000.39,43.01,11.8,24
2025-08-17T14:00:00+09:00,Seoul,37.566535,126.9779692,30,o3,25,12,5.8,4.8,2.3,29.8,31.3,63.7,1004.1,2,,
2025-08-17T13:00:00+08:00,Beijing,39.954592,116.468117,46,o3,46,17,2.8,2.6,5.5,46.3,31,62,1012,2.5,,
2025-08-17T13:00:00+08:00,Shanghai,31.2047372,121.4489017,55,pm25,55,18,3.2,4.1,4.6,23.2,36,47,1012,4.6,,
2025-08-17T13:00:00+09:00,Shinjuku (Tokyo),35.713889,139.705556,38,pm25,38,13,4.7,1.5,2.3,19.2,33.8,62,1009.4,4.6,,25.5
2025-08-17T14:00:00+09:00,Osaka,34.6937378,135.5021651,63,pm25,63,36,9.3,7.2,0.1,48.8,33.8,62,1014,4.6,,
2025-08-17T07:00:00+02:00,Frankfurt,50.075464,8.576305,29,pm25,29,13,,0.5,0.1,22.3,15,72,1021,4.6,11.3,10
2025-08-17T07:00:00+02:00,Hamburg,53.564486,9.96834,34,pm25,34,18,1,1.6,0.1,23.2,14.5,84.5,1020,2.3,,12
2025-08-17T13:00:00+08:00,Wuhan,30.593099,114.305393,50,pm25,50,26,6.4,2.6,5.5,,36,53,1009,0.5,,
2025-08-17T07:00:00+02:00,Warsaw (Poland),52.225171,21.014783,39,pm25,39,14,10.2,2,0.1,12,15,87,1015,2,8.7,13
2025-08-17T11:00:00+05:30,Bangalore (India),13.0270199,77.494094,68,pm25,68,56,7,1.2,3.8,9.1,21.5,93.2,951.0150000000001,0.885,,20
2025-08-17T11:00:00+05:30,Chennai (India),13.1278,80.2642,88,pm25,88,53,6.9,0.8,6.5,,29.307499999999997,70.745,82730.525,1.4125,10.2,25
2025-08-16T22:00:00-07:00,Phoenix,33.403055555556,-112.07527777778,22,o3,17,16,4.7,,1.2,22.4,36,15,1011.5,3.6,7.7,6
2025-08-16T22:00:00-06:00,Denver,39.732146,-105.015317,17,pm25,17,7,6.4,0.6,4.4,16.3,26.1111,44.3,1019.5,3,5,
2025-08-17T14:00:00+09:00,Gyeonggi,37.4112,127.2579,30,o3,13,14,5.1,3,2.6,29.6,31,58,1015.2,3,0.5,22
2025-08-17T13:00:00+09:00,Nagoya,35.1814464,136.906398,76,pm25,76,27,4.7,1.5,3.4,44,36.6,50,1012.5,2.9,,
2025-08-17T14:00:00+09:00,Fukuoka,33.5903547,130.4017155,30,pm25,30,20,4.7,1.5,2.3,28.9,33.5,61.3,1015,6.1,,
2025-08-17T13:00:00+09:00,Kawasaki,35.5309058,139.7030511,50,pm25,50,24,2.8,1.5,2.3,30.4,34,62,1012,7.9,,
2025-08-17T13:00:00+08:00,Shenzhen,22.543099,114.057868,46,pm25,46,24,6.9,5.1,7.3,32.5,32,88,1009.3,4.7,,
2025-08-17T13:00:00+08:00,Zhongshan (Taiwan),25.062361,121.526528,14,pm10,13,14,3.8,0.8,1.7,9.5,35,49,1010,4.8,12.3,23
2025-08-17T13:00:00+08:00,Chongqing,29.56301,106.551557,53,pm25,53,16,2.3,3.6,3.7,36.2,35,49,1009,2.5,,
2025-08-17T08:00:00+03:00,Istanbul (Turkey),41.015278,29.025,34,pm25,34,16,4.9,1.5,13.7,24.6,25.2,72.9,1001.7,6.6,,20
2025-08-17T13:00:00+07:00,Hanoi,21.0491,105.8831,51,pm25,51,44,16,10,5,19,31,68,1008,2.8,,24.5
2025-08-17T12:00:00+05:30,Delhi,28.6341,77.2005,99,pm25,99,52,6.2,3.1,7.3,25.9,29.775,79.475,986.65,0.3,,27
2025-08-17T12:00:00+05:30,Mumbai,19.0863,72.8888,79,pm25,79,44,1.8,14.9,1.6,11.5,27,99.92,1000.2924999999999,7.939999999999999,11.8,25
2025-08-17T15:00:00+09:00,Seoul,37.566535,126.9779692,28,o3,25,13,5.7,4.9,2.8,27.8,31.9,58,1003.6,3.6,,
2025-08-17T14:00:00+08:00,Beijing,39.954592,116.468117,46,o3,42,16,2.8,2.6,5.5,46.3,32,62,1011,1.5,,
2025-08-17T14:00:00+08:00,Shanghai,31.2047372,121.4489017,53,pm25,53,18,2.8,4.6,4.6,23.2,36,44,1012,4.6,,
2025-08-17T14:00:00+09:00,Shinjuku (Tokyo),35.713889,139.705556,38,pm25,38,14,3.8,1.5,2.3,19.2,34,59.9,1008.8,5.6,,25.1
2025-08-17T04:00:00+02:00,Paris,48.856614,2.3522219,56,pm25,56,18,3.5,0.6,0.1,19.5,17.2,77.7,1023.3,1.7,,
2025-08-17T05:00:00+01:00,London,51.5073509,-0.1277583,34,pm25,34,15,3.5,0.3,0.8,20.6,11.6,86.6,1026.7,1,,
2025-08-17T08:00:00+02:00,Frankfurt,50.075464,8.576305,28,pm25,28,13,,0.5,0.1,22.6,15,72,1021,4.3,11.3,10
2025-08-17T08:00:00+02:00,Hamburg,53.564486,9.96834,34,pm25,34,19,1,1.6,0.1,23.2,15.5,79.5,1020,2.5,,12
2025-08-17T14:00:00+08:00,Wuhan,30.593099,114.305393,50,pm25,50,21,9.2,3.6,4.6,,37,50,1008,0.5,,
2025-08-17T08:00:00+02:00,Warsaw (Poland),52.225171,21.014783,37,pm25,37,14,7.8,2,0.1,12,17,77,1015,2,8.7,13
2025-08-17T15:00:00+09:30,Winnellie (Australia),-12.424323299931126,130.89335024356842,17,o3,15,8,1.2,1.1,4.7,17,31.9,16.9,1008.8,6.9799999999999995,,3.8
2025-08-17T12:00:00+05:30,Bangalore (India),13.0270199,77.494094,56,pm10,45,56,7.2,2.4,3.8,9.4,21.5,93.25,950.9225000000001,0.9099999999999999,,20
2025-08-17T12:00:00+05:30,Chennai (India),13.1278,80.2642,109,pm25,109,53,4.4,0.4,5.5,,29.284999999999997,67.30000000000001,82718.85,1.2975,10.2,25
2025-08-17T00:00:00-04:00,Georgia,33.68797,-84.29048,48,pm25,48,41,10,0.2,4.6,1.6,22.7,61,1016.6,0.2,0.3,
2025-08-16T23:00:00-07:00,Phoenix,33.403055555556,-112.07527777778,22,o3,13,16,4.7,,1.2,22.4,35,16,1011.8,3.6,7.7,6
2025-08-17T12:00:00+05:30,Hyderabad (India),17.417094,78.457437,121,pm25,121,66,5,6.7,3.8,10,27,72.3825,1005,2.3649999999999998,10.2,22
2025-08-17T15:00:00+09:00,Gyeonggi,37.4112,127.2579,32,o3,13,11,5,3.2,2.5,32.2,32,55,1014.5,3.6,0.5,22
2025-08-17T14:00:00+09:00,Nagoya,35.1814464,136.906398,82,pm25,82,24,3.8,1.5,3.4,40,37.7,46,1012.4,3.7,,
2025-08-17T15:00:00+09:00,Fukuoka,33.5903547,130.4017155,30,pm25,30,15,5.6,1.5,2.3,29.6,32,66,1014,5.6,,
2025-08-17T14:00:00+09:00,Kawasaki,35.5309058,139.7030511,42,pm25,42,23,5.6,1.5,2.3,30.4,32,66,1011.5,7.9,,
2025-08-17T14:00:00+08:00,Shenzhen,22.543099,114.057868,50,pm25,50,30,8.3,4.6,6.4,32.9,31,88.2,1008.9,3.7,,
2025-08-17T14:00:00+08:00,Zhongshan (Taiwan),25.062361,121.526528,34,pm25,34,15,3.8,0.8,1.6,10.8,35,51,1010,5.6,12.3,23.5
2025-08-17T14:00:00+08:00,Chongqing,29.56301,106.551557,50,pm25,50,12,2.3,4.1,3.7,35,36,44,1009,2.5,,
2025-08-17T09:00:00+03:00,Istanbul (Turkey),41.015278,29.025,34,pm25,34,16,4.7,1.5,13.5,26.1,24.1,79.8,1001.8,7.2,,20.4
2025-08-17T14:00:00+07:00,Hanoi,21.0491,105.8831,49,pm25,49,41,14,10,4,21,32,70,1006,4.6,,26
2025-08-17T14:00:00+07:00,Bangkok,13.7563309,100.5017651,48,pm25,48,16,0.6,0.6,0.1,4.8,31.1,65.6,1007,3.8,,
2025-08-17T16:00:00+09:00,Seoul,37.566535,126.9779692,30,pm25,30,13,6.8,4.9,3,23.3,31.1,59.9,1003.4,2.5,,
2025-08-17T15:00:00+08:00,Beijing,39.954592,116.468117,47,o3,46,17,2.8,2.6,6.4,47.2,32,62,1011,1.5,,
2025-08-17T15:00:00+08:00,Shanghai,31.2047372,121.4489017,55,pm25,55,23,2.8,4.6,4.6,21.2,36,41,1011,5.6,,
2025-08-17T15:00:00+09:00,Shinjuku (Tokyo),35.713889,139.705556,46,pm25,46,18,3.8,1.5,2.3,19.2,33.4,61.9,1008.8,5.1,,25.1
2025-08-17T15:00:00+09:00,Osaka,34.6937378,135.5021651,68,pm25,68,25,10.2,7.2,2.3,48.8,34,59,1013,5.1,,
2025-08-17T05:00:00+02:00,Paris,48.856614,2.3522219,46,pm25,46,21,6.2,0.6,0.1,25.3,17.5,75.6,1023.5,2,,
2025-08-17T06:00:00+01:00,London,51.5073509,-0.1277583,435,pm25,435,279,6.9,0.5,1,14.6,14.1,81.5,1026.6,2.7,,
2025-08-17T09:00:00+02:00,Warsaw (Poland),52.225171,21.014783,36,pm25,36,14,6.4,2,0.1,12,18,72,1015,4.1,8.7,13
2025-08-17T16:00:00+09:30,Winnellie (Australia),-12.424323299931126,130.89335024356842,67,pm25,67,25,1.5,1.1,4.7,18.2,31.9,17,1008.8,5,,3.8
2025-08-17T01:00:00-04:00,Georgia,33.68797,-84.29048,50,pm25,50,44,6.5,0.2,4.5,0.8,22.2,59.4,1016.3,0.2,2.6,
2025-08-17T00:00:00-07:00,Phoenix,33.403055555556,-112.07527777778,23,pm25,23,17,4.7,,1.2,21.6,35,16,1012.1,3.6,7.7,6
2025-08-16T23:00:00-06:00,Denver,39.732146,-105.015317,16,o3,13,6,7.4,0.6,5.7,15.9,25,53.7,1020.1,4,7.7,
2025-08-17T16:00:00+09:00,Gyeonggi,37.4112,127.2579,36,o3,5,12,6.5,3.2,2.7,36,32,55,1014.5,3.6,0.5,22
2025-08-17T15:00:00+09:00,Nagoya,35.1814464,136.906398,74,pm25,74,19,4.7,1.5,2.3,32.8,38.3,44,1012.3,4.2,,
2025-08-17T16:00:00+09:00,Fukuoka,33.5903547,130.4017155,28,o3,25,8,9.3,1.5,3.4,28.1,32,66,1015,4.1,,
2025-08-17T16:00:00+09:00,Kawasaki,35.5309058,139.7030511,26,o3,1,23,6.5,1.5,2.3,26.4,31,70,1012,8.7,,
2025-08-17T15:00:00+08:00,Zhongshan (Taiwan),25.062361,121.526528,21,pm25,21,8,3.8,0.8,1.5,11.6,35,51,1009.5,5.9,12.3,23.5
2025-08-17T15:00:00+08:00,Chongqing,29.56301,106.551557,38,pm25,38,11,1.9,4.1,3.7,30.5,35,44,1008,2.5,,
2025-08-17T10:00:00+03:00,Istanbul (Turkey),41.015278,29.025,35,pm25,35,17,3.2,1.6,13.5,28.8,24.1,79.8,1001.8,7.2,,20.4
2025-08-17T15:00:00+07:00,Hanoi,21.0491,105.8831,38,pm25,38,36,16,10,5,20,32,70,1005,3,,26
2025-08-17T14:00:00+05:30,Delhi,28.6341,77.2005,153,pm25,153,62,5,3.6,7.3,28.2,30.75,78.775,985.925,0.45,,27
2025-08-17T14:00:00+05:30,Mumbai,19.0863,72.8888,85,pm25,85,50,1.6,14.8,1.2,11.6,27,99.92,999.8433333333334,29.00666666666667,9.7,26
2025-08-17T17:00:00+09:00,Seoul,37.566535,126.9779692,34,pm25,34,16,7.3,5,3.2,24.1,31,62.9,1002.9,3,,
2025-08-17T16:00:00+08:00,Beijing,39.954592,116.468117,55,o3,53,20,3.2,2.6,7.3,55.2,31,66,1010,2.5,,
2025-08-17T16:00:00+08:00,Shanghai,31.2047372,121.4489017,61,pm25,61,27,2.8,4.1,3.7,23.2,36,44,1011,5.6,,
2025-08-17T16:00:00+09:00,Shinjuku (Tokyo),35.713889,139.705556,50,pm25,50,15,4.7,1.5,2.3,19.2,33,62.9,1008.9,4.6,,25
2025-08-17T17:00:00+09:00,Osaka,34.6937378,135.5021651,65,pm25,65,55,10.2,5.8,0.1,47.2,32.2,66,1014,4.1,,
2025-08-17T06:00:00+02:00,Paris,48.856614,2.3522219,56,pm25,56,18,10.5,0.6,0.1,19.5,18.3,71.5,1023.4,1.2,,
2025-08-17T08:00:00+01:00,London,51.5073509,-0.1277583,351,pm25,351,177,4.6,0.6,1,17.9,18.7,67.1,1026.6,6.3,,
2025-08-17T10:00:00+02:00,Frankfurt,50.075464,8.576305,27,pm25,27,12,,0.5,0.1,25.7,17,61,1021,5.1,11.3,9.5
2025-08-17T10:00:00+02:00,Hamburg,53.564486,9.96834,24,o3,34,19,1,1.6,0.1,24.4,17.5,74.5,1020,3.3,,13
2025-08-17T10:00:00+03:00,Moscow,55.791842,37.578405,30,pm25,30,12,17,0.4,5.7,16.8,18.8,55,1006.2,7,10,
2025-08-17T16:00:00+08:00,Wuhan,30.593099,114.305393,55,pm25,55,15,13.8,2.1,4.6,,37,56,1008,0.5,,
2025-08-17T10:00:00+02:00,Warsaw (Poland),52.225171,21.014783,34,pm25,34,14,6.4,2,0.1,12,20,60,1015,5.6,8.7,12
2025-08-17T17:00:00+09:30,Winnellie (Australia),-12.424323299931126,130.89335024356842,89,pm25,89,32,1.5,0.9,6.2,14,32.3,42.6,1008.7,9.98,,4.2
2025-08-17T13:00:00+05:30,Bangalore (India),13.0270199,77.494094,82,pm25,82,58,7.2,4.5,3.8,9.4,21.5,86.43333333333332,950.5933333333334,0.8833333333333333,,20
2025-08-17T13:00:00+05:30,Chennai (India),13.1278,80.2642,75,pm25,75,40,3.3,0.8,6.2,,29.099999999999998,69.16333333333334,82624,1.28,10.2,25
2025-08-17T02:00:00-04:00,Georgia,33.68797,-84.29048,45,pm25,45,36,8.3,0.2,4.5,0.8,22.2,58.7,1016.1,0.2,1.2,
2025-08-17T01:00:00-07:00,Phoenix,33.403055555556,-112.07527777778,17,o3,15,11,4.7,,1.2,16.8,33,18,1012.1,3.6,7.7,6
2025-08-17T14:00:00+05:30,Hyderabad (India),17.417094,78.457437,130,pm25,130,62,5.2,7.9,3.1,11.4,27,70.07,1004,1.96,10.2,22
2025-08-17T17:00:00+09:00,Gyeonggi,37.4112,127.2579,32,o3,5,12,9.6,3.8,3,31.8,31,62,1014.2,1.5,0.5,23
2025-08-17T16:00:00+09:00,Nagoya,35.1814464,136.906398,87,pm25,87,16,5.6,1.5,3.4,32,36.1,54,1012.4,5,,
2025-08-17T17:00:00+09:00,Fukuoka,33.5903547,130.4017155,30,pm25,30,10,4.7,1.5,3.4,26.4,32,66,1014,3,,
2025-08-17T17:00:00+09:00,Kawasaki,35.5309058,139.7030511,32,o3,1,31,6.5,1.5,2.3,32,30,74,1011,8.7,,
2025-08-17T16:00:00+08:00,Shenzhen,22.543099,114.057868,38,pm25,38,23,11.5,4.6,6.4,24.8,30,85.3,1008.1,5.6,,
2025-08-17T16:00:00+08:00,Zhongshan (Taiwan),25.062361,121.526528,25,pm25,25,13,5.3,0.8,1.7,9.8,34,56,1009,5.4,12.3,24
2025-08-17T16:00:00+08:00,Chongqing,29.56301,106.551557,55,pm25,55,20,1.9,4.1,3.7,30.5,37,42,1007,3.6,,
2025-08-17T11:00:00+03:00,Istanbul (Turkey),41.015278,29.025,34,pm25,34,17,4.1,1.5,13.4,30.1,25.1,77.6,1001.6,7.7,,20.9
2025-08-17T16:00:00+07:00,Hanoi,21.0491,105.8831,33,pm25,33,33,15,9,4,18,33,62,1005,3,,25
2025-08-17T16:00:00+07:00,Bangkok,13.7563309,100.5017651,45,pm25,45,24,0.6,0.6,0.1,4.8,30,62,1006,4.1,,
2025-08-17T15:00:00+05:30,Mumbai,19.0863,72.8888,92,pm25,92,54,1.3,14.9,0.7,11.6,26,99.92,999.5033333333334,28.076666666666668,9.7,25
2025-08-17T18:00:00+09:00,Seoul,37.566535,126.9779692,46,pm25,46,19,7.7,5.2,3.3,27.6,30.9,62.9,1002.7,2.5,,
2025-08-17T17:00:00+08:00,Beijing,39.954592,116.468117,61,pm25,61,24,4.2,2.6,8.2,57.1,31,66,1010,2.5,,
2025-08-17T17:00:00+08:00,Shanghai,31.2047372,121.4489017,65,pm25,65,31,3.7,4.6,3.7,21.2,34,49,1011,5.6,,
2025-08-17T17:00:00+09:00,Shinjuku (Tokyo),35.713889,139.705556,57,pm25,57,25,4.7,1.5,2.3,19.2,31.9,68.2,1009,3.6,,25.3
2025-08-17T18:00:00+09:00,Osaka,34.6937378,135.5021651,57,pm25,57,20,9.3,7.2,0.1,34.4,31,66,1014,2.5,,
2025-08-17T07:00:00+02:00,Paris,48.856614,2.3522219,46,pm25,46,11,12.2,0.6,0.1,20.7,19.7,66,1023.4,3,,
2025-08-17T11:00:00+02:00,Frankfurt,50.075464,8.576305,28,pm25,28,15,,0.5,0.1,26.4,18.5,53.5,1021,5.4,11.3,9
2025-08-17T11:00:00+02:00,Hamburg,53.564486,9.96834,38,pm25,38,19,1,1.6,0.1,25.2,18.5,67.5,1020,3,,12.5
2025-08-17T12:00:00+03:00,Moscow,55.791842,37.578405,34,pm25,34,12,20.6,0.3,7.9,17.2,19.4,45.5,1006,5,11,
2025-08-17T17:00:00+08:00,Wuhan,30.593099,114.305393,59,pm25,59,19,25.2,2.6,4.6,,37,47,1007,2.5,,
2025-08-17T11:00:00+02:00,Warsaw (Poland),52.225171,21.014783,31,pm25,31,14,7,2,0.1,12,21,56,1014,5.1,8.7,12
2025-08-17T18:00:00+09:30,Winnellie (Australia),-12.424323299931126,130.89335024356842,98,pm25,98,36,1.8,1.2,7.4,13.1,28,49,1009.4,6.58,,15.6
2025-08-17T14:00:00+05:30,Bangalore (India),13.0270199,77.494094,69,pm25,69,58,9.3,4.5,3.8,9.3,21.5,84.9,950.46,0.8366666666666666,,20
2025-08-17T14:00:00+05:30,Chennai (India),13.1278,80.2642,67,pm25,67,34,2.7,1.3,4.6,,29.113333333333333,69.07,82586.6,0.9366666666666666,10.2,25
2025-08-17T03:00:00-04:00,Georgia,33.68797,-84.29048,40,pm25,40,28,7.4,0.2,4.5,0.8,22.2,58,1017.4,0.2,2.8,
2025-08-17T02:00:00-07:00,Phoenix,33.403055555556,-112.07527777778,32,pm25,32,16,4.7,,1.2,13.6,33,18,1012.5,2.5,7.7,6
2025-08-17T18:00:00+09:00,Gyeonggi,37.4112,127.2579,33,o3,21,13,7.8,3.6,2.9,33.2,30,70,1013.5,2,0.5,24
2025-08-17T17:00:00+09:00,Nagoya,35.1814464,136.906398,82,pm25,82,24,7.5,2.9,2.3,50.7,35.5,57,1012.5,4.7,,
2025-08-17T18:00:00+09:00,Fukuoka,33.5903547,130.4017155,28,o3,25,13,3.8,1.5,2.3,28.1,32,66,1014,2.5,,
2025-08-17T18:00:00+09:00,Kawasaki,35.5309058,139.7030511,32,o3,1,22,9.3,1.5,3.4,32,30,74,1012,7.2,,
2025-08-17T17:00:00+08:00,Shenzhen,22.543099,114.057868,38,pm25,38,20,10.1,4.6,5.5,22.8,30,89,1008.4,4.7,,
2025-08-17T17:00:00+08:00,Zhongshan (Taiwan),25.062361,121.526528,21,pm25,21,11,6.3,0.8,2.2,9.3,33,59,1009,5.6,12.3,24
2025-08-17T17:00:00+08:00,Chongqing,29.56301,106.551557,46,pm25,46,20,2.3,4.1,3.7,30.9,37,39,1007,2.5,,
2025-08-17T17:00:00+07:00,Hanoi,21.0491,105.8831,29,pm25,29,28,18,10,8,14,32.5,64,1005,2.5,,25
2025-08-17T17:00:00+07:00,Bangkok,13.7563309,100.5017651,25,pm25,25,10,0.6,2.7,0.1,4.8,30,81.5,1006,4.6,,
2025-08-17T16:00:00+05:30,Delhi,28.6341,77.2005,112,pm25,112,54,4.8,2.3,5.5,19,23.05,85.85000000000001,986.6500000000001,0.45,,26
2025-08-17T19:00:00+09:00,Seoul,37.566535,126.9779692,50,pm25,50,24,8,5.5,3.6,25.7,30.1,67.8,1002.4,3,,
2025-08-17T18:00:00+08:00,Beijing,39.954592,116.468117,70,pm25,70,29,3.2,2.6,8.2,59.1,30,70,1010,1.5,,
2025-08-17T18:00:00+08:00,Shanghai,31.2047372,121.4489017,76,pm25,76,33,4.2,4.6,3.7,19.9,33,49,1011,5.6,,
2025-08-17T18:00:00+09:00,Shinjuku (Tokyo),35.713889,139.705556,53,pm25,53,25,7.5,1.5,2.3,19.2,30.7,73,1009.3,3,,25.3
2025-08-17T19:00:00+09:00,Osaka,34.6937378,135.5021651,55,pm25,55,48,9.3,5.8,0.1,26.4,30,74,1015,2.5,,
2025-08-17T08:00:00+02:00,Paris,48.856614,2.3522219,48,pm25,48,22,11.6,0.6,0.1,25.7,20.8,62,1023.2,1.5,,
2025-08-17T09:00:00+01:00,London,51.5073509,-0.1277583,323,pm25,323,163,16,0.6,1,18.3,20.7,60.5,1026.6,5,,
2025-08-17T12:00:00+02:00,Frankfurt,50.075464,8.576305,28,o3,26,14,,0.5,0.1,27.8,19.5,48.5,1021,4.3,11.3,8.5
2025-08-17T12:00:00+02:00,Hamburg,53.564486,9.96834,38,pm25,38,19,1,1.6,0.1,25.6,19.5,59.5,1020,2,,11.5
2025-08-17T18:00:00+08:00,Wuhan,30.593099,114.305393,57,pm25,57,19,11.9,2.6,4.6,,36,50,1007,3.6,,
2025-08-17T12:00:00+02:00,Warsaw (Poland),52.225171,21.014783,27,pm25,27,14,8.1,2,0.1,12,21,52,1014,5.6,8.7,11
2025-08-17T15:00:00+05:30,Bangalore (India),13.0270199,77.494094,56,pm10,45,56,8.6,1.7,3.8,9.3,23,93.46666666666665,950.38,0.8633333333333333,,21
2025-08-17T15:00:00+05:30,Chennai (India),13.1278,80.2642,79,pm25,79,31,2.5,1.5,4.5,,29.136666666666667,70.07333333333334,82532.93333333333,0.8233333333333333,10.2,25
2025-08-17T04:00:00-04:00,Georgia,33.68797,-84.29048,37,pm25,37,25,6.1,0.2,4.8,0.8,22,58,1017.7,0.2,1.6,
2025-08-17T03:00:00-07:00,Phoenix,33.403055555556,-112.07527777778,33,pm25,33,15,4.7,,1.2,16,32,21,1012.5,1.5,7.7,7
2025-08-17T15:00:00+05:30,Hyderabad (India),17.417094,78.457437,98,pm25,98,61,5.8,8,2.6,14.9,27,79.77666666666666,1003,2.236666666666667,10.2,23
2025-08-17T02:00:00-06:00,Denver,39.732146,-105.015317,25,pm25,25,11,4.6,0.6,4.1,15.5,21.1111,56.5,1019.6,2,2.9,
2025-08-17T18:00:00+09:00,Nagoya,35.1814464,136.906398,85,pm25,85,29,7.5,1.5,2.3,40,33.8,53,1013.3,3.9,,
2025-08-17T19:00:00+09:00,Fukuoka,33.5903547,130.4017155,42,pm25,42,18,5.6,1.5,2.3,28.1,30.8,72.1,1014,5.1,,
2025-08-17T19:00:00+09:00,Kawasaki,35.5309058,139.7030511,40,pm10,1,40,13,1.5,2.3,29.6,29,79,1012,7.2,,
2025-08-17T18:00:00+08:00,Shenzhen,22.543099,114.057868,34,pm25,34,25,8.7,4.1,8.2,24.8,29,93.5,1008.6,4.6,,
2025-08-17T18:00:00+08:00,Zhongshan (Taiwan),25.062361,121.526528,34,pm25,34,16,6.8,0.9,2.4,6.8,32,62.5,1010,6.1,12.3,24
2025-08-17T18:00:00+08:00,Chongqing,29.56301,106.551557,61,pm25,61,34,1.9,3.6,3.7,32.5,36,41,1007,3.6,,
2025-08-17T12:00:00+03:00,Istanbul (Turkey),41.015278,29.025,35,pm25,35,17,4,1.6,13.4,31.2,26.8,72.3,1001.6,7.7,,21.4
2025-08-17T18:00:00+07:00,Hanoi,21.0491,105.8831,37,pm25,37,30,26,10,18,12,28,83,1006,3,,25
2025-08-17T16:00:00+05:30,Mumbai,19.0863,72.8888,91,pm25,91,54,1.3,14.8,0.6,11.5,26,99.92,999.345,28.189999999999998,9.7,25
2025-08-17T20:00:00+09:00,Seoul,37.566535,126.9779692,53,pm25,53,22,10.4,5.6,4.4,18.6,29.5,69.8,1002.8,2,,
2025-08-17T19:00:00+08:00,Beijing,39.954592,116.468117,89,pm25,89,36,4.2,2.6,9.1,62.3,29,74,1011,1.5,,
2025-08-17T19:00:00+09:00,Shinjuku (Tokyo),35.713889,139.705556,59,pm25,59,27,6.5,1.5,2.3,19.2,29.7,76.8,1009.8,2.5,,25.2
2025-08-17T09:00:00+02:00,Paris,48.856614,2.3522219,43,pm25,43,24,7,0.6,0.1,26.9,20.9,61.6,1023.1,2,,
2025-08-17T10:00:00+01:00,London,51.5073509,-0.1277583,305,pm25,305,154,11.9,0.5,0.7,26.3,22.1,53.6,1026.2,5.2,,
2025-08-17T13:00:00+02:00,Frankfurt,50.075464,8.576305,30,o3,23,12,,0.5,0.1,29.5,21.5,44.5,1021,3.3,11.3,9
2025-08-17T13:00:00+02:00,Hamburg,53.564486,9.96834,38,pm25,38,19,1,1.6,0.1,26.9,21,54,1020,2.3,,11.5
2025-08-17T20:00:00+09:30,Winnellie (Australia),-12.424323299931126,130.89335024356842,63,pm25,63,26,1.5,1,4.9,12,24.1,62,1010.5,2,,15.9
2025-08-17T16:00:00+05:30,Bangalore (India),13.0270199,77.494094,55,pm10,50,55,6.7,0.1,3.8,9.4,23,93.5,950.4166666666666,0.86,,21
2025-08-17T16:00:00+05:30,Chennai (India),13.1278,80.2642,63,pm25,63,36,2.6,1.4,4.2,,29.225,69.62,82510.75,0.6000000000000001,10.2,25
2025-08-17T05:00:00-04:00,Georgia,33.68797,-84.29048,33,pm25,33,20,6.7,0.2,4.5,0.8,21.6,58.8,1017.7,0.2,1.4,
2025-08-17T04:00:00-07:00,Phoenix,33.403055555556,-112.07527777778,19,pm25,19,10,4.7,,1.2,10.4,31,20,1012.5,1.5,7.7,6
2025-08-17T16:00:00+05:30,Hyderabad (India),17.417094,78.457437,104,pm25,104,62,6.6,8.5,2.9,11.9,26.5,76.285,1002.5,2.355,10.2,22.5
2025-08-17T03:00:00-06:00,Denver,39.732146,-105.015317,25,pm25,25,10,4.6,0.6,3.4,13.5,20.5556,58.1,1019.4,2,4.7,
2025-08-17T20:00:00+09:00,Gyeonggi,37.4112,127.2579,46,pm25,46,14,8,3.5,3.4,18.8,28,78,1014.5,1,0.5,24
2025-08-17T19:00:00+09:00,Nagoya,35.1814464,136.906398,74,pm25,74,20,8.4,1.5,2.3,28.1,33.3,54,1013.6,3.7,,
2025-08-17T20:00:00+09:00,Fukuoka,33.5903547,130.4017155,27,o3,25,11,9.3,1.5,2.3,27.2,30.1,70,1015,3,,
2025-08-17T20:00:00+09:00,Kawasaki,35.5309058,139.7030511,27,pm10,1,27,15.8,1.5,3.4,23.3,29,79,1013,7.2,,
2025-08-17T19:00:00+08:00,Zhongshan (Taiwan),25.062361,121.526528,25,pm25,25,13,7.3,0.8,2.5,4.4,30.5,64,1010.5,6.1,12.3,23
2025-08-17T13:00:00+03:00,Istanbul (Turkey),41.015278,29.025,35,pm25,35,17,5.9,1.5,13.4,33.4,26.8,72.3,1001.6,7.7,,21.4
2025-08-17T19:00:00+07:00,Hanoi,21.0491,105.8831,59,pm25,59,43,29,10,21,11,28,78,1006,2.5,,24
2025-08-17T19:00:00+07:00,Bangkok,13.7563309,100.5017651,35,pm25,35,13,0.6,0.6,0.1,4.8,29,69,1007,3,,
2025-08-17T18:00:00+05:30,Delhi,28.6341,77.2005,112,pm25,112,52,8.3,2.5,8.4,14.5,22.7,92,986.3,0.2,,26
2025-08-17T18:00:00+05:30,Mumbai,19.0863,72.8888,88,pm25,88,52,1.5,14.8,0.9,11.6,26.5,99.92,999.3975,27.982499999999998,9.7,25
2025-08-17T21:00:00+09:00,Seoul,37.566535,126.9779692,55,pm25,55,23,12.2,5,3.4,13.6,28.1,76.6,1004.4,1,,
2025-08-17T20:00:00+08:00,Beijing,39.954592,116.468117,99,pm25,99,41,4.6,3.1,10.9,60.4,28,78,1011,1.5,,
2025-08-17T20:00:00+08:00,Shanghai,31.2047372,121.4489017,57,pm25,57,20,4.6,4.1,4.6,19.9,31,62,1013,5.6,,
2025-08-17T20:00:00+09:00,Shinjuku (Tokyo),35.713889,139.705556,61,pm25,61,29,9.3,1.5,3.4,19.2,29.1,80,1010.4,3.6,,25.3
2025-08-17T21:00:00+09:00,Osaka,34.6937378,135.5021651,42,pm25,42,27,8.4,7.2,0.1,24.1,30.3,79,1015,3,,
2025-08-17T11:00:00+02:00,Paris,48.856614,2.3522219,39,pm25,39,23,8.1,0.6,0.1,29.7,23.5,46,1022.5,2,,
2025-08-17T12:00:00+01:00,London,51.5073509,-0.1277583,289,pm25,289,146,13.8,0.5,1,30.6,24.4,43,1025.3,5.2,,
2025-08-17T14:00:00+02:00,Frankfurt,50.075464,8.576305,31,o3,21,11,,0.5,0.1,31.3,22.5,39,1020,3.8,11.3,8
2025-08-17T14:00:00+02:00,Hamburg,53.564486,9.96834,34,pm25,34,19,1,1.6,0.1,28.1,21.5,52.5,1020,2.8,,11.5
2025-08-17T20:00:00+08:00,Wuhan,30.593099,114.305393,59,pm25,59,25,31.1,3.6,5.5,,33,62,1008,1.5,,
2025-08-17T14:00:00+02:00,Warsaw (Poland),52.225171,21.014783,23,pm25,23,12,10.6,2,0.1,12,23,43,1014,6.1,8.7,10
2025-08-17T21:00:00+09:30,Winnellie (Australia),-12.424323299931126,130.89335024356842,44,pm25,44,14,1.4,0.7,4.7,11.9,22.9,64.2,1012,2.99,,15.5
2025-08-17T18:00:00+05:30,Bangalore (India),13.0270199,77.494094,72,pm25,72,51,6.6,2.8,3.8,9.2,22,93.8,950.7,0.92,,20
2025-08-17T18:00:00+05:30,Chennai (India),13.1278,80.2642,75,pm25,75,40,3,1.1,2.9,,29.41,64.64,82587.3,1.09,10.2,25
2025-08-17T06:00:00-04:00,Georgia,33.68797,-84.29048,31,pm25,31,20,4.1,0.2,4.5,0.8,22.4,58.8,1018,0.2,1,
2025-08-17T05:00:00-07:00,Phoenix,33.403055555556,-112.07527777778,20,pm25,20,11,4.7,,2.3,8,31,23,1012.8,1.5,7.7,8
2025-08-17T18:00:00+05:30,Hyderabad (India),17.417094,78.457437,145,pm25,145,69,8.1,10.2,4.8,9.5,26,71.6,1002.5,1.81,10.2,23
2025-08-17T05:00:00-06:00,Denver,39.732146,-105.015317,21,pm25,21,7,3.7,0.6,2.1,11.8,18.8889,59.1,1019.9,5,6.3,
2025-08-17T21:00:00+09:00,Gyeonggi,37.4112,127.2579,38,pm25,38,17,8,3.3,3.4,10.4,27,88,1015.5,1,0.5,25
2025-08-17T20:00:00+09:00,Nagoya,35.1814464,136.906398,53,pm25,53,13,5.6,1.5,2.3,24.8,32.3,56.5,1014.1,4.9,,
2025-08-17T21:00:00+09:00,Fukuoka,33.5903547,130.4017155,34,pm25,34,25,6.5,1.5,3.4,23.3,30.2,74,1015,3,,
2025-08-17T21:00:00+09:00,Kawasaki,35.5309058,139.7030511,29,pm10,1,29,11.2,1.5,3.4,22.4,28,83,1013,5.6,,
2025-08-17T20:00:00+08:00,Shenzhen,22.543099,114.057868,25,pm25,25,20,10.6,4.1,8.2,18.3,27,94.2,1009.6,3,,
2025-08-17T20:00:00+08:00,Zhongshan (Taiwan),25.062361,121.526528,25,pm25,25,8,7.5,0.9,2.5,4.6,29.5,72,1011,5.1,12.3,24
2025-08-17T20:00:00+08:00,Chongqing,29.56301,106.551557,68,pm25,68,36,2.8,2.1,3.7,27.3,34,46,1007,1.5,,
2025-08-17T14:00:00+03:00,Istanbul (Turkey),41.015278,29.025,37,o3,36,18,7.8,1.5,13.4,36.5,25.9,76.3,1001,8.2,,21.4
2025-08-17T20:00:00+07:00,Hanoi,21.0491,105.8831,84,pm25,84,55,24,11,23,11,27,83,1007,2.5,,24
2025-08-17T20:00:00+07:00,Bangkok,13.7563309,100.5017651,50,pm25,50,15,0.6,0.6,0.1,4.8,29,81.2,1008,2.5,,
2025-08-17T19:00:00+05:30,Delhi,28.6341,77.2005,107,pm25,107,60,6.8,2.2,7.7,15.8,22.3,92.125,986.55,0.25,,26
2025-08-17T19:00:00+05:30,Mumbai,19.0863,72.8888,92,pm25,92,54,1.4,14.9,0.7,11.5,27,99.92,999.8766666666667,28.459999999999997,9.7,24
2025-08-17T22:00:00+09:00,Seoul,37.566535,126.9779692,55,pm25,55,27,12.4,5,3.5,11.3,28,77.5,1004.6,1,,
2025-08-17T21:00:00+08:00,Beijing,39.954592,116.468117,99,pm25,99,43,5.5,2.6,10,49.2,28,78,1012,2.5,,
2025-08-17T21:00:00+08:00,Shanghai,31.2047372,121.4489017,50,pm25,50,16,5.1,4.1,4.6,19.9,30,70,1013,4.6,,
2025-08-17T21:00:00+09:00,Shinjuku (Tokyo),35.713889,139.705556,57,pm25,57,31,13.9,1.5,3.4,19.2,28.6,81.9,1010.7,3,,25.2
2025-08-17T22:00:00+09:00,Osaka,34.6937378,135.5021651,34,pm25,34,23,7.5,7.2,0.1,24.8,29.8,79,1015,2,,
2025-08-17T12:00:00+02:00,Paris,48.856614,2.3522219,49,pm25,49,21,9.2,0.6,0.1,34,24.6,40.6,1022,3,,
2025-08-17T15:00:00+02:00,Frankfurt,50.075464,8.576305,31,o3,22,12,,0.5,0.1,30.8,24,38,1020,4.1,11.3,9
2025-08-17T15:00:00+02:00,Hamburg,53.564486,9.96834,34,pm25,34,19,1,1.6,0.1,29.3,22,51,1020,3,,11.5
2025-08-17T21:00:00+08:00,Wuhan,30.593099,114.305393,68,pm25,68,31,27,3.1,6.4,,32,70,1009,1.5,,
2025-08-17T15:00:00+02:00,Warsaw (Poland),52.225171,21.014783,23,pm25,23,11,11.7,2,0.1,12,24,35,1013,5.1,8.7,8
2025-08-17T22:00:00+09:30,Winnellie (Australia),-12.424323299931126,130.89335024356842,57,pm25,57,24,3.9,0.9,5.7,7.8,22.9,72.4,1012,3.79,,15.5
2025-08-17T19:00:00+05:30,Bangalore (India),13.0270199,77.494094,51,pm10,45,51,7.7,3.8,3.8,9.6,22,93.75,950.7574999999999,0.9025,,20
2025-08-17T19:00:00+05:30,Chennai (India),13.1278,80.2642,96,pm25,96,41,3.2,1,3.1,,29.405,67.265,82610.35,1.4999999999999998,11.5,23
2025-08-17T07:00:00-04:00,Georgia,33.68797,-84.29048,28,pm25,28,18,4.2,0.2,4.5,0.8,23.5,56.2,1018.3,0.2,1.4,
2025-08-17T06:00:00-07:00,Phoenix,33.403055555556,-112.07527777778,30,pm25,30,14,4.7,,2.3,5.6,29,26,1013.2,1.5,7.7,8
2025-08-17T19:00:00+05:30,Hyderabad (India),17.417094,78.457437,151,pm25,151,70,8,9.1,4.8,10.8,26,72.89500000000001,1003.5,1.755,10.2,22.5
2025-08-17T06:00:00-06:00,Denver,39.732146,-105.015317,21,pm25,21,7,3.2,0.6,1.8,12.6,18.3333,56.8,1020.4,4,7.6,
2025-08-17T21:00:00+09:00,Nagoya,35.1814464,136.906398,34,pm25,34,13,4.7,1.5,2.3,24.8,31.6,57,1014.2,3.7,,
2025-08-17T22:00:00+09:00,Fukuoka,33.5903547,130.4017155,34,pm25,34,16,12.1,1.5,3.4,17.6,29.2,71.9,1014.1,4.1,,
2025-08-17T22:00:00+09:00,Kawasaki,35.5309058,139.7030511,28,pm10,1,28,13,1.5,3.4,15.2,29,79,1013,5.6,,
2025-08-17T21:00:00+08:00,Shenzhen,22.543099,114.057868,17,pm10,13,17,12.4,4.6,5.5,16.7,27,93.5,1010.1,3.6,,
2025-08-17T21:00:00+08:00,Zhongshan (Taiwan),25.062361,121.526528,25,pm25,25,9,7.5,0.9,2.5,4.2,29,74,1012,4.8,12.3,24
2025-08-17T21:00:00+08:00,Chongqing,29.56301,106.551557,80,pm25,80,36,3.7,1.6,3.7,25.2,33,49,1008,0.5,,
2025-08-17T16:00:00+03:00,Istanbul (Turkey),41.015278,29.025,40,o3,36,18,6.9,1.5,13.4,39.7,25.9,76.3,1001,8.2,,21.4
2025-08-17T21:00:00+07:00,Hanoi,21.0491,105.8831,100,pm25,100,61,26,10,18,11,27,83,1008,2.5,,24
2025-08-17T21:00:00+07:00,Bangkok,13.7563309,100.5017651,62,pm25,62,16,0.6,0.6,0.1,4.8,29,85.2,1008,1,,
2025-08-17T20:00:00+05:30,Delhi,28.6341,77.2005,61,pm25,61,11,7.5,1.7,6.4,18.2,22,92.92500000000001,986.5,0.2,,25
2025-08-17T20:00:00+05:30,Mumbai,19.0863,72.8888,83,pm25,83,48,1.5,14.9,1.1,11.7,27,99.92,1000.57,27.72,9.7,24
2025-08-17T23:00:00+09:00,Seoul,37.566535,126.9779692,65,pm25,65,29,11.6,5.3,3.2,14.2,27.9,78,1004.6,2,,
2025-08-17T22:00:00+08:00,Beijing,39.954592,116.468117,91,pm25,91,41,6,2.1,9.1,42.7,27,83,1012,2.5,,
2025-08-17T22:00:00+08:00,Shanghai,31.2047372,121.4489017,50,pm25,50,18,4.6,4.1,4.6,16.3,30,70,1014,4.6,,
2025-08-17T22:00:00+09:00,Shinjuku (Tokyo),35.713889,139.705556,61,pm25,61,13,14.9,1.5,3.4,19.2,28,83.8,1010.8,2.5,,25
2025-08-17T23:00:00+09:00,Osaka,34.6937378,135.5021651,38,pm25,38,34,9.3,7.2,0.1,26.4,29.2,83,1015,2.5,,
2025-08-17T13:00:00+01:00,London,51.5073509,-0.1277583,267,pm25,267,135,14.7,0.6,1.2,32.9,25,42.8,1025,6.1,,
2025-08-17T16:00:00+02:00,Frankfurt,50.075464,8.576305,31,o3,23,12,,0.5,0.1,31.2,24.5,38,1019.5,4.3,11.3,9.5
2025-08-17T16:00:00+02:00,Hamburg,53.564486,9.96834,34,pm25,34,18,1,1.6,0.1,29.7,22.5,46,1020,3,,10.5
2025-08-17T22:00:00+08:00,Wuhan,30.593099,114.305393,72,pm25,72,40,36.6,3.1,7.3,,31,74,1009,0.5,,
2025-08-17T16:00:00+02:00,Warsaw (Poland),52.225171,21.014783,24,pm25,24,14,12.8,2,0.1,12,23,43,1013,6.1,8.7,10
2025-08-17T23:00:00+09:30,Winnellie (Australia),-12.424323299931126,130.89335024356842,60,pm25,60,21,3,1,5.7,7.3,21,81.8,1012,3,,16.6
2025-08-17T20:00:00+05:30,Bangalore (India),13.0270199,77.494094,50,pm10,45,50,7.3,1.4,3.8,9.3,21,93.7,950.9275,0.88,,20
2025-08-17T20:00:00+05:30,Chennai (India),13.1278,80.2642,81,pm25,81,46,3.2,0.9,11.9,,29.402500000000003,67.8675,82668.925,1.945,11.5,23
2025-08-17T08:00:00-04:00,Georgia,33.68797,-84.29048,26,pm25,26,14,5.4,0.2,3.4,8,29.1,47.6,1017.6,0.2,1.8,
2025-08-17T07:00:00-07:00,Phoenix,33.403055555556,-112.07527777778,36,pm25,36,20,4.7,,2.3,7.3,29,25,1014.2,1.5,7.7,7
2025-08-17T20:00:00+05:30,Hyderabad (India),17.417094,78.457437,132,pm25,132,67,7.7,8.4,4.6,10.1,26,76.1,1004,1.6400000000000001,10.2,22
2025-08-17T07:00:00-06:00,Denver,39.732146,-105.015317,21,pm25,21,7,3.7,0.6,2,11,20,49.3,1020.7,4,6.3,
2025-08-17T23:00:00+09:00,Gyeonggi,37.4112,127.2579,59,pm25,59,22,10,4.2,3.8,10.4,27,83,1015.9,0.5,0.5,24
2025-08-17T22:00:00+09:00,Nagoya,35.1814464,136.906398,38,pm25,38,12,5.6,2.9,3.4,24.8,29.8,60,1008.3,3.2,,
2025-08-17T23:00:00+09:00,Fukuoka,33.5903547,130.4017155,38,pm25,38,19,5.6,1.5,3.4,17.6,29.2,80.5,1015,5.4,,
2025-08-17T22:00:00+08:00,Shenzhen,22.543099,114.057868,19,pm10,13,19,10.6,4.1,5.5,16.7,27,93.5,1010.5,3.6,,
2025-08-17T22:00:00+08:00,Chongqing,29.56301,106.551557,65,pm25,65,27,6.4,1.6,3.7,25.2,33,49,1009,1.5,,
2025-08-17T22:00:00+07:00,Hanoi,21.0491,105.8831,105,pm25,105,64,22,10,8,11,27,88,1008,3,,25
2025-08-17T22:00:00+07:00,Bangkok,13.7563309,100.5017651,50,pm25,50,18,0.6,0.6,0.1,4.8,27,85.2,1008.7,0.5,,
2025-08-17T21:00:00+05:30,Mumbai,19.0863,72.8888,98,pm25,98,58,1.6,14.9,1,11.5,27,99.92,1001.355,29.41,9.7,25
2025-08-18T00:00:00+09:00,Seoul,37.566535,126.9779692,65,pm25,65,29,10.4,5.3,3.2,14.5,27.9,78,1004.6,2,,
2025-08-17T23:00:00+08:00,Beijing,39.954592,116.468117,102,pm25,102,47,6.9,2.6,8.2,42.7,26,88,1012,1.5,,
2025-08-17T23:00:00+08:00,Shanghai,31.2047372,121.4489017,50,pm25,50,15,6,1.6,5.5,17.1,29,74,1014,3.6,,
2025-08-17T23:00:00+09:00,Shinjuku (Tokyo),35.713889,139.705556,55,pm25,55,29,12.1,1.5,2.3,19.2,27.4,87.8,1010.8,1.5,,25.2
2025-08-18T00:00:00+09:00,Osaka,34.6937378,135.5021651,38,pm25,38,18,8.4,8.6,0.1,25.6,28,83,1015,2.5,,
2025-08-17T13:00:00+02:00,Paris,48.856614,2.3522219,53,pm25,53,19,10.6,0.6,0.1,37,26.2,33,1021.1,2.6,,
2025-08-17T14:00:00+01:00,London,51.5073509,-0.1277583,253,pm25,253,128,11.9,0.6,1.2,34.7,25.5,44.8,1024.2,6,,
2025-08-17T17:00:00+02:00,Frankfurt,50.075464,8.576305,32,o3,24,13,,0.5,0.1,31.6,25,38,1019,3.8,11.3,10
2025-08-17T23:00:00+08:00,Wuhan,30.593099,114.305393,70,pm25,70,37,21.1,3.1,6.4,,30,84,1009,0.5,,
2025-08-17T09:00:00-04:00,Georgia,33.68797,-84.29048,29,pm25,29,13,4.9,0.2,3.4,23.3,30.9,43.1,1017,0.3,2.8,
2025-08-17T08:00:00-07:00,Phoenix,33.403055555556,-112.07527777778,44,pm25,44,25,4.7,,2.3,16.8,32,18,1014.5,2,7.7,5
2025-08-17T23:00:00+09:00,Nagoya,35.1814464,136.906398,38,pm25,38,12,5.6,2.9,2.3,21.6,31.1,58,1013.9,2.9,,
2025-08-18T00:00:00+09:00,Fukuoka,33.5903547,130.4017155,38,pm25,38,14,4.7,1.5,3.4,17.6,27,83,1016,3.6,,
2025-08-17T23:00:00+09:00,Kawasaki,35.5309058,139.7030511,53,pm25,53,25,13,1.5,2.3,15.2,29,84,1013,5.4,,
2025-08-17T23:00:00+08:00,Shenzhen,22.543099,114.057868,16,pm10,13,16,11.9,4.6,4.6,16.3,27,97.1,1010.6,3.6,,
2025-08-17T23:00:00+08:00,Zhongshan (Taiwan),25.062361,121.526528,30,pm25,30,7,6.8,0.9,2.5,3.4,28.5,76,1012,5.1,12.3,24
2025-08-17T23:00:00+08:00,Chongqing,29.56301,106.551557,63,pm25,63,25,14.2,1.6,4.6,14.7,32,52,1009,2.5,,
2025-08-17T17:00:00+03:00,Istanbul (Turkey),41.015278,29.025,40,o3,36,18,6.3,1.6,13.4,39.5,24.8,77,1000.7,8.2,,20.5
2025-08-17T23:00:00+07:00,Hanoi,21.0491,105.8831,97,pm25,97,61,19,10,9,11,27,88,1007,3,,25
2025-08-17T23:00:00+07:00,Bangkok,13.7563309,100.5017651,46,pm25,46,15,0.6,0.6,0.1,4.8,28,93.1,1010.2,0.5,,
2025-08-17T22:00:00+05:30,Delhi,28.6341,77.2005,132,pm25,132,60,5.3,3.2,9.3,9.4,21.724999999999998,94,985.9,0.3,,25
2025-08-18T01:00:00+09:00,Seoul,37.566535,126.9779692,63,pm25,63,25,8.8,5.6,3.4,13.7,27.7,79.8,1004.4,1.5,,
2025-08-18T00:00:00+08:00,Beijing,39.954592,116.468117,107,pm25,107,49,6,2.6,9.1,39.4,26,94,1012,1.5,,
2025-08-18T00:00:00+08:00,Shanghai,31.2047372,121.4489017,30,pm25,30,13,4.6,1.6,5.5,15.5,29,79,1013,4.6,,
2025-08-18T00:00:00+09:00,Shinjuku (Tokyo),35.713889,139.705556,53,pm25,53,27,12.1,1.5,2.3,19.2,27.2,88.9,1010.7,0.5,,25.2
2025-08-17T14:00:00+02:00,Paris,48.856614,2.3522219,40,pm25,40,27,10.5,0.6,0.1,36.4,26.7,31.6,1020.7,3.1,,
2025-08-17T15:00:00+01:00,London,51.5073509,-0.1277583,246,pm25,246,125,8.7,0.9,1.5,25.1,25.5,49,1024.1,5.7,,
2025-08-17T18:00:00+02:00,Frankfurt,50.075464,8.576305,31,o3,25,13,,0.5,0.1,31,24.5,41,1019,4.1,11.3,10.5
2025-08-17T18:00:00+02:00,Hamburg,53.564486,9.96834,31,o3,34,18,1,1.6,0.1,30.9,23.5,43.5,1019.5,2.5,,10.5
2025-08-18T00:00:00+08:00,Wuhan,30.593099,114.305393,68,pm25,68,33,17.9,3.6,5.5,,33,59,1009,1.5,,
2025-08-17T18:00:00+02:00,Warsaw (Poland),52.225171,21.014783,22,pm25,22,12,17,2,0.1,12,22,43,1013,5.6,8.7,9
2025-08-18T02:00:00+09:30,Winnellie (Australia),-12.424323299931126,130.89335024356842,81,pm10,78,81,2.6,0.9,5.3,7.3,18.9,88.6,1011.8,3.99,,16.7
2025-08-17T21:00:00+05:30,Bangalore (India),13.0270199,77.494094,77,pm25,77,50,7.1,2.6,3.8,9.4,21,93.63333333333333,951.3166666666666,0.8766666666666666,,20
2025-08-17T21:00:00+05:30,Chennai (India),13.1278,80.2642,46,pm25,46,12,4.2,0.8,5.2,,29.09,67.13666666666666,82791.93333333333,1.5166666666666666,11.5,24
2025-08-17T10:00:00-04:00,Georgia,33.68797,-84.29048,33,pm25,33,12,2.1,0.2,2.4,32.8,31.6,40,1017,0.5,3.5,
2025-08-17T09:00:00-07:00,Phoenix,33.403055555556,-112.07527777778,26,o3,11,10,4.7,,1.2,25.6,33,17,1014.5,2.5,7.7,5
2025-08-17T21:00:00+05:30,Hyderabad (India),17.417094,78.457437,145,pm25,145,65,6.7,7.3,4.3,10.2,24,87.52,1006,1.7366666666666666,10.2,22
2025-08-17T09:00:00-06:00,Denver,39.732146,-105.015317,17,pm25,17,8,3.7,0.6,2.4,14.3,25.5556,33.3,1020.6,3,4.6,
2025-08-18T00:00:00+09:00,Gyeonggi,37.4112,127.2579,53,pm25,53,24,11.6,2.8,4,2.8,27,88,1015.5,0.5,0.5,25
2025-08-18T00:00:00+09:00,Nagoya,35.1814464,136.906398,42,pm25,42,13,6.5,2.9,2.3,23.3,30.9,63,1013.9,3.4,,
2025-08-18T01:00:00+09:00,Fukuoka,33.5903547,130.4017155,34,pm25,34,27,4.7,1.5,2.3,16,27.4,83,1015,3.6,,
2025-08-18T01:00:00+09:00,Kawasaki,35.5309058,139.7030511,26,pm10,1,26,18.6,1.5,2.3,8.8,28,83,1012,5.1,,
2025-08-18T00:00:00+08:00,Zhongshan (Taiwan),25.062361,121.526528,42,pm25,42,9,6.3,0.8,2.4,3.9,28,78,1012,4.1,12.3,24
2025-08-18T00:00:00+08:00,Chongqing,29.56301,106.551557,61,pm25,61,27,15.6,2.1,4.6,11.4,31,58,1009,1.5,,
2025-08-17T18:00:00+03:00,Istanbul (Turkey),41.015278,29.025,40,o3,34,19,6.9,1.5,13.4,40.1,24.3,83.4,1001.1,6.1,,21.3
2025-08-18T00:00:00+07:00,Hanoi,21.0491,105.8831,83,pm25,83,56,18,9,10,18,27,88,1007,2.5,,25
2025-08-17T23:00:00+05:30,Mumbai,19.0863,72.8888,93,pm25,93,55,1.6,14.9,1.2,11.5,25,99.92,1002.3566666666666,30.063333333333333,9.7,24
2025-08-18T02:00:00+09:00,Seoul,37.566535,126.9779692,61,pm25,61,26,9.3,6,3.6,12.8,27.6,81.8,1003.6,2,,
2025-08-18T01:00:00+08:00,Beijing,39.954592,116.468117,104,pm25,104,52,6.4,2.6,9.1,36.6,26,94,1011,1.5,,
2025-08-18T01:00:00+08:00,Shanghai,31.2047372,121.4489017,25,pm25,25,12,5.1,1.6,5.5,13.5,29,79,1013,3.6,,
2025-08-18T01:00:00+09:00,Shinjuku (Tokyo),35.713889,139.705556,55,pm25,55,18,12.1,1.5,2.3,19.2,27,91,1010.3,1,,25.4
2025-08-18T01:00:00+09:00,Osaka,34.6937378,135.5021651,35,pm10,34,35,7.5,8.6,5.6,23.3,29,88,1015,3,,
2025-08-17T16:00:00+02:00,Paris,48.856614,2.3522219,37,o3,28,22,10.5,0.6,0.1,37,26.7,30.8,1020.7,3.2,,
2025-08-17T16:00:00+01:00,London,51.5073509,-0.1277583,246,pm25,246,125,12.8,1.1,1.8,21.4,24.7,51.7,1024,6.6,,
2025-08-17T19:00:00+02:00,Frankfurt,50.075464,8.576305,30,o3,23,11,,0.5,0.1,29.7,23.5,45,1019,5.6,11.8,11
2025-08-17T19:00:00+02:00,Hamburg,53.564486,9.96834,29,o3,34,18,1,1.6,0.1,29.3,23,38,1020,3.6,,8
2025-08-18T01:00:00+08:00,Wuhan,30.593099,114.305393,68,pm25,68,39,16,3.6,6.4,,32,66,1009,2.5,,
2025-08-17T19:00:00+02:00,Warsaw (Poland),52.225171,21.014783,22,pm25,22,13,15,2,0.1,12,22,40,1014,6.1,8.7,8
2025-08-18T03:00:00+09:30,Winnellie (Australia),-12.424323299931126,130.89335024356842,62,pm25,62,19,2.1,1.2,5.9,8.7,20,61,1011.8,4.59,,15.6
2025-08-17T22:00:00+05:30,Bangalore (India),13.0270199,77.494094,97,pm25,97,51,7.7,2,3.8,9.4,21,93.7,951.4699999999999,0.8733333333333334,,19
2025-08-17T22:00:00+05:30,Chennai (India),13.1278,80.2642,62,pm25,62,12,4.1,0.8,4.4,,29.05,66.99,82804.3,1.865,11.5,24
2025-08-17T11:00:00-04:00,Georgia,33.68797,-84.29048,37,pm25,37,14,0.9,0.2,2.3,36.8,33.4,37.2,1016.8,0.4,5.8,
2025-08-17T10:00:00-07:00,Phoenix,33.403055555556,-112.07527777778,27,o3,8,5,4.7,,1.2,27.2,34,16,1014.2,2.5,7.7,5
2025-08-17T22:00:00+05:30,Hyderabad (India),17.417094,78.457437,156,pm25,156,71,6.2,6.8,2.8,12.2,24,94.71333333333332,1006,1.3399999999999999,10.2,22
2025-08-17T10:00:00-06:00,Denver,39.732146,-105.015317,17,pm25,17,9,3.2,0.6,1.9,14.3,28.3333,27,1020.4,4,7,
2025-08-18T01:00:00+09:00,Gyeonggi,37.4112,127.2579,70,pm25,70,24,11.6,2.8,3.9,2.8,26,94,1014.8,1.5,0.5,25
2025-08-18T01:00:00+09:00,Nagoya,35.1814464,136.906398,46,pm25,46,13,4.7,2.9,2.3,21.6,30,64,1014.1,3.3,,
2025-08-18T02:00:00+09:00,Fukuoka,33.5903547,130.4017155,38,pm25,38,15,4.7,1.5,2.3,16,27.4,83,1015,2,,
2025-08-18T02:00:00+09:00,Kawasaki,35.5309058,139.7030511,26,pm10,1,26,20.4,1.5,2.3,6.4,28,83,1013,2.5,,
2025-08-18T00:00:00+08:00,Shenzhen,22.543099,114.057868,17,o3,13,17,13.3,4.6,5.5,17.1,27,92,1009,2.5,,
2025-08-18T01:00:00+08:00,Zhongshan (Taiwan),25.062361,121.526528,21,pm25,21,7,5,0.9,1.7,4.5,28,78,1012,4.6,12.3,24
2025-08-18T01:00:00+08:00,Chongqing,29.56301,106.551557,70,pm25,70,30,16,2.1,4.6,11,31,55,1009,1.5,,
2025-08-17T19:00:00+03:00,Istanbul (Turkey),41.015278,29.025,41,o3,34,19,7.1,1.5,13.6,40.5,24.1,85.4,1001.2,5.6,,21.5
2025-08-18T01:00:00+07:00,Hanoi,21.0491,105.8831,72,pm25,72,52,11,9,3,19,27,88,1007,2,,25
2025-08-18T01:00:00+07:00,Bangkok,13.7563309,100.5017651,53,pm25,53,21,0.6,0.6,0.1,4.8,27.5,75.6,1010.3,0.5,,
2025-08-18T00:00:00+05:30,Delhi,28.6341,77.2005,124,pm25,124,59,6.2,2,5.5,15,22,94.425,986.6,0.275,,26
2025-08-18T03:00:00+09:00,Seoul,37.566535,126.9779692,65,pm25,65,23,9,5.6,3,12.8,27.4,82.7,1003.6,1.5,,
2025-08-18T02:00:00+08:00,Beijing,39.954592,116.468117,122,pm25,122,51,11,3.6,9.1,33.3,26,88,1011,1.5,,
2025-08-18T02:00:00+08:00,Shanghai,31.2047372,121.4489017,30,pm25,30,11,5.5,1.6,5.5,12.2,29,79,1012,3.6,,
2025-08-18T02:00:00+09:00,Shinjuku (Tokyo),35.713889,139.705556,38,pm25,38,18,8.4,1.5,2.3,19.2,27.9,85.3,1010.4,2,,25.2
2025-08-18T03:00:00+09:00,Osaka,34.6937378,135.5021651,46,pm25,46,27,7.5,7.2,0.1,19.2,28.5,83,1016,2,,
2025-08-17T17:00:00+02:00,Paris,48.856614,2.3522219,35,o3,25,23,16.6,0.6,0.1,35.1,25.8,29.7,1020.4,2.5,,
2025-08-17T17:00:00+01:00,London,51.5073509,-0.1277583,246,pm25,246,125,11.9,1.1,1.8,21.4,23.5,56.4,1023.8,6.2,,
2025-08-17T20:00:00+02:00,Frankfurt,50.075464,8.576305,27,o3,15,9,,0.5,0.1,27.3,22,49,1019,6.4,11.8,11
2025-08-17T20:00:00+02:00,Hamburg,53.564486,9.96834,28,o3,34,18,1,1.6,0.1,28.1,22,43,1020,2.8,,9
2025-08-18T02:00:00+08:00,Wuhan,30.593099,114.305393,68,pm25,68,34,15.1,3.6,6.4,,30,74,1009,2.5,,
2025-08-17T20:00:00+02:00,Warsaw (Poland),52.225171,21.014783,21,pm25,21,14,20.1,2,0.1,12,21,40,1014,5.1,8.7,7
2025-08-18T00:00:00+05:30,Bangalore (India),13.0270199,77.494094,51,pm10,45,51,8.8,3.6,3.8,9.4,20,93.7,951.45,0.8825000000000001,,19
2025-08-18T00:00:00+05:30,Chennai (India),13.1278,80.2642,999,pm25,999,9,2.7,0.8,3.5,,29.012500000000003,68.3275,82758.82500000001,1.0225,11.5,24
2025-08-17T12:00:00-04:00,Georgia,33.68797,-84.29048,39,o3,39,13,1,0.2,2.3,39.2,33.8,37.8,1017.4,0.6,5.6,
2025-08-17T11:00:00-07:00,Phoenix,33.403055555556,-112.07527777778,31,o3,7,4,4.7,,1.2,31.2,36,13,1013.8,2.5,7.7,4
2025-08-18T00:00:00+05:30,Hyderabad (India),17.417094,78.457437,144,pm25,144,75,5.9,6.1,1.9,10.3,24,95.225,1006,1.8624999999999998,10.2,22
2025-08-18T03:00:00+09:00,Gyeonggi,37.4112,127.2579,74,pm25,74,30,10,2.5,3.8,0.6,26,94,1014.8,1,0.5,25
2025-08-18T02:00:00+09:00,Nagoya,35.1814464,136.906398,38,pm25,38,16,5.6,2.9,2.3,26.4,29.4,67,1014.5,3.4,,
2025-08-18T03:00:00+09:00,Fukuoka,33.5903547,130.4017155,38,pm25,38,14,3.8,1.5,2.3,13.6,26,88,1015,2.5,,
2025-08-18T03:00:00+09:00,Kawasaki,35.5309058,139.7030511,23,pm10,1,23,22.3,2.9,3.4,8,28,83,1013,2.5,,
2025-08-18T01:00:00+08:00,Shenzhen,22.543099,114.057868,16,o3,9,15,12.8,4.6,5.5,16.3,25.5,95.5,1009,5.6,,
2025-08-18T02:00:00+08:00,Zhongshan (Taiwan),25.062361,121.526528,17,pm25,17,9,4.4,0.9,1.3,4.4,27,83,1011,4.1,12.3,24
2025-08-18T02:00:00+08:00,Chongqing,29.56301,106.551557,59,pm25,59,25,12.4,2.6,4.6,13,30,58,1009,2.5,,
2025-08-17T20:00:00+03:00,Istanbul (Turkey),41.015278,29.025,42,o3,36,19,7,1.5,13.7,42.3,23.8,81.8,1001.5,4.6,,20.5
2025-08-18T02:00:00+07:00,Hanoi,21.0491,105.8831,61,pm25,61,45,9,9,2,20,26,88,1007,2,,24
2025-08-18T00:00:00+05:30,Mumbai,19.0863,72.8888,83,pm25,83,48,1.5,14.8,1.1,12.2,25,99.92,1002.365,45.28,9.2,24
2025-08-18T04:00:00+09:00,Seoul,37.566535,126.9779692,61,pm25,61,27,8.8,5.6,2.8,13.1,27.3,84.7,1004,1.5,,
2025-08-18T03:00:00+08:00,Beijing,39.954592,116.468117,107,pm25,107,52,7.4,3.6,8.2,26,25,94,1011,0.5,,
2025-08-18T03:00:00+08:00,Shanghai,31.2047372,121.4489017,13,pm25,13,10,4.6,2.1,5.5,10.6,29,79,1012,3.6,,
2025-08-18T03:00:00+09:00,Shinjuku (Tokyo),35.713889,139.705556,38,pm25,38,35,10.2,1.5,2.3,19.2,28.4,79,1011.2,1.5,,24.4
2025-08-18T04:00:00+09:00,Osaka,34.6937378,135.5021651,46,pm25,46,34,8.4,7.2,0.1,20,28.4,83,1016,2,,
2025-08-17T19:00:00+02:00,Paris,48.856614,2.3522219,35,o3,28,24,16.6,0.6,0.1,35.1,25,32,1020.7,2,,
2025-08-17T21:00:00+02:00,Frankfurt,50.075464,8.576305,26,o3,12,8,,0.5,0.1,26,20.5,54,1019.5,6.4,11.8,11
2025-08-17T21:00:00+02:00,Hamburg,53.564486,9.96834,26,o3,34,18,1.9,1.6,0.1,26,19,54,1020,2,,9.5
2025-08-17T21:00:00+02:00,Warsaw (Poland),52.225171,21.014783,21,pm25,21,17,20.6,2,0.1,12,20,49,1015,7.7,8.7,9
2025-08-18T04:00:00+09:30,Winnellie (Australia),-12.424323299931126,130.89335024356842,80,pm25,80,26,1.8,0.8,6,8.9,20.2,55.4,1012,6.39,,10
2025-08-17T13:00:00-04:00,Georgia,33.68797,-84.29048,40,pm25,40,14,0.9,0.2,2.3,38.4,34.2,32.8,1016.8,1.2,6,
2025-08-17T12:00:00-07:00,Phoenix,33.403055555556,-112.07527777778,39,o3,20,7,4.7,,1.2,39.2,37,12,1013.2,2,7.7,4
2025-08-17T11:00:00-06:00,Denver,39.732146,-105.015317,22,o3,13,6,4.6,0.6,2,21.6,30.5556,22.5,1019.3,2,6.5,
2025-08-18T03:00:00+09:00,Nagoya,35.1814464,136.906398,46,pm25,46,14,6.5,1.5,2.3,26.4,29.4,71.1,1014.7,3.1,,
2025-08-18T04:00:00+09:00,Fukuoka,33.5903547,130.4017155,34,pm25,34,17,4.7,1.5,2.3,11.2,27,88,1015,3.6,,
2025-08-18T04:00:00+09:00,Kawasaki,35.5309058,139.7030511,23,pm10,1,23,20.4,1.5,2.3,12.8,28,83,1013,3.6,,
2025-08-18T02:00:00+08:00,Shenzhen,22.543099,114.057868,16,o3,5,13,10.6,3.6,5.5,16.3,26.1,100,1009,5.6,,
2025-08-18T03:00:00+08:00,Zhongshan (Taiwan),25.062361,121.526528,17,pm25,17,6,4.4,0.9,1.3,4.4,27,78,1011,3.6,12.3,23
2025-08-18T03:00:00+08:00,Chongqing,29.56301,106.551557,63,pm25,63,23,14.7,2.1,4.6,10.2,30,58,1009,2.5,,
2025-08-17T21:00:00+03:00,Istanbul (Turkey),41.015278,29.025,46,o3,39,20,7.4,1.5,13.9,46.2,23.8,81.8,1001.5,4.6,,20.5
2025-08-18T03:00:00+07:00,Hanoi,21.0491,105.8831,46,pm25,46,35,9,9,3,21,25,94,1006,2.5,,24
2025-08-18T03:00:00+07:00,Bangkok,13.7563309,100.5017651,32,pm25,32,15,0.6,0.6,0.1,4.8,28,74,1009,3,,
2025-08-18T02:00:00+05:30,Delhi,28.6341,77.2005,165,pm25,165,61,4,3.5,6.4,12.3,21.875,94.69999999999999,985.925,0.3,,25
2025-08-18T01:00:00+05:30,Mumbai,19.0863,72.8888,78,pm25,78,43,1.5,14.9,1.1,11.5,26,99.92,1001.73,29.525,9.2,25
2025-08-18T05:00:00+09:00,Seoul,37.566535,126.9779692,59,pm25,59,24,8.6,5.3,2.9,13.4,27.3,84.7,1004,1.5,,
2025-08-18T04:00:00+08:00,Beijing,39.954592,116.468117,95,pm25,95,40,7.8,2.1,7.3,29.7,25,94,1011,1.5,,
2025-08-18T04:00:00+08:00,Shanghai,31.2047372,121.4489017,13,pm25,13,10,4.2,1.6,5.5,10.6,29,79,1012,3.6,,
2025-08-18T04:00:00+09:00,Shinjuku (Tokyo),35.713889,139.705556,50,pm25,50,35,10.2,1.5,2.3,19.2,28.4,79,1011.2,1.5,,24.4
2025-08-18T05:00:00+09:00,Osaka,34.6937378,135.5021651,34,pm25,34,17,10.2,7.2,0.1,18.4,28.4,83,1016,1.5,,
2025-08-17T19:00:00+01:00,London,51.5073509,-0.1277583,131,pm10,246,131,12.4,1,1.8,15.7,20.1,69.6,1024.1,5.3,,
2025-08-17T22:00:00+02:00,Frankfurt,50.075464,8.576305,25,o3,10,5,,0.5,0.1,25.4,19.5,57.5,1020,6.6,11.8,11
2025-08-17T22:00:00+02:00,Hamburg,53.564486,9.96834,24,o3,34,19,3.2,1.6,0.1,24,16.5,67.5,1020,1,,10.5
2025-08-18T04:00:00+08:00,Wuhan,30.593099,114.305393,76,pm25,76,29,28.8,4.1,8.2,,31,74,1009,2.5,,
2025-08-17T22:00:00+02:00,Warsaw (Poland),52.225171,21.014783,20,pm25,20,16,18.7,2,0.1,12,19,52,1015,4.1,8.7,9
2025-08-18T01:00:00+05:30,Bangalore (India),13.0270199,77.494094,78,pm25,78,49,7.8,2.9,3.8,9.2,20,93.8,951.025,0.91,,19
2025-08-18T01:00:00+05:30,Chennai (India),13.1278,80.2642,53,pm25,53,9,2.4,0.7,2.4,,29.27,70.785,82638.95,1.435,11.5,24
2025-08-17T14:00:00-04:00,Georgia,33.68797,-84.29048,40,pm25,40,14,0.9,0.2,2.3,38.4,35,33.2,1015.4,0.7,3.8,
2025-08-17T13:00:00-07:00,Phoenix,33.403055555556,-112.07527777778,45,o3,20,3,4.7,,1.2,44.8,38,12,1012.5,3.6,7.7,4
2025-08-18T01:00:00+05:30,Hyderabad (India),17.417094,78.457437,154,pm25,154,78,4.6,6.5,2.6,11.1,24,98.385,1006,2.05,10.2,22
2025-08-17T12:00:00-06:00,Denver,39.732146,-105.015317,22,o3,13,7,6,0.6,3.3,21.6,31.1111,22,1019,3,16,
2025-08-18T05:00:00+09:00,Gyeonggi,37.4112,127.2579,68,pm25,68,29,9.9,2.8,3.9,0.2,26,94,1015.3,0.7,0.5,25
2025-08-18T04:00:00+09:00,Nagoya,35.1814464,136.906398,42,pm25,42,14,6.5,1.5,2.3,24.1,28.3,67,1014.9,2.8,,
2025-08-18T05:00:00+09:00,Fukuoka,33.5903547,130.4017155,42,pm25,42,18,4.7,1.5,2.3,10.4,26.9,88,1016,2.5,,
2025-08-18T05:00:00+09:00,Kawasaki,35.5309058,139.7030511,12,o3,1,10,20.4,1.5,3.4,12.1,27,88,1014,3,,
2025-08-18T03:00:00+08:00,Shenzhen,22.543099,114.057868,21,pm25,21,15,11.9,5.1,4.6,17.1,26.1,100,1009,3.6,,
2025-08-18T04:00:00+08:00,Zhongshan (Taiwan),25.062361,121.526528,21,pm25,21,4,3.5,0.9,1.2,4.9,27,78,1011,1.5,12.3,23
2025-08-18T04:00:00+08:00,Chongqing,29.56301,106.551557,63,pm25,63,22,17,2.1,4.6,7.8,29,65,1009,2.5,,
2025-08-17T22:00:00+03:00,Istanbul (Turkey),41.015278,29.025,47,o3,39,20,7.4,1.5,14.2,46.8,23.5,83.3,1001.8,5.1,,20.5
2025-08-18T04:00:00+07:00,Hanoi,21.0491,105.8831,42,pm25,42,31,9,9,3,19,25,94,1006,2.5,,24
2025-08-18T04:00:00+07:00,Bangkok,13.7563309,100.5017651,52,pm25,52,22,0.6,0.6,0.1,4.8,27,74,1009,2.5,,
2025-08-18T02:00:00+05:30,Mumbai,19.0863,72.8888,80,pm25,80,45,1.5,14.9,1,11.6,25,99.92,1001.28,29.19,9.2,24
2025-08-18T06:00:00+09:00,Seoul,37.566535,126.9779692,61,pm25,61,28,11.3,5.5,2.9,10.3,27.2,85.7,1004.2,1.5,,
2025-08-18T05:00:00+08:00,Beijing,39.954592,116.468117,91,pm25,91,33,6.9,2.1,7.3,26,25,94,1011,2.5,,
2025-08-18T05:00:00+08:00,Shanghai,31.2047372,121.4489017,30,pm25,30,10,4.6,2.1,5.5,10.2,29,79,1013,3.6,,
2025-08-18T05:00:00+09:00,Shinjuku (Tokyo),35.713889,139.705556,46,pm25,46,17,9.3,1.5,2.3,19.2,27.9,77,1011.9,1.5,,23.5
2025-08-17T20:00:00+02:00,Paris,48.856614,2.3522219,36,o3,32,23,22.9,0.6,0.1,35.5,23.7,45,1020.9,1.2,,
2025-08-17T20:00:00+01:00,London,51.5073509,-0.1277583,131,pm10,21,131,10.1,1.1,1.9,13.7,19,74.1,1024.3,7.1,,
2025-08-17T23:00:00+02:00,Frankfurt,50.075464,8.576305,26,o3,9,5,,0.5,0.1,25.7,19,57,1020,6.1,11.8,10.5
2025-08-17T23:00:00+02:00,Hamburg,53.564486,9.96834,30,pm25,30,18,4.2,1.6,0.1,22.8,14.5,81.5,1021,1.2,,11.5
2025-08-18T05:00:00+08:00,Wuhan,30.593099,114.305393,70,pm25,70,28,24.7,4.1,9.1,,30,79,1009,2.5,,
2025-08-17T23:00:00+02:00,Warsaw (Poland),52.225171,21.014783,19,pm25,19,13,14.4,2,0.1,12,18,55,1016,5.1,8.7,9
2025-08-18T06:00:00+09:30,Winnellie (Australia),-12.424323299931126,130.89335024356842,93,pm25,93,33,2.1,1.1,6.7,8.8,19.9,56.099999999999994,1012.5,5.99,,11.1
2025-08-18T02:00:00+05:30,Bangalore (India),13.0270199,77.494094,51,pm25,51,48,7.3,2.9,3.8,9.4,20,93.8,950.9200000000001,0.925,,19
2025-08-18T02:00:00+05:30,Chennai (India),13.1278,80.2642,36,pm25,36,11,2.2,0.5,2.6,,29.255000000000003,69.12,82652.79999999999,1.145,11.5,24
2025-08-17T15:00:00-04:00,Georgia,33.68797,-84.29048,40,pm25,40,13,1.1,0.2,2.3,36.8,34.8,33.4,1014,0.7,1,
2025-08-17T14:00:00-07:00,Phoenix,33.403055555556,-112.07527777778,47,o3,5,4,4.7,,1.2,47.2,38,14,1011.5,2.5,7.7,6
2025-08-18T02:00:00+05:30,Hyderabad (India),17.417094,78.457437,152,pm25,152,72,3.8,6.7,2.9,10.1,24,99.03999999999999,1006,2.175,10.2,22
2025-08-17T14:00:00-06:00,Denver,39.732146,-105.015317,21,o3,13,7,3.7,0.6,1.9,20.8,31.6667,18.6,1018.3,4,7.6,
2025-08-18T06:00:00+09:00,Gyeonggi,37.4112,127.2579,61,pm25,61,24,8.8,2.5,3.8,0.2,26,94,1015.2,2,0.5,25
2025-08-18T05:00:00+09:00,Nagoya,35.1814464,136.906398,38,pm25,38,13,9.3,1.5,2.3,19.2,28.8,68,1015.3,1.7,,
2025-08-18T06:00:00+09:00,Fukuoka,33.5903547,130.4017155,38,pm25,38,16,5.6,1.5,2.3,9.6,26,88,1016,2.5,,
2025-08-18T06:00:00+09:00,Kawasaki,35.5309058,139.7030511,20,pm10,1,20,26,1.5,4.5,8.8,30,85.5,1014,2.8,,
2025-08-18T05:00:00+08:00,Shenzhen,22.543099,114.057868,18,pm10,13,18,4.6,4.1,4.6,16.7,26,98.2,1009.3,3,,
2025-08-18T05:00:00+08:00,Zhongshan (Taiwan),25.062361,121.526528,21,pm25,21,4,3.2,0.8,1.5,5.1,27,78,1011,2,12.3,23
2025-08-18T05:00:00+08:00,Chongqing,29.56301,106.551557,57,pm25,57,25,12.4,2.1,4.6,11,29,65,1009,1.5,,
2025-08-17T23:00:00+03:00,Istanbul (Turkey),41.015278,29.025,48,o3,39,20,8.1,1.5,14.2,48.1,22.4,90.7,1002.1,2.5,,20.8
2025-08-18T05:00:00+07:00,Hanoi,21.0491,105.8831,44,pm25,44,31,7,9,3,23,25,94,1006,3,,24
2025-08-18T05:00:00+07:00,Bangkok,13.7563309,100.5017651,63,pm25,63,27,0.6,0.6,0.1,4.8,27,74,1009,2,,
2025-08-18T04:00:00+05:30,Delhi,28.6341,77.2005,63,pm25,63,40,2.5,2.3,6.1,17.5,21.775000000000002,94.55,986.6,0.27499999999999997,,25
2025-08-18T04:00:00+05:30,Mumbai,19.0863,72.8888,76,pm25,76,40,1.4,14.9,0.8,11.5,24.5,99.92,1000.9649999999999,28.994999999999997,9.2,24.5
2025-08-18T07:00:00+09:00,Seoul,37.566535,126.9779692,65,pm25,65,30,15,5.5,3.6,8.2,27,85.7,1004.1,2.5,,
2025-08-18T06:00:00+08:00,Beijing,39.954592,116.468117,91,pm25,91,30,11.9,2.6,7.3,25.2,25,94,1011,1.5,,
2025-08-18T06:00:00+08:00,Shanghai,31.2047372,121.4489017,30,pm25,30,11,6,2.1,5.5,9.4,29,79,1013,3.6,,
2025-08-18T06:00:00+09:00,Shinjuku (Tokyo),35.713889,139.705556,46,pm25,46,11,9.3,1.5,2.3,19.2,28.2,77.1,1012.1,1.5,,23.8
2025-08-18T06:00:00+09:00,Osaka,34.6937378,135.5021651,34,pm25,34,23,15.8,7.2,5.6,17.6,28.7,83,1016,1.8,,
2025-08-18T00:00:00+02:00,Frankfurt,50.075464,8.576305,24,o3,9,5,,0.5,0.1,23.6,18.5,61,1020,3.6,11.8,11
2025-08-18T00:00:00+02:00,Hamburg,53.564486,9.96834,30,pm25,30,18,13.8,1.6,0.1,10.6,14,79,1021,2,,10.5
2025-08-18T06:00:00+08:00,Wuhan,30.593099,114.305393,76,pm25,76,36,25.6,3.6,9.1,,30,79,1009,2.5,,
2025-08-18T00:00:00+02:00,Warsaw (Poland),52.225171,21.014783,20,pm25,20,13,13.9,2,0.1,12,17,59,1016,4.1,8.7,9
2025-08-18T07:00:00+09:30,Winnellie (Australia),-12.424323299931126,130.89335024356842,92,pm25,92,33,3.9,1.1,5.7,7.3,19.5,50,1012.9,8.18,,10
2025-08-18T03:00:00+05:30,Bangalore (India),13.0270199,77.494094,67,pm25,67,49,7.9,0.7,3.8,9.4,20,93.8,950.925,0.91,,19
2025-08-18T03:00:00+05:30,Chennai (India),13.1278,80.2642,45,pm25,45,10,2.2,0.6,2.4,,29.24,69.265,82642.85,2.4050000000000002,11.5,24
2025-08-17T16:00:00-04:00,Georgia,33.68797,-84.29048,43,pm25,43,14,1.1,0.2,2.3,41.6,35.1,31.8,1013.7,0.6,5,
2025-08-17T15:00:00-07:00,Phoenix,33.403055555556,-112.07527777778,49,o3,8,5,4.7,,1.2,48.8,38,15,1010.1,1.5,7.2,7
2025-08-18T04:00:00+05:30,Hyderabad (India),17.417094,78.457437,104,pm25,104,66,3,6.5,2.8,10.2,24,99.34333333333332,1006,2.3366666666666664,10.2,22
2025-08-17T15:00:00-06:00,Denver,39.732146,-105.015317,21,o3,13,6,3.7,0.6,2.1,20.8,32.7778,18,1017.6,4,6,
2025-08-18T07:00:00+09:00,Gyeonggi,37.4112,127.2579,55,pm25,55,24,10.1,2.5,4,0.5,27,94,1015.5,1,0.5,26
2025-08-18T06:00:00+09:00,Nagoya,35.1814464,136.906398,38,pm25,38,15,12.1,1.5,2.3,14.5,30.5,61,1015.6,1.6,,
2025-08-18T07:00:00+09:00,Fukuoka,33.5903547,130.4017155,42,pm25,42,19,6.5,1.5,2.3,9.6,26.5,88,1016,2.5,,
2025-08-18T07:00:00+09:00,Kawasaki,35.5309058,139.7030511,62,pm10,1,62,33.4,1.5,3.4,11.2,30,81,1014,1,,
2025-08-18T06:00:00+08:00,Zhongshan (Taiwan),25.062361,121.526528,17,pm25,17,8,3.2,0.9,1.8,2,28,74,1012,1,12.3,23
2025-08-18T06:00:00+08:00,Chongqing,29.56301,106.551557,46,pm25,46,22,10.1,2.6,4.6,11.8,28,74,1009,1.5,,
2025-08-18T06:00:00+07:00,Hanoi,21.0491,105.8831,46,pm25,46,32,8,9,4,27,25,94,1006,3.6,,24
2025-08-18T08:00:00+09:00,Seoul,37.566535,126.9779692,61,pm25,61,29,16.1,5.5,3.9,10.5,27.4,82.7,1004.4,2,,
2025-08-18T07:00:00+08:00,Beijing,39.954592,116.468117,95,pm25,95,27,15.1,2.1,8.2,10.2,25,94,1011,1.5,,
2025-08-18T07:00:00+09:00,Shinjuku (Tokyo),35.713889,139.705556,34,pm25,34,13,8.4,1.5,2.3,19.2,29.4,64.9,1012.3,2,,22.1
2025-08-18T07:00:00+09:00,Osaka,34.6937378,135.5021651,38,pm25,38,20,18.6,7.2,6.7,16,29.1,79,1016,2,,
2025-08-17T21:00:00+02:00,Paris,48.856614,2.3522219,45,pm25,45,21,22.4,0.6,0.1,24.9,21.9,54.2,1020.8,0.7,,
2025-08-17T22:00:00+01:00,London,51.5073509,-0.1277583,34,pm25,34,15,11.3,0.6,1.5,21.6,18.5,74.8,1024.3,5,,
2025-08-18T01:00:00+02:00,Hamburg,53.564486,9.96834,30,pm25,30,18,13.8,1.6,0.1,10.6,13,90,1021,0.7,,11.5
2025-08-18T01:00:00+02:00,Warsaw (Poland),52.225171,21.014783,18,pm25,18,11,8.6,2,0.1,12,16,67,1017,4.1,8.7,10
2025-08-18T08:00:00+09:30,Winnellie (Australia),-12.424323299931126,130.89335024356842,65,pm25,65,26,5.2,1.1,5.3,6.8,21.3,49.8,1015.2,8.96,,9.2
2025-08-18T04:00:00+05:30,Bangalore (India),13.0270199,77.494094,64,pm25,64,50,7.4,2.7,3.8,9.2,20,93.8,951.0466666666666,0.9033333333333333,,19
2025-08-18T04:00:00+05:30,Chennai (India),13.1278,80.2642,55,pm25,55,9,2.7,0.6,3.3,,29.106666666666666,69.22666666666667,82653.93333333333,2.2,11.5,24
2025-08-17T16:00:00-07:00,Phoenix,33.403055555556,-112.07527777778,41,o3,19,9,4.7,,1.2,40.8,39,14,1009.4,4.1,7.2,7
2025-08-17T16:00:00-06:00,Denver,39.732146,-105.015317,22,o3,13,7,5.5,0.6,2.6,22.4,33.3333,19.6,1017.5,4,10,
2025-08-18T07:00:00+09:00,Nagoya,35.1814464,136.906398,46,pm25,46,16,12.1,2.9,2.3,12.8,32.7,57,1015.8,2,,
2025-08-18T08:00:00+09:00,Fukuoka,33.5903547,130.4017155,38,pm25,38,17,8.4,1.5,3.4,12.1,27.5,81.2,1016.5,3,,
2025-08-18T08:00:00+09:00,Kawasaki,35.5309058,139.7030511,17,pm10,1,17,26,1.5,3.4,16,29,79,1015,1,,
2025-08-18T06:00:00+08:00,Shenzhen,22.543099,114.057868,17,o3,13,15,6,4.1,3.7,17.1,26.1,93.2,1009.8,3.6,,
2025-08-18T07:00:00+08:00,Zhongshan (Taiwan),25.062361,121.526528,25,pm25,25,10,4.9,0.9,1.9,2.9,28.5,72,1012,1,12.3,23
2025-08-18T07:00:00+08:00,Chongqing,29.56301,106.551557,57,pm25,57,25,8.3,3.1,4.6,14.7,29,65,1010,0.5,,
2025-08-18T02:00:00+03:00,Istanbul (Turkey),41.015278,29.025,45,o3,42,22,17.6,1.3,14.8,45.1,21.7,92.9,1001.7,1,,20.5
2025-08-18T09:00:00+07:00,Hanoi,21.0491,105.8831,48,pm25,48,37,15,10,6,17,29,83,1007,4.1,,26
2025-08-18T09:00:00+07:00,Bangkok,13.7563309,100.5017651,46,pm25,46,22,1.2,0.6,0.1,4.8,28.6,93,1010,1,,
2025-08-18T07:00:00+05:30,Delhi,28.6341,77.2005,95,pm25,95,53,4.8,3.2,7.1,15.2,22.900000000000002,94.5,986.6333333333333,0.3333333333333333,,26
2025-08-18T07:00:00+05:30,Mumbai,19.0863,72.8888,76,pm25,76,41,1.3,14.9,0.7,11.6,25,99.92,1001.785,42.155,9.2,25
2025-08-18T11:00:00+09:00,Seoul,37.566535,126.9779692,61,pm25,61,29,10.1,5.3,3.9,17.6,29.3,75.9,1004.6,2.5,,
2025-08-18T10:00:00+08:00,Beijing,39.954592,116.468117,55,pm25,55,20,5.5,3.1,7.3,27.7,28,78,1010,1.5,,
2025-08-18T10:00:00+08:00,Shanghai,31.2047372,121.4489017,38,pm25,38,17,5.1,2.1,5.5,12.6,34,56,1013,4.6,,
2025-08-18T10:00:00+09:00,Shinjuku (Tokyo),35.713889,139.705556,34,pm25,34,19,10.2,1.5,2.3,13.6,34.1,50.9,1012.2,1.5,,22.5
2025-08-18T11:00:00+09:00,Osaka,34.6937378,135.5021651,57,pm25,57,17,24.1,8.6,0.1,33.6,33,65,1016,2,,
2025-08-18T00:00:00+02:00,Paris,48.856614,2.3522219,40,pm25,40,22,19.5,0.6,0.1,26.4,19.4,66,1020.5,0.6,,
2025-08-18T01:00:00+01:00,London,51.5073509,-0.1277583,25,pm25,25,11,1.4,0.5,0.8,24.9,17.2,77.3,1024.1,5.4,,
2025-08-18T04:00:00+02:00,Frankfurt,50.075464,8.576305,15,o3,12,6,,0.5,0.1,15.3,15.5,79.5,1020,3.8,11.8,12
2025-08-18T04:00:00+02:00,Hamburg,53.564486,9.96834,17,pm10,30,17,11.9,1.6,0.1,5.3,11,100,1021,1,,11
2025-08-18T05:00:00+03:00,Moscow,55.791842,37.578405,42,pm25,42,12,14.2,0.2,2.1,3.3,13.8,81,1007.6,3.5,5,
2025-08-18T10:00:00+08:00,Wuhan,30.593099,114.305393,80,pm25,80,43,13.3,4.1,8.2,,35,59,1010,2.5,,
2025-08-18T04:00:00+02:00,Warsaw (Poland),52.225171,21.014783,16,pm25,16,8,5.5,2,0.1,12,14,82,1017,4.1,8.7,11
2025-08-18T10:00:00+09:30,Winnellie (Australia),-12.424323299931126,130.89335024356842,43,pm25,43,28,1.5,1.1,4.2,11.9,27,26.4,1014.6,15.575000000000001,,6.4
2025-08-18T07:00:00+05:30,Bangalore (India),13.0270199,77.494094,66,pm25,66,51,7.1,3.9,3.8,9.1,20,93.8,951.3133333333334,0.85,,19
2025-08-18T07:00:00+05:30,Chennai (India),13.1278,80.2642,58,pm25,58,9,2.5,1.7,2.4,,28.876666666666665,69.47000000000001,82820.43333333333,1.4633333333333336,11.5,24
2025-08-17T20:00:00-04:00,Georgia,33.68797,-84.29048,51,pm25,51,19,8.6,0.2,4.5,12.8,28.3,51.3,1014.3,0.3,1,
2025-08-17T19:00:00-07:00,Phoenix,33.403055555556,-112.07527777778,35,o3,15,9,4.7,,1.2,35.2,39,11,1008.4,4.1,8.7,4
2025-08-18T07:00:00+05:30,Hyderabad (India),17.417094,78.457437,92,pm25,92,61,6,5.7,2.5,10,23,94.19,1006,2.2899999999999996,12.8,21
2025-08-17T18:00:00-06:00,Denver,39.732146,-105.015317,22,o3,25,12,10.1,0.6,1.6,22,29.4444,30,1018.6,4,5,
2025-08-18T10:00:00+09:00,Gyeonggi,37.4112,127.2579,57,pm25,57,24,8.2,3.5,3.4,14,31,66,1015.5,4.1,0.5,24
2025-08-18T10:00:00+09:00,Nagoya,35.1814464,136.906398,61,pm25,61,19,9.3,1.5,1.2,32.8,35.5,46,1014.6,2.8,,
2025-08-18T11:00:00+09:00,Fukuoka,33.5903547,130.4017155,53,pm25,53,18,12.1,1.5,3.4,25.6,32,59,1016,2,,
2025-08-18T10:00:00+09:00,Kawasaki,35.5309058,139.7030511,57,pm25,57,41,30.6,1.5,3.4,21.6,35,66,1014.5,1.8,,
2025-08-18T09:00:00+08:00,Shenzhen,22.543099,114.057868,16,o3,13,15,7.8,4.1,9.1,15.9,27.7,90,1011.2,3.6,,
2025-08-18T10:00:00+08:00,Zhongshan (Taiwan),25.062361,121.526528,46,pm25,46,21,10.7,1.5,3.7,29.6,33.5,59,1013,1.5,12.3,24.5
2025-08-18T10:00:00+08:00,Chongqing,29.56301,106.551557,68,pm25,68,30,6.4,4.1,5.5,30.9,32,59,1011,3.6,,
2025-08-18T05:00:00+03:00,Istanbul (Turkey),41.015278,29.025,44,pm25,44,23,19.8,1.3,15,39.5,21.7,92.9,1001.7,0.5,,20.5
2025-08-18T11:00:00+07:00,Hanoi,21.0491,105.8831,57,pm25,57,39,20,10,5,12,30,70,1007,1,,24
2025-08-18T10:00:00+07:00,Bangkok,13.7563309,100.5017651,56,pm25,56,34,0.6,0.6,0.1,4.8,31.2,82.8,1009.5,1.5,,
2025-08-18T09:00:00+05:30,Delhi,28.6341,77.2005,70,pm25,70,59,6.9,3.4,7.6,6.9,24.4,92.19999999999999,985.9,0.35,,26.5
2025-08-18T09:00:00+05:30,Mumbai,19.0863,72.8888,78,pm25,78,43,1.3,14.9,0.6,11.5,25,99.92,1002.97,47.54,9.5,25
2025-08-18T12:00:00+09:00,Seoul,37.566535,126.9779692,65,pm25,65,30,10.6,5.2,3.5,28.2,31.1,64.8,1003.5,3,,
2025-08-18T11:00:00+08:00,Beijing,39.954592,116.468117,61,pm25,61,45,5.1,2.1,7.3,35.4,29,79,1011,2.5,,
2025-08-18T11:00:00+08:00,Shanghai,31.2047372,121.4489017,38,pm25,38,17,3.7,2.1,4.6,20.4,34,56,1013,5.6,,
2025-08-18T12:00:00+09:00,Shinjuku (Tokyo),35.713889,139.705556,53,pm25,53,19,13,1.5,2.3,13.6,36.2,45.9,1011,3,,22.7
2025-08-18T12:00:00+09:00,Osaka,34.6937378,135.5021651,57,pm25,57,28,21.3,7.2,3.4,36.8,34.9,59,1015,3.6,,
2025-08-18T02:00:00+02:00,Paris,48.856614,2.3522219,40,pm25,40,16,7.2,0.6,0.1,26.4,17.8,72.7,1020.3,0.5,,
2025-08-18T03:00:00+01:00,London,51.5073509,-0.1277583,34,pm25,34,18,1.3,0.6,1,19.1,17.2,77.4,1023.6,5.6,,
2025-08-18T05:00:00+02:00,Frankfurt,50.075464,8.576305,17,o3,13,5,,0.5,0.1,16.5,15,82,1020,3.8,11.8,12
2025-08-18T05:00:00+02:00,Hamburg,53.564486,9.96834,16,pm10,30,16,15.6,1.6,0.1,1.7,11,93,1021,0.5,,10
2025-08-18T11:00:00+08:00,Wuhan,30.593099,114.305393,72,pm25,72,32,10.1,3.6,6.4,,36,53,1010,2.5,,
2025-08-18T05:00:00+02:00,Warsaw (Poland),52.225171,21.014783,16,pm25,16,7,7.1,2,0.1,12,14,87,1017,4.1,8.7,12
2025-08-18T12:00:00+09:30,Winnellie (Australia),-12.424323299931126,130.89335024356842,33,pm25,33,19,1.4,1,4.3,12.2,28.8,23,1012.6,17.76,,6.2
2025-08-18T09:00:00+05:30,Bangalore (India),13.0270199,77.494094,53,pm10,50,53,7.9,3.8,3.8,9.4,21,93.8,951.515,0.835,,19
2025-08-18T09:00:00+05:30,Chennai (India),13.1278,80.2642,68,pm25,68,20,4,1,5,,29.165,69.915,82898.70000000001,1.425,11.5,24.5
2025-08-17T21:00:00-04:00,Georgia,33.68797,-84.29048,53,pm25,53,20,15.7,0.2,6,0.8,27.4,54.6,1014.3,0.1,2.2,
2025-08-17T20:00:00-07:00,Phoenix,33.403055555556,-112.07527777778,30,o3,9,10,4.7,,1.2,30.4,38,14,1008.8,5.1,8.7,6
2025-08-18T09:00:00+05:30,Hyderabad (India),17.417094,78.457437,118,pm25,118,65,6.6,8.8,5.7,9,23,86.755,1007,2.16,10.2,21
2025-08-17T21:00:00-06:00,Denver,39.732146,-105.015317,25,pm25,25,16,11.9,0.6,5.7,18.3,27.2222,36.5,1019.8,2,2,
2025-08-18T12:00:00+09:00,Gyeonggi,37.4112,127.2579,46,pm25,46,23,9.2,3.2,3.4,27.6,32,66,1014.5,3.6,0.5,25
2025-08-18T12:00:00+09:00,Nagoya,35.1814464,136.906398,53,pm25,53,16,10.2,1.5,1.2,34.4,37.7,37,1013.4,3.1,,
2025-08-18T12:00:00+09:00,Fukuoka,33.5903547,130.4017155,59,pm25,59,26,13.9,1.5,3.4,32,33.6,57,1015,4.8,,
2025-08-18T12:00:00+09:00,Kawasaki,35.5309058,139.7030511,61,pm25,61,23,34.3,5.8,4.5,35.2,36,64,1013,3.6,,
2025-08-18T11:00:00+08:00,Shenzhen,22.543099,114.057868,53,pm25,53,22,9.2,4.1,7.3,15.1,29,97.1,1011.3,3.6,,
2025-08-18T12:00:00+08:00,Zhongshan (Taiwan),25.062361,121.526528,63,pm25,63,29,15,1.8,4.2,62.7,35,53,1012,2,9.2,24
2025-08-18T11:00:00+08:00,Chongqing,29.56301,106.551557,74,pm25,74,30,6.9,4.1,5.5,43.5,35,46,1011,4.6,,
2025-08-18T06:00:00+03:00,Istanbul (Turkey),41.015278,29.025,52,pm25,52,25,11.6,1.5,14.9,34.2,21.4,95.8,1002,0.5,,20.7
2025-08-18T11:00:00+07:00,Bangkok,13.7563309,100.5017651,51,pm25,51,34,0.6,0.6,0.1,4.8,31.2,82.8,1009.5,1.5,,
2025-08-18T10:00:00+05:30,Delhi,28.6341,77.2005,169,pm25,169,60,8.3,4.3,6.6,14.1,24.725,92.12500000000001,985.9,0.3,,27
2025-08-18T10:00:00+05:30,Mumbai,19.0863,72.8888,78,pm25,78,42,1.4,14.9,0.8,10.1,25,99.92,1003.0050000000001,42.7925,9.5,25
2025-08-18T13:00:00+09:00,Seoul,37.566535,126.9779692,68,pm25,68,32,8.7,5,3,35.4,32.3,62.8,1003,3.6,,
2025-08-18T12:00:00+08:00,Beijing,39.954592,116.468117,57,pm25,57,40,4.2,2.1,6.4,43.5,30,74,1010,2.5,,
2025-08-18T12:00:00+08:00,Shanghai,31.2047372,121.4489017,42,pm25,42,13,3.7,2.1,4.6,20.4,35,53,1012,5.6,,
2025-08-18T13:00:00+09:00,Osaka,34.6937378,135.5021651,61,pm25,61,33,12.1,7.2,0.1,45.6,34.4,59,1014,3.6,,
2025-08-18T03:00:00+02:00,Paris,48.856614,2.3522219,37,pm25,37,15,7.5,0.6,0.1,26.4,17.2,74.3,1020,2,,
2025-08-18T04:00:00+01:00,London,51.5073509,-0.1277583,23,o3,21,10,1.3,0.6,0.6,22.9,16.6,79.8,1023.3,4.2,,
2025-08-18T06:00:00+02:00,Frankfurt,50.075464,8.576305,16,o3,15,7,,0.5,0.1,16,15,82,1020,3.6,11.8,12
2025-08-18T06:00:00+02:00,Hamburg,53.564486,9.96834,16,pm10,30,16,15.6,1.6,0.1,0.9,11,93,1021,1,,10
2025-08-18T12:00:00+08:00,Wuhan,30.593099,114.305393,72,pm25,72,27,5.5,3.1,6.4,,36,53,1009,3.6,,
2025-08-18T06:00:00+02:00,Warsaw (Poland),52.225171,21.014783,20,pm25,20,10,11.3,2,0.1,12,14,87,1017,4.1,8.7,12
2025-08-18T14:00:00+09:30,Winnellie (Australia),-12.424323299931126,130.89335024356842,24,pm25,24,18,1.4,1.1,4.8,13.7,30.4,22,1011.8,10.42,,6.3
2025-08-18T10:00:00+05:30,Bangalore (India),13.0270199,77.494094,62,pm25,62,55,8.6,6.7,3.8,9.3,21.5,93.7,951.55,0.83,,20
2025-08-18T10:00:00+05:30,Chennai (India),13.1278,80.2642,75,pm25,75,29,4.4,0.9,5.8,,29.17,68.75,82891.5,1.36,11.5,25
2025-08-17T22:00:00-04:00,Georgia,33.68797,-84.29048,52,pm25,52,20,12.2,0.2,5.6,0.8,26.4,57,1014.5,0.1,1,
2025-08-17T21:00:00-07:00,Phoenix,33.403055555556,-112.07527777778,23,o3,6,11,4.7,,1.2,23.3,37,14,1009.4,2.5,8.7,6
2025-08-18T10:00:00+05:30,Hyderabad (India),17.417094,78.457437,140,pm25,140,66,6.3,9.8,7.1,10.5,24,86.02,1007,1.85,10.2,22
2025-08-18T13:00:00+09:00,Gyeonggi,37.4112,127.2579,46,pm25,46,23,11,3.2,3.3,36.5,32,62,1014.2,3.6,0.5,24
2025-08-18T13:00:00+09:00,Fukuoka,33.5903547,130.4017155,59,pm25,59,20,13.9,1.5,2.3,28.1,34,61.2,1015,5.1,,
2025-08-18T12:00:00+08:00,Shenzhen,22.543099,114.057868,55,pm25,55,20,11,4.1,7.3,15.9,27.8,89.4,1011,3.6,,
2025-08-18T12:00:00+08:00,Chongqing,29.56301,106.551557,74,pm25,74,26,3.7,3.1,4.6,43.5,35,46,1010,3.6,,
2025-08-18T07:00:00+03:00,Istanbul (Turkey),41.015278,29.025,54,pm25,54,25,19.8,1.6,14.9,28.5,21.5,95.2,1002.6,1,,20.7
2025-08-18T12:00:00+07:00,Hanoi,21.0491,105.8831,49,pm25,49,38,16,9,4,15,30,70,1006,2,,24
2025-08-18T12:00:00+07:00,Bangkok,13.7563309,100.5017651,72,pm25,72,36,0.6,0.6,0.1,4.8,32.5,8.5,1010.1,1,,
2025-08-18T11:00:00+05:30,Delhi,28.6341,77.2005,153,pm25,153,70,5.6,3.3,5.9,15,27.46666666666667,86.36666666666666,986.6666666666666,0.4000000000000001,,26
2025-08-18T11:00:00+05:30,Mumbai,19.0863,72.8888,81,pm25,81,45,1.5,14.9,1.1,11.5,25,99.92,1003.1300000000001,33.806666666666665,9.5,24
2025-08-18T14:00:00+09:00,Seoul,37.566535,126.9779692,65,pm25,65,29,9.1,5.2,3.3,38.4,32.3,62.8,1003,3.6,,
2025-08-18T13:00:00+08:00,Beijing,39.954592,116.468117,50,pm25,50,36,3.7,1.6,5.5,48.4,31,70,1009,3.6,,
2025-08-18T13:00:00+08:00,Shanghai,31.2047372,121.4489017,42,pm25,42,19,3.2,2.1,4.6,22.8,35,49,1012,5.6,,
2025-08-18T13:00:00+09:00,Shinjuku (Tokyo),35.713889,139.705556,57,pm25,57,18,16.7,1.5,4.5,67.4,35.8,48,1010,4.6,,23.1
2025-08-18T14:00:00+09:00,Osaka,34.6937378,135.5021651,61,pm25,61,39,22.3,7.2,2.3,50.7,35.2,59,1013,3,,
2025-08-18T04:00:00+02:00,Paris,48.856614,2.3522219,15,pm10,37,15,8,0.6,0.1,15,16.6,76,1019.7,2,,
2025-08-18T05:00:00+01:00,London,51.5073509,-0.1277583,25,pm25,25,10,2.8,0.3,0.5,21.4,16.6,80.5,1023.1,6,,
2025-08-18T07:00:00+02:00,Frankfurt,50.075464,8.576305,15,pm25,15,6,,0.5,0.1,12.3,15,82,1020,4.1,11.8,12
2025-08-18T07:00:00+02:00,Hamburg,53.564486,9.96834,25,pm25,25,15,16,1.6,0.1,0.9,14,82,1022,0.7,,11
2025-08-18T13:00:00+08:00,Wuhan,30.593099,114.305393,59,pm25,59,17,6,2.6,4.6,,37,50,1009,2.5,,
2025-08-18T07:00:00+02:00,Warsaw (Poland),52.225171,21.014783,21,pm25,21,12,12.9,2,0.1,12,15,82,1018,3.6,8.7,12
2025-08-18T11:00:00+05:30,Bangalore (India),13.0270199,77.494094,56,pm10,45,56,7.4,0.9,3.8,9.2,23,93.62499999999999,951.5050000000001,0.8525,,20.5
2025-08-18T11:00:00+05:30,Chennai (India),13.1278,80.2642,174,pm10,71,174,4.1,1.1,5.4,,29.1775,69.545,82895.9,1.9625000000000001,11.5,25
2025-08-17T23:00:00-04:00,Georgia,33.68797,-84.29048,52,pm25,52,21,12,0.2,5.6,0.8,26.5,56.7,1014.6,0.1,1.7,
2025-08-17T22:00:00-07:00,Phoenix,33.403055555556,-112.07527777778,23,pm25,23,15,4.7,,2.3,12.8,35,16,1009.8,2,8.7,6
2025-08-18T11:00:00+05:30,Hyderabad (India),17.417094,78.457437,120,pm25,120,64,5.7,10.5,6.1,9.1,25,84.32499999999999,1007,2.0999999999999996,10.2,22
2025-08-17T22:00:00-06:00,Denver,39.732146,-105.015317,25,pm25,25,17,11.9,0.6,5.4,10.2,25.5556,47,1019.8,1,1.1,
2025-08-18T13:00:00+09:00,Nagoya,35.1814464,136.906398,53,pm25,53,14,9.3,1.5,1.2,38.4,38.8,34,1012.8,2.5,,
2025-08-18T14:00:00+09:00,Fukuoka,33.5903547,130.4017155,68,pm25,68,22,11.2,2.9,2.3,21.6,33.7,52,1014,5.6,,
2025-08-18T13:00:00+09:00,Kawasaki,35.5309058,139.7030511,67,o3,63,21,21.3,4.3,4.5,67.4,36,57.5,1013,3.7,,
2025-08-18T13:00:00+08:00,Shenzhen,22.543099,114.057868,38,pm25,38,17,8.7,4.1,7.3,16.3,28.3,85,1010,3.6,,
2025-08-18T13:00:00+08:00,Zhongshan (Taiwan),25.062361,121.526528,76,pm25,76,36,13,2.3,4,64.2,32.2,67,1012,2.3,9.2,25.5
2025-08-18T13:00:00+08:00,Chongqing,29.56301,106.551557,53,pm25,53,27,2.8,3.6,4.6,41.1,36,41,1009,4.6,,
2025-08-18T08:00:00+03:00,Istanbul (Turkey),41.015278,29.025,55,pm25,55,26,20.2,1.6,15,24.2,21.9,92.9,1002.8,1,,20.7
2025-08-18T13:00:00+07:00,Hanoi,21.0491,105.8831,41,pm25,41,35,13,10,3,13,28,83,1006,3,,25
2025-08-18T13:00:00+07:00,Bangkok,13.7563309,100.5017651,78,pm25,78,27,0.6,0.6,0.1,4.8,32.7,8.5,1009.4,1,,
2025-08-18T12:00:00+05:30,Delhi,28.6341,77.2005,107,pm25,107,56,7.3,2.5,5.7,23.3,31.4,74.7,986.2,0.4,,26
2025-08-18T12:00:00+05:30,Mumbai,19.0863,72.8888,84,pm25,84,49,1.5,14.9,1,11.6,25,99.92,1003.155,30.630000000000003,9.5,25
2025-08-18T15:00:00+09:00,Seoul,37.566535,126.9779692,65,pm25,65,28,9.5,5.5,2.9,34.1,32.6,55.7,1001.7,4.6,,
2025-08-18T14:00:00+08:00,Beijing,39.954592,116.468117,55,o3,53,37,3.7,1.6,5.5,54.5,31,74,1009,3.6,,
2025-08-18T14:00:00+08:00,Shanghai,31.2047372,121.4489017,38,pm25,38,19,3.7,2.1,4.6,27.7,36,50,1011,4.6,,
2025-08-18T14:00:00+09:00,Shinjuku (Tokyo),35.713889,139.705556,61,pm25,61,18,16.7,1.5,1.2,67.4,35.8,48,1010,4.6,,23.1
2025-08-18T15:00:00+09:00,Osaka,34.6937378,135.5021651,63,pm25,63,30,27.8,7.2,0.1,57.1,35,56,1013,2,,
2025-08-18T06:00:00+02:00,Paris,48.856614,2.3522219,17,pm10,14,17,18.1,0.6,0.1,11.3,17.2,73.5,1020,1.1,,
2025-08-18T06:00:00+01:00,London,51.5073509,-0.1277583,21,pm25,21,13,4.6,0.6,0.8,19.9,16.6,80.8,1023,5.2,,
2025-08-18T08:00:00+02:00,Frankfurt,50.075464,8.576305,20,pm25,20,12,,0.5,0.1,13.8,15.5,79.5,1020,3.8,11.8,12
2025-08-18T08:00:00+02:00,Hamburg,53.564486,9.96834,25,pm25,25,15,13.3,1.6,0.1,6.1,18,67,1022,0.5,,12
2025-08-18T14:00:00+08:00,Wuhan,30.593099,114.305393,57,pm25,57,33,3.2,2.6,4.6,,37,44,1009,2.5,,
2025-08-18T08:00:00+02:00,Warsaw (Poland),52.225171,21.014783,24,pm25,24,14,17.4,2,0.1,12,16,77,1018,4.6,8.7,12
2025-08-18T12:00:00+05:30,Bangalore (India),13.0270199,77.494094,68,pm25,68,55,6.7,3.5,3.8,9.2,23,93.6,951.4549999999999,0.865,,21
2025-08-18T12:00:00+05:30,Chennai (India),13.1278,80.2642,999,pm10,65,999,4.2,1.1,4.8,,29.2125,68.835,82879.25,2.4299999999999997,11.5,25
2025-08-18T00:00:00-04:00,Georgia,33.68797,-84.29048,52,pm25,52,22,11.6,0.2,6.7,0.8,25.6,59.2,1015.6,0.1,0.8,
2025-08-17T23:00:00-07:00,Phoenix,33.403055555556,-112.07527777778,21,pm25,21,16,4.7,,2.3,13.6,34,17,1009.8,2,8.7,6
2025-08-18T12:00:00+05:30,Hyderabad (India),17.417094,78.457437,130,pm25,130,62,6.9,9.2,5.7,9.8,24.5,80.645,1007,2.4850000000000003,10.2,22
2025-08-18T15:00:00+09:00,Gyeonggi,37.4112,127.2579,53,pm25,53,27,11.3,3,3.3,37,32,62,1013.8,3,0.5,24
2025-08-18T14:00:00+09:00,Nagoya,35.1814464,136.906398,82,pm25,82,15,13.9,1.5,1.2,31.2,38.3,35,1012.3,3.2,,
2025-08-18T15:00:00+09:00,Fukuoka,33.5903547,130.4017155,82,pm25,82,34,9.3,2.9,2.3,24.1,33,52,1014,4.1,,
2025-08-18T14:00:00+09:00,Kawasaki,35.5309058,139.7030511,88,o3,61,18,16.7,1.5,2.3,87.9,37,59,1012,3.1,,
2025-08-18T14:00:00+08:00,Shenzhen,22.543099,114.057868,38,pm25,38,17,9.2,4.1,8.2,14.7,29,98.3,1010,3.6,,
2025-08-18T14:00:00+08:00,Zhongshan (Taiwan),25.062361,121.526528,74,pm25,74,36,15,1.5,4,45.7,28.8,83.5,1011.8,3.6,9.2,25.8
2025-08-18T14:00:00+08:00,Chongqing,29.56301,106.551557,42,pm25,42,21,2.3,4.6,4.6,40.7,36,41,1008,3.6,,
2025-08-18T09:00:00+03:00,Istanbul (Turkey),41.015278,29.025,55,pm25,55,26,24.1,1.6,15,24.2,22.5,97.6,1003.3,1,,22.1
2025-08-18T14:00:00+07:00,Hanoi,21.0491,105.8831,37,pm25,37,31,14,9,3,16,30,74,1004,3,,25
2025-08-18T14:00:00+07:00,Bangkok,13.7563309,100.5017651,72,pm25,72,33,0.6,0.6,0.1,4.8,33.5,57.5,1007.4,1,,
2025-08-18T16:00:00+09:00,Seoul,37.566535,126.9779692,74,pm25,74,30,9.4,5.3,2.9,30.5,32.6,55.7,1001.7,4.6,,
2025-08-18T15:00:00+08:00,Beijing,39.954592,116.468117,52,o3,46,31,3.7,1.6,5.5,51.9,32,66,1008,3.6,,
2025-08-18T15:00:00+08:00,Shanghai,31.2047372,121.4489017,50,pm25,50,19,4.2,2.1,3.7,27.7,36,50,1011,4.6,,
2025-08-18T15:00:00+09:00,Shinjuku (Tokyo),35.713889,139.705556,63,pm25,63,24,13.9,1.5,1.2,67.4,36.2,52.1,1009.9,4.6,,24.8
2025-08-18T16:00:00+09:00,Osaka,34.6937378,135.5021651,61,pm25,61,25,22.3,7.2,0.1,52,35,56,1013,3.1,,
2025-08-18T09:00:00+02:00,Frankfurt,50.075464,8.576305,19,pm25,19,8,,0.5,0.1,15.8,17,72,1020,4.1,11.8,12
2025-08-18T09:00:00+02:00,Hamburg,53.564486,9.96834,25,pm25,25,14,11.9,1.6,0.1,11.4,18.5,67.5,1022,0.7,,12.5
2025-08-18T15:00:00+08:00,Wuhan,30.593099,114.305393,57,pm25,57,19,4.6,2.1,3.7,,38,44,1008,2.5,,
2025-08-18T09:00:00+02:00,Warsaw (Poland),52.225171,21.014783,23,pm25,23,13,15.4,2,0.1,12,16,77,1018,3.6,8.7,12
2025-08-18T16:00:00+09:30,Winnellie (Australia),-12.424323299931126,130.89335024356842,63,pm25,63,25,2.5,1.3,5.1,18.3,31,23,1010.1,6.57,,6.8
2025-08-18T01:00:00-04:00,Georgia,33.68797,-84.29048,51,pm25,51,20,11.6,0.2,6.1,0.8,24.8,61,1015,0.1,0.2,
2025-08-18T00:00:00-07:00,Phoenix,33.403055555556,-112.07527777778,12,o3,10,12,4.7,,2.3,12.1,34,17,1009.8,2,8.7,6
2025-08-17T23:00:00-06:00,Denver,39.732146,-105.015317,30,pm25,30,16,8.7,0.6,5.4,15.1,24.4444,44,1019.7,1,5.3,
2025-08-18T16:00:00+09:00,Daegu,35.8714354,128.601445,63,pm25,63,10,7.4,4.2,2.2,41.6,7.1,71,1016,3.9,,
2025-08-18T16:00:00+09:00,Gyeonggi,37.4112,127.2579,55,pm25,55,27,10.9,2.9,3.3,32.1,32,62,1013.8,3,0.5,24
2025-08-18T15:00:00+09:00,Nagoya,35.1814464,136.906398,57,pm25,57,15,11.2,1.5,1.2,28.9,40,35,1012.3,4,,
2025-08-18T16:00:00+09:00,Fukuoka,33.5903547,130.4017155,80,pm25,80,35,10.2,2.9,2.3,25.6,33,64,1014,5.6,,
2025-08-18T15:00:00+09:00,Kawasaki,35.5309058,139.7030511,72,pm25,72,53,16.7,2.9,3.4,60.9,36,56,1012,7.4,,
2025-08-18T15:00:00+08:00,Shenzhen,22.543099,114.057868,34,pm25,34,16,8.7,4.1,8.2,14.7,29,87.2,1009,3.6,,
2025-08-18T10:00:00+03:00,Istanbul (Turkey),41.015278,29.025,55,pm25,55,26,21.6,1.5,14.9,24.2,22.5,97.6,1003.3,1,,22.1
2025-08-18T15:00:00+07:00,Hanoi,21.0491,105.8831,32,pm25,32,28,15,9,4,15,31,70,1004,2.5,,25
2025-08-18T15:00:00+07:00,Bangkok,13.7563309,100.5017651,74,pm25,74,27,0.6,0.6,0.1,4.8,33.6,68.6,1008.6,1.5,,
2025-08-18T14:00:00+05:30,Delhi,28.6341,77.2005,169,pm25,169,56,5.6,2.5,6.4,23.9,32.400000000000006,69.07499999999999,985.875,0.375,,26
2025-08-18T14:00:00+05:30,Mumbai,19.0863,72.8888,86,pm25,86,51,1.5,14.9,1.1,11.6,26,99.92,1002.2175,31.6225,10.8,25
2025-08-18T17:00:00+09:00,Seoul,37.566535,126.9779692,68,pm25,68,34,10,5.5,3.5,32.8,32.1,57.7,1001.9,3,,
2025-08-18T16:00:00+08:00,Beijing,39.954592,116.468117,53,o3,50,32,3.2,1.6,5.5,53.2,31,70,1007,3.6,,
2025-08-18T16:00:00+08:00,Shanghai,31.2047372,121.4489017,63,pm25,63,20,3.7,2.1,3.7,32.1,35,53,1011,4.6,,
2025-08-18T16:00:00+09:00,Shinjuku (Tokyo),35.713889,139.705556,18,pm10,1,18,13.9,1.5,3.4,67.4,32.7,62.9,1010.6,7.2,,24.7
2025-08-18T07:00:00+02:00,Paris,48.856614,2.3522219,53,pm25,53,32,18.9,0.6,0.1,16.8,19.6,65.1,1020,1,,
2025-08-18T08:00:00+01:00,London,51.5073509,-0.1277583,34,pm25,34,18,9.2,1.1,1,21.2,17.4,79.8,1023,5.2,,
2025-08-18T10:00:00+02:00,Frankfurt,50.075464,8.576305,20,pm25,20,9,,0.5,0.1,16.8,19,63,1020,4.6,11.8,12
2025-08-18T16:00:00+08:00,Wuhan,30.593099,114.305393,59,pm25,59,18,5.1,2.6,3.7,,38,44,1008,1.5,,
2025-08-18T10:00:00+02:00,Warsaw (Poland),52.225171,21.014783,24,pm25,24,15,19.7,2,0.1,12,18,67,1019,4.6,8.7,12
2025-08-18T17:00:00+09:30,Winnellie (Australia),-12.424323299931126,130.89335024356842,69,pm25,69,27,1.9,1,5.2,17.5,30.5,21,1009.5,3.07,,7
2025-08-18T14:00:00+05:30,Bangalore (India),13.0270199,77.494094,59,pm10,45,59,7.8,3.6,3.8,9.4,24,93.5,951.2149999999999,0.88,,21.5
2025-08-18T14:00:00+05:30,Chennai (India),13.1278,80.2642,45,pm25,45,45,2.3,1.4,3.9,,29.16,68.35,82766.6,3.3725,10.2,25
2025-08-18T02:00:00-04:00,Georgia,33.68797,-84.29048,50,pm25,50,20,9.6,0.2,5.6,0.8,24.4,60,1015,0.1,1,
2025-08-18T01:00:00-07:00,Phoenix,33.403055555556,-112.07527777778,15,pm25,15,15,4.7,,2.3,8.8,34,17,1009.4,1.5,8.7,6
2025-08-18T14:00:00+05:30,Hyderabad (India),17.417094,78.457437,117,pm25,117,66,7.2,8.1,4.6,12.3,25,86.16749999999999,1005.5,2.375,10.2,22
2025-08-18T17:00:00+09:00,Daegu,35.8714354,128.601445,65,pm25,65,23,9.5,4.2,4.9,39.7,7.1,71,1016,3.9,,
2025-08-18T17:00:00+09:00,Gyeonggi,37.4112,127.2579,55,pm25,55,25,12.1,3,2.8,28.1,32,59,1012.8,4.1,0.5,23
2025-08-18T16:00:00+09:00,Nagoya,35.1814464,136.906398,53,pm25,53,11,10.2,1.5,1.2,28.9,37.2,41,1012.5,3.7,,
2025-08-18T17:00:00+09:00,Fukuoka,33.5903547,130.4017155,82,pm25,82,48,5.6,1.5,2.3,32.8,33,64,1014,5.1,,
2025-08-18T17:00:00+09:00,Kawasaki,35.5309058,139.7030511,65,o3,1,36,27.8,2.9,3.4,64.8,31,66,1013,5.1,,
2025-08-18T16:00:00+08:00,Shenzhen,22.543099,114.057868,30,pm25,30,15,9.2,4.1,8.2,17.1,29,87.7,1009,3.6,,
2025-08-18T16:00:00+08:00,Zhongshan (Taiwan),25.062361,121.526528,24,pm10,74,24,12.7,1.9,3.4,8.1,30.2,76,1011,4.6,9.2,25.6
2025-08-18T15:00:00+08:00,Chongqing,29.56301,106.551557,37,o3,30,22,2.3,4.6,4.6,36.6,35,46,1008,3.6,,
2025-08-18T16:00:00+07:00,Hanoi,21.0491,105.8831,24,pm25,24,24,12,10,11,20,26,94,1004,6.1,,25
2025-08-18T16:00:00+07:00,Bangkok,13.7563309,100.5017651,73,pm25,73,34,0.6,0.6,0.1,4.8,34.2,8.2,1006.8,1,,
2025-08-18T15:00:00+05:30,Delhi,28.6341,77.2005,107,pm25,107,67,5.1,2.2,6.6,38.5,31.5,69.2,986.5,0.45,,26
2025-08-18T15:00:00+05:30,Mumbai,19.0863,72.8888,81,pm25,81,45,1.5,14.9,1,11.6,26,99.92,1001.6766666666667,43.949999999999996,10.8,26
2025-08-18T18:00:00+09:00,Seoul,37.566535,126.9779692,59,pm25,59,23,11.6,5.6,3.4,20.3,30.1,61.9,1002.1,4.1,,
2025-08-18T17:00:00+08:00,Beijing,39.954592,116.468117,55,o3,53,34,4.2,1.6,5.5,55.2,31,70,1007,2.5,,
2025-08-18T17:00:00+08:00,Shanghai,31.2047372,121.4489017,59,pm25,59,20,3.7,2.1,4.6,32.5,34,56,1011,5.6,,
2025-08-18T17:00:00+09:00,Shinjuku (Tokyo),35.713889,139.705556,65,pm25,65,18,13.9,1.5,3.4,67.4,32.7,62.9,1010.6,7.2,,24.7
2025-08-18T17:00:00+09:00,Osaka,34.6937378,135.5021651,61,pm25,61,24,20.4,7.2,0.1,42.4,34,55,1013,4.5,,
2025-08-18T08:00:00+02:00,Paris,48.856614,2.3522219,50,pm25,50,25,15.7,0.6,0.1,11.8,20.8,60.7,1019.6,1,,
2025-08-18T09:00:00+01:00,London,51.5073509,-0.1277583,34,pm25,34,18,10.1,0.6,1,20.8,18.3,75.7,1023.1,6.5,,
2025-08-18T11:00:00+02:00,Frankfurt,50.075464,8.576305,23,o3,22,11,,0.5,0.1,22.5,20.5,56,1020,3.8,11.8,11.5
2025-08-18T17:00:00+08:00,Wuhan,30.593099,114.305393,68,pm25,68,20,8.7,2.1,4.6,,37,47,1007,1.5,,
2025-08-18T11:00:00+02:00,Warsaw (Poland),52.225171,21.014783,19,pm25,19,12,17.3,2,0.1,12,20,56,1019,4.1,8.7,11
2025-08-18T19:00:00+09:30,Winnellie (Australia),-12.424323299931126,130.89335024356842,47,pm25,47,34,1.9,1,4.9,11.9,26.5,56.5,1010.1,3.985,,15.2
2025-08-18T15:00:00+05:30,Chennai (India),13.1278,80.2642,35,pm10,33,35,2.5,0.9,3.9,,29.206666666666667,68.07666666666667,82706.49999999999,2.89,10.2,25
2025-08-18T03:00:00-04:00,Georgia,33.68797,-84.29048,52,pm25,52,21,7.5,0.2,5.6,0.8,23.8,60,1014.7,0.1,1,
2025-08-18T02:00:00-07:00,Phoenix,33.403055555556,-112.07527777778,19,pm25,19,14,4.7,,3.4,5.6,33,19,1010.1,2.5,8.7,7
2025-08-18T15:00:00+05:30,Hyderabad (India),17.417094,78.457437,118,pm25,118,66,6.5,7.8,3.8,10.9,25,83.46,1005,2.513333333333333,10.2,22
2025-08-18T18:00:00+09:00,Daegu,35.8714354,128.601445,53,pm25,53,23,8.8,3.6,2.3,39.7,7.1,71,1016,3.9,,
2025-08-18T18:00:00+09:00,Gyeonggi,37.4112,127.2579,57,pm25,57,25,11.8,3.2,3,28.1,32,59,1012.8,4.1,0.5,23
2025-08-18T17:00:00+09:00,Nagoya,35.1814464,136.906398,59,pm25,59,20,16.7,1.5,1.2,40,36.2,53,1012.7,3.9,,
2025-08-18T18:00:00+09:00,Fukuoka,33.5903547,130.4017155,85,pm25,85,40,8.4,4.3,3.4,28.9,32,59,1014,2.5,,
2025-08-18T18:00:00+09:00,Kawasaki,35.5309058,139.7030511,64,o3,1,39,30.6,4.3,3.4,63.5,30,70,1014,2.5,,
2025-08-18T17:00:00+08:00,Shenzhen,22.543099,114.057868,30,pm25,30,18,14.2,4.1,6.4,17.1,29,85.6,1009,4.6,,
2025-08-18T17:00:00+08:00,Zhongshan (Taiwan),25.062361,121.526528,20,pm10,74,20,14.6,1.5,4,13.2,30.7,75.2,1011,3.4,9.2,26
2025-08-18T17:00:00+08:00,Chongqing,29.56301,106.551557,68,pm25,68,32,2.3,2.1,4.6,36.2,35,46,1007,2.5,,
2025-08-18T11:00:00+03:00,Istanbul (Turkey),41.015278,29.025,56,pm25,56,26,15.8,1.5,14.9,23.1,28.1,76.6,1003.8,2.5,,23.6
2025-08-18T17:00:00+07:00,Bangkok,13.7563309,100.5017651,70,pm25,70,30,0.6,0.6,0.1,4.8,28.8,8.5,1008.3,1,,
2025-08-18T16:00:00+05:30,Delhi,28.6341,77.2005,89,pm25,89,37,3.7,2.5,6.1,25.8,31.225,68.025,985.925,0.825,,26
2025-08-18T19:00:00+09:00,Seoul,37.566535,126.9779692,65,pm25,65,30,13.4,5.5,4.3,18.8,30.1,61.9,1002.1,4.1,,
2025-08-18T18:00:00+08:00,Beijing,39.954592,116.468117,56,o3,55,35,4.6,1.6,5.5,55.8,31,74,1007,1.5,,
2025-08-18T18:00:00+08:00,Shanghai,31.2047372,121.4489017,46,pm25,46,18,5.1,2.1,4.6,29.7,33,59,1011,6.6,,
2025-08-18T18:00:00+09:00,Shinjuku (Tokyo),35.713889,139.705556,70,pm25,70,56,13,1.5,3.4,67.4,32.2,63,1015.9,,0.5,
2025-08-18T19:00:00+09:00,Osaka,34.6937378,135.5021651,60,pm10,59,60,28.8,7.2,0.1,36.8,32,66,1013,2.5,,
2025-08-18T10:00:00+01:00,London,51.5073509,-0.1277583,34,pm25,34,17,11.9,0.6,1,19.9,19.1,74,1022.8,5.7,,
2025-08-18T12:00:00+02:00,Frankfurt,50.075464,8.576305,29,o3,23,13,,0.5,0.1,29,21.5,49,1020,3.8,11.8,10.5
2025-08-18T12:00:00+02:00,Hamburg,53.564486,9.96834,29,o3,21,14,1,1.6,0.1,28.5,22,51,1022,2.3,,11.5
2025-08-18T18:00:00+08:00,Wuhan,30.593099,114.305393,70,pm25,70,20,23.4,2.6,4.6,,36,59,1007,0.5,,
2025-08-18T12:00:00+02:00,Warsaw (Poland),52.225171,21.014783,18,pm25,18,11,16.8,2,0.1,12,20,60,1019,3,8.7,12
2025-08-18T20:00:00+09:30,Winnellie (Australia),-12.424323299931126,130.89335024356842,47,pm25,47,18,2,1.2,5.7,10.8,24.1,63,1010.8,2.59,,15.6
2025-08-18T16:00:00+05:30,Bangalore (India),13.0270199,77.494094,56,pm10,45,56,6.5,2.7,3.8,9.2,21.5,93.64999999999999,951.0250000000001,0.8625,,20.5
2025-08-18T16:00:00+05:30,Chennai (India),13.1278,80.2642,40,pm10,31,40,3.2,0.6,3.5,,29.2775,68.4875,82660.32500000001,2.5524999999999998,10.2,24.5
2025-08-18T04:00:00-04:00,Georgia,33.68797,-84.29048,52,pm25,52,21,6.5,0.2,5.6,0.8,23.8,59.7,1014.8,0.1,0.8,
2025-08-18T03:00:00-07:00,Phoenix,33.403055555556,-112.07527777778,20,pm25,20,15,4.7,,3.4,1.6,33,17,1010.1,3.6,8.7,5
2025-08-18T16:00:00+05:30,Hyderabad (India),17.417094,78.457437,152,pm25,152,66,7,8.2,4.1,10.1,25,80.5875,1005,2.3,10.2,21.5
2025-08-18T02:00:00-06:00,Denver,39.732146,-105.015317,30,pm25,30,15,9.6,0.6,3.5,15.1,22.7778,51.5,1020.3,2,3.6,
2025-08-18T18:00:00+09:00,Nagoya,35.1814464,136.906398,61,pm25,61,22,18.6,2.9,3.4,60.9,33.5,58.3,1013.2,3.9,,
2025-08-18T19:00:00+09:00,Fukuoka,33.5903547,130.4017155,93,pm25,93,56,13,4.3,3.4,32,31,66,1014,3,,
2025-08-18T19:00:00+09:00,Kawasaki,35.5309058,139.7030511,47,o3,1,34,27.8,4.3,4.5,46.5,29,83,1014,2.5,,
2025-08-18T18:00:00+08:00,Shenzhen,22.543099,114.057868,30,pm25,30,20,10.1,4.1,5.5,16.7,29,89.7,1009.4,4.6,,
2025-08-18T18:00:00+08:00,Zhongshan (Taiwan),25.062361,121.526528,22,pm10,74,22,15,1.3,4.9,14.9,30.5,76.5,1011,4.8,9.2,26
2025-08-18T18:00:00+08:00,Chongqing,29.56301,106.551557,72,pm25,72,28,2.3,2.1,4.6,32.5,34,49,1006,2.5,,
2025-08-18T13:00:00+03:00,Istanbul (Turkey),41.015278,29.025,56,pm25,56,25,11,1.4,14.7,24.4,26.8,74.6,1004.2,6.1,,21.9
2025-08-18T18:00:00+07:00,Hanoi,21.0491,105.8831,30,pm10,26,30,15,10,9,13,26,97,1005,2.3,,25.5
2025-08-18T16:00:00+05:30,Mumbai,19.0863,72.8888,84,pm25,84,49,1.3,14.9,0.8,11.4,26,99.92,1001.1949999999999,27.42,12.8,25
2025-08-18T20:00:00+09:00,Seoul,37.566535,126.9779692,59,pm25,59,27,11.7,5.3,3.8,17.6,29.3,70.6,1001.8,5.1,,
2025-08-18T19:00:00+08:00,Beijing,39.954592,116.468117,59,pm25,59,38,5.1,1.6,5.5,55.2,28,88,1007,0.5,,
2025-08-18T19:00:00+08:00,Shanghai,31.2047372,121.4489017,42,pm25,42,25,7.4,2.1,4.6,27.3,32,62,1011,5.6,,
2025-08-18T19:00:00+09:00,Shinjuku (Tokyo),35.713889,139.705556,61,pm25,61,14,13,1.5,4.5,67.4,32,64.7,1016,,0.2,
2025-08-18T20:00:00+09:00,Osaka,34.6937378,135.5021651,57,pm25,57,50,22.3,5.8,0.1,30.4,30.9,74,1014,3.6,,
2025-08-18T11:00:00+02:00,Paris,48.856614,2.3522219,27,pm10,53,27,11.9,0.6,0.1,21.4,23.7,49.6,1019.1,1.3,,
2025-08-18T13:00:00+02:00,Frankfurt,50.075464,8.576305,33,o3,23,13,,0.5,0.1,33,23.5,40.5,1019.5,3.6,11.8,9.5
2025-08-18T13:00:00+02:00,Hamburg,53.564486,9.96834,29,o3,21,13,1,1.6,0.1,29.3,22.5,51,1022,2.3,,12
2025-08-18T19:00:00+08:00,Wuhan,30.593099,114.305393,72,pm25,72,23,37.1,2.6,5.5,,36,47,1007,1.5,,
2025-08-18T13:00:00+02:00,Warsaw (Poland),52.225171,21.014783,20,pm25,20,14,16.1,2,0.1,12,20,60,1019,4.6,8.7,12
2025-08-18T05:00:00-04:00,Georgia,33.68797,-84.29048,52,pm25,52,21,7.2,0.2,6.8,0.8,23.3,58.8,1015.5,0.1,1,
2025-08-18T04:00:00-07:00,Phoenix,33.403055555556,-112.07527777778,32,pm25,32,26,4.7,,2.3,4,33,17,1010.8,3.6,8.7,5
2025-08-18T03:00:00-06:00,Denver,39.732146,-105.015317,34,pm25,34,20,5.5,0.6,2.2,14.3,20.5556,55,1020.9,2,3.7,
2025-08-18T20:00:00+09:00,Daegu,35.8714354,128.601445,59,pm25,59,20,8.8,3.6,2.3,25.3,7.1,71,1016,3.9,,
2025-08-18T20:00:00+09:00,Gyeonggi,37.4112,127.2579,53,pm25,53,26,11.3,3.6,3,18.8,29,74,1013.2,2,0.5,24
2025-08-18T19:00:00+09:00,Nagoya,35.1814464,136.906398,59,pm25,59,25,20.4,1.5,2.3,48.8,33.3,63,1013.2,2.4,,
2025-08-18T20:00:00+09:00,Fukuoka,33.5903547,130.4017155,89,pm25,89,54,13,1.5,4.5,32.8,30.4,77.9,1015,3,,
2025-08-18T20:00:00+09:00,Kawasaki,35.5309058,139.7030511,42,o3,1,42,33.4,2.9,3.4,42.4,29,83,1014,2.5,,
2025-08-18T19:00:00+08:00,Shenzhen,22.543099,114.057868,42,pm25,42,18,10.1,4.1,9.1,17.9,28,93.5,1010.8,4.6,,
2025-08-18T19:00:00+08:00,Zhongshan (Taiwan),25.062361,121.526528,22,pm10,74,22,17.5,3.2,4.7,7.6,29,79,1011.5,4.6,9.2,25
2025-08-18T19:00:00+08:00,Chongqing,29.56301,106.551557,74,pm25,74,31,2.3,2.1,4.6,34.6,34,46,1006,2.5,,
2025-08-18T14:00:00+03:00,Istanbul (Turkey),41.015278,29.025,56,pm25,56,25,8.5,1.3,14.6,25.9,27.1,76.4,1004.6,5.1,,22.6
2025-08-18T19:00:00+07:00,Hanoi,21.0491,105.8831,34,pm25,34,31,17,10,12,12,26,94,1005,1.5,,25
2025-08-18T19:00:00+07:00,Bangkok,13.7563309,100.5017651,30,pm25,30,18,0.6,0.6,0.1,4.8,25.2,94.8,1007.8,0.5,,
2025-08-18T18:00:00+05:30,Delhi,28.6341,77.2005,97,pm25,97,47,7.4,3.7,6.6,25.7,28.4,71.19999999999999,985.55,1,,24.5
2025-08-18T18:00:00+05:30,Mumbai,19.0863,72.8888,82,pm25,82,47,1.3,14.9,0.7,11.5,25.5,99.92,1001.41,34.33,12.8,24.5
2025-08-18T21:00:00+09:00,Seoul,37.566535,126.9779692,72,pm25,72,28,12.2,5,4,16.1,28.2,78.9,1001.7,3.6,,
2025-08-18T20:00:00+08:00,Beijing,39.954592,116.468117,65,pm25,65,41,6.4,1.6,6.4,48,27,94,1007,0.5,,
2025-08-18T20:00:00+08:00,Shanghai,31.2047372,121.4489017,46,pm25,46,25,8.7,2.1,4.6,15.1,31,66,1012,6.6,,
2025-08-18T21:00:00+09:00,Shinjuku (Tokyo),35.713889,139.705556,57,pm25,57,40,14.9,1.5,4.5,67.4,31.1,71,1016.7,,0.2,
2025-08-18T21:00:00+09:00,Osaka,34.6937378,135.5021651,55,pm25,55,53,17.6,8.6,3.4,29.6,30,79,1015,3.2,,
2025-08-18T12:00:00+01:00,London,51.5073509,-0.1277583,25,pm25,25,25,18.8,0.6,1,18.7,19.5,69,1022.3,5,,
2025-08-18T14:00:00+02:00,Frankfurt,50.075464,8.576305,35,o3,22,11,,0.5,0.1,35.1,24.5,37,1019,3.6,9.2,9
2025-08-18T14:00:00+02:00,Hamburg,53.564486,9.96834,31,o3,21,13,1,1.6,0.1,30.5,24,47,1021,2.5,8.2,12
2025-08-18T20:00:00+08:00,Wuhan,30.593099,114.305393,74,pm25,74,27,37.1,2.6,6.4,,35,56,1007,2.5,,
2025-08-18T14:00:00+02:00,Warsaw (Poland),52.225171,21.014783,20,pm25,20,14,17.6,2,0.1,12,20,64,1019,6.1,8.7,13
2025-08-18T21:00:00+09:30,Winnellie (Australia),-12.424323299931126,130.89335024356842,50,pm25,50,17,2.9,1.1,5.6,7,23,72,1011.9,2,,16.3
2025-08-18T18:00:00+05:30,Bangalore (India),13.0270199,77.494094,74,pm25,74,57,7.4,3.4,3.8,9.5,22,93.7,951.17,0.88,,20.5
2025-08-18T18:00:00+05:30,Chennai (India),13.1278,80.2642,999,pm25,999,41,4.9,1,5,,29.46,67.63,82701.7,0.89,10.2,25
2025-08-18T07:00:00-04:00,Boston,42.325184,-71.05608,18,pm25,18,13,4.7,0.5,2.3,14.5,18.3,62,1022.4,,,
2025-08-18T06:00:00-04:00,Georgia,33.68797,-84.29048,50,pm25,50,20,6.7,0.3,7.3,0.8,23.4,57.4,1015.5,0.1,0.5,
2025-08-18T05:00:00-07:00,Phoenix,33.403055555556,-112.07527777778,32,pm10,30,32,4.7,,4.5,4,32,19,1011.1,3.6,8.7,6
2025-08-18T18:00:00+05:30,Hyderabad (India),17.417094,78.457437,100,pm25,100,61,6.7,7.2,4.6,8.9,24,82,1004.5,1.96,11.3,21
2025-08-18T05:00:00-06:00,Denver,39.732146,-105.015317,34,pm25,34,17,11.5,0.6,3.9,12.6,19.4444,65.8,1022.1,1,1.1,
2025-08-18T21:00:00+09:00,Daegu,35.8714354,128.601445,65,pm25,65,21,6.8,4,3,33.3,7.1,71,1016,3.9,,
2025-08-18T21:00:00+09:00,Gyeonggi,37.4112,127.2579,53,pm25,53,30,8.6,4.2,3.3,17,29,74,1013.2,2,0.5,24
2025-08-18T21:00:00+09:00,Nagoya,35.1814464,136.906398,57,pm25,57,27,21.3,1.5,2.3,26.4,31.6,68,1014.8,2.7,,
2025-08-18T21:00:00+09:00,Fukuoka,33.5903547,130.4017155,72,pm25,72,35,7.5,1.5,3.4,29.6,30,74,1015,2.5,,
2025-08-18T21:00:00+09:00,Kawasaki,35.5309058,139.7030511,70,pm25,70,35,29.7,2.9,4.5,36.1,31,76.5,1015,3.8,,
2025-08-18T20:00:00+08:00,Shenzhen,22.543099,114.057868,50,pm10,46,50,11.5,3.6,8.2,18.7,28,98.2,1011.2,4.6,,
2025-08-18T20:00:00+08:00,Zhongshan (Taiwan),25.062361,121.526528,11,pm10,74,11,11.9,3.9,3.3,1.9,28,83,1012,3.6,9.2,25
2025-08-18T20:00:00+08:00,Chongqing,29.56301,106.551557,78,pm25,78,28,3.2,2.1,4.6,34.6,33,49,1006,1.5,,
2025-08-18T15:00:00+03:00,Istanbul (Turkey),41.015278,29.025,56,pm25,56,25,9,1.2,14.5,25.9,27.1,76.4,1004.6,5.1,,22.6
2025-08-18T20:00:00+07:00,Hanoi,21.0491,105.8831,50,pm25,50,39,17,10,8,12,26,94,1005,1.5,,25
2025-08-18T20:00:00+07:00,Bangkok,13.7563309,100.5017651,43,pm25,43,14,0.6,0.6,0.1,4.8,27,95.9,1009.4,1.5,,
2025-08-18T19:00:00+05:30,Delhi,28.6341,77.2005,63,pm25,63,58,7.4,3.7,7.5,25.3,28,72.15,985.55,0.875,,24.5
2025-08-18T19:00:00+05:30,Mumbai,19.0863,72.8888,78,pm25,78,43,1.3,14.9,0.6,11.6,26,99.92,1001.4325,33.56,12.8,24.5
2025-08-18T22:00:00+09:00,Seoul,37.566535,126.9779692,68,pm25,68,33,12.2,4.3,4,17.7,27.8,85.8,1002.4,4.1,,
2025-08-18T21:00:00+08:00,Beijing,39.954592,116.468117,68,pm25,68,43,6.9,1.6,6.4,45.1,28,88,1008,1.5,,
2025-08-18T21:00:00+08:00,Shanghai,31.2047372,121.4489017,25,pm25,25,20,9.2,2.1,4.6,15.1,30,74,1012,5.6,,
2025-08-18T12:00:00+02:00,Paris,48.856614,2.3522219,59,pm25,59,23,14.1,0.6,0.1,39.6,27.1,39.6,1018.2,1.2,,
2025-08-18T13:00:00+01:00,London,51.5073509,-0.1277583,34,pm25,34,17,18.8,1.1,1,18.7,19.7,69,1022.3,5,,
2025-08-18T15:00:00+02:00,Frankfurt,50.075464,8.576305,37,o3,22,11,,0.5,0.1,36.6,25.5,37,1018.5,4.3,9.2,10
2025-08-18T15:00:00+02:00,Hamburg,53.564486,9.96834,32,o3,21,13,1,1.6,0.1,31.7,24,47,1021,2.5,8.2,12
2025-08-18T21:00:00+08:00,Wuhan,30.593099,114.305393,78,pm25,78,29,22.9,3.1,6.4,,35,56,1008,2.5,,
2025-08-18T15:00:00+02:00,Warsaw (Poland),52.225171,21.014783,20,pm25,20,14,18.6,2,0.1,12,21,56,1019,4.1,8.7,12
2025-08-18T22:00:00+09:30,Winnellie (Australia),-12.424323299931126,130.89335024356842,55,pm25,55,20,2.9,1,5.6,7.8,21.1,76.4,1012.1,2,,15
2025-08-18T19:00:00+05:30,Bangalore (India),13.0270199,77.494094,78,pm25,78,57,7.8,2.7,3.8,9.3,20.5,93.8,951.32,0.91,,19.5
2025-08-18T19:00:00+05:30,Chennai (India),13.1278,80.2642,999,pm25,999,48,5.3,1.2,5.9,,29.42,69.36,82751.6,1.05,10.2,25
2025-08-18T08:00:00-04:00,Boston,42.325184,-71.05608,17,pm25,17,12,3.8,0.6,2.3,14.5,18.3,61,1022.4,,,
2025-08-18T07:00:00-04:00,Georgia,33.68797,-84.29048,45,pm25,45,18,7.1,0.3,7.8,0.8,25,54.8,1015.8,0.1,1.2,
2025-08-18T06:00:00-07:00,Phoenix,33.403055555556,-112.07527777778,30,pm25,30,23,4.7,,4.5,4,30,23,1012.1,1.5,8.7,7
2025-08-18T19:00:00+05:30,Hyderabad (India),17.417094,78.457437,100,pm25,100,60,7,7.3,4.4,7.5,24,80.5775,1005,2.4725,10.2,21
2025-08-18T06:00:00-06:00,Denver,39.732146,-105.015317,42,pm25,42,22,17,0.6,9.1,9.8,19.4444,60.7,1023,2,6.5,
2025-08-18T22:00:00+09:00,Fukuoka,33.5903547,130.4017155,68,pm25,68,37,7.5,1.5,3.4,28.1,29,74,1015,1,,
2025-08-18T22:00:00+09:00,Kawasaki,35.5309058,139.7030511,29,pm10,1,29,27.8,2.9,2.3,21.6,29,74,1015,5.1,,
2025-08-18T21:00:00+08:00,Shenzhen,22.543099,114.057868,55,pm25,55,48,16.5,4.1,9.1,13.9,27.2,93,1012,2.5,,
2025-08-18T21:00:00+08:00,Zhongshan (Taiwan),25.062361,121.526528,8,pm10,74,8,11.8,1.6,3.3,1.7,28,83,1012,3.3,9.2,25
2025-08-18T21:00:00+08:00,Chongqing,29.56301,106.551557,74,pm25,74,26,3.7,2.6,4.6,30.1,31,55,1007,1.5,,
2025-08-18T16:00:00+03:00,Istanbul (Turkey),41.015278,29.025,56,pm25,56,26,9,1.2,14.2,26.6,26.8,77.3,1004.7,5.1,,22.5
2025-08-18T21:00:00+07:00,Hanoi,21.0491,105.8831,61,pm25,61,45,13,10,7,12,27,83,1006,2,,24
2025-08-18T21:00:00+07:00,Bangkok,13.7563309,100.5017651,59,pm25,59,14,0.6,0.6,0.1,4.8,27,95.9,1009.4,1.5,,
2025-08-18T20:00:00+05:30,Delhi,28.6341,77.2005,65,pm25,65,16,9.2,4.1,9.8,14.1,25.599999999999998,80.1,985.5,0.375,,25
2025-08-18T20:00:00+05:30,Mumbai,19.0863,72.8888,81,pm25,81,46,1.5,14.9,1,11.5,27,99.92,1001.6466666666666,41.526666666666664,12.8,25
2025-08-18T23:00:00+09:00,Seoul,37.566535,126.9779692,70,pm25,70,29,10,4.9,3.6,18.6,27.5,87.8,1002.3,3,,
2025-08-18T22:00:00+08:00,Beijing,39.954592,116.468117,74,pm25,74,46,6.9,1.1,6.4,43.5,27,94,1008,0.5,,
2025-08-18T22:00:00+08:00,Shanghai,31.2047372,121.4489017,34,pm25,34,18,8.7,1.6,4.6,11.4,30,74,1012,5.6,,
2025-08-18T22:00:00+09:00,Shinjuku (Tokyo),35.713889,139.705556,59,pm25,59,36,16.7,1.5,4.5,27.2,30.9,72.2,1016.6,,0.2,
2025-08-18T22:00:00+09:00,Osaka,34.6937378,135.5021651,57,pm25,57,33,14.9,8.6,3.4,30.4,29,83,1015,3,,
2025-08-18T16:00:00+02:00,Frankfurt,50.075464,8.576305,38,o3,21,11,,0.5,0.1,37.5,26,34,1018,2.5,9.2,9
2025-08-18T16:00:00+02:00,Hamburg,53.564486,9.96834,33,o3,21,13,1,1.6,0.1,33.3,25,42.5,1021,2,8.2,11.5
2025-08-18T22:00:00+08:00,Wuhan,30.593099,114.305393,72,pm25,72,32,13.3,3.1,6.4,,34,59,1008,2.5,,
2025-08-18T16:00:00+02:00,Warsaw (Poland),52.225171,21.014783,22,pm25,22,17,18.8,2,0.1,12,21,60,1019,7.2,8.7,13
2025-08-18T23:00:00+09:30,Winnellie (Australia),-12.424323299931126,130.89335024356842,37,pm25,37,14,2,1.2,5,10,19.4,83,1012.3,2.2,,15.3
2025-08-18T20:00:00+05:30,Bangalore (India),13.0270199,77.494094,55,pm10,54,55,7.2,3.6,3.8,9.3,21,93.8,951.3625000000001,0.8925000000000001,,19
2025-08-18T20:00:00+05:30,Chennai (India),13.1278,80.2642,65,pm25,65,55,6.1,1.4,8.1,,29.4075,69.105,82784.35,0.7825,10.2,25
2025-08-18T09:00:00-04:00,Boston,42.325184,-71.05608,16,pm25,16,12,2.8,0.6,2.3,14.5,18.8,58.5,1022.8,,,
2025-08-18T08:00:00-04:00,Georgia,33.68797,-84.29048,41,pm25,41,17,7.5,0.3,4.5,10.4,29.2,52.8,1016.6,0.4,3.6,
2025-08-18T07:00:00-07:00,Phoenix,33.403055555556,-112.07527777778,36,pm25,36,31,4.7,,5.6,1.6,30,27,1012.8,2,8.7,9
2025-08-18T20:00:00+05:30,Hyderabad (India),17.417094,78.457437,106,pm25,106,61,7.8,7.1,4,8.8,24,80.42249999999999,1006,2.37,10.2,20
2025-08-18T07:00:00-06:00,Denver,39.732146,-105.015317,50,pm25,50,38,13.3,0.6,4.7,7.4,20,52.5,1023.6,3,5,
2025-08-18T22:00:00+09:00,Daegu,35.8714354,128.601445,74,pm25,74,27,6.7,4.8,3.3,38.1,7.1,71,1016,3.9,,
2025-08-18T22:00:00+09:00,Gyeonggi,37.4112,127.2579,53,pm25,53,29,7.5,3,3.2,16.7,28,88,1013.2,3.6,0.5,26
2025-08-18T22:00:00+09:00,Nagoya,35.1814464,136.906398,59,pm25,59,31,17.6,1.5,2.3,22.4,30.5,71,1014.4,2.4,,
2025-08-18T23:00:00+09:00,Fukuoka,33.5903547,130.4017155,80,pm25,80,42,5.6,1.5,4.5,24.8,29.9,74,1015,1.5,,
2025-08-18T23:00:00+09:00,Kawasaki,35.5309058,139.7030511,28,pm10,1,28,20.4,1.5,2.3,19.2,28,83,1015,4.1,,
2025-08-18T22:00:00+08:00,Shenzhen,22.543099,114.057868,50,pm25,50,37,14.7,4.1,9.1,16.7,27,93.5,1012,2.5,,
2025-08-18T22:00:00+08:00,Zhongshan (Taiwan),25.062361,121.526528,11,pm10,74,11,11.5,1.2,3.4,1.6,27.5,80.5,1013,2.8,9.2,24
2025-08-18T22:00:00+08:00,Chongqing,29.56301,106.551557,80,pm25,80,28,4.2,2.1,4.6,26.9,31,55,1008,1.5,,
2025-08-18T22:00:00+07:00,Hanoi,21.0491,105.8831,69,pm25,69,46,15,10,6,11,26,94,1006,3.6,,25
2025-08-18T22:00:00+07:00,Bangkok,13.7563309,100.5017651,63,pm25,63,23,0.6,0.6,0.1,4.8,25.2,95.9,1010.2,1,,
2025-08-18T21:00:00+05:30,Delhi,28.6341,77.2005,60,pm10,38,60,9.6,3.8,12.2,9.9,24.849999999999998,83.975,985.75,0.375,,25
2025-08-18T21:00:00+05:30,Mumbai,19.0863,72.8888,86,pm25,86,51,1.4,14.8,0.8,11.5,27,99.92,1002.2400000000001,42.81,10.2,25
2025-08-19T00:00:00+09:00,Seoul,37.566535,126.9779692,65,pm25,65,26,8.1,4.5,3.4,17.5,27.3,89.9,1002,3,,
2025-08-18T23:00:00+08:00,Beijing,39.954592,116.468117,80,pm25,80,48,6.4,1.6,6.4,40.7,26,94,1008,0.5,,
2025-08-18T23:00:00+08:00,Shanghai,31.2047372,121.4489017,38,pm25,38,16,6.4,1.6,3.7,9,30,74,1012,5.6,,
2025-08-18T23:00:00+09:00,Shinjuku (Tokyo),35.713889,139.705556,59,pm25,59,30,14.9,1.5,4.5,27.2,28.3,81.8,1012.4,1.5,,24.9
2025-08-19T00:00:00+09:00,Osaka,34.6937378,135.5021651,50,pm25,50,21,14.9,7.2,0.1,26.4,29,74,1015,3.6,,
2025-08-18T13:00:00+02:00,Paris,48.856614,2.3522219,42,pm25,42,27,14,0.6,0.1,42,27.8,38.4,1017.8,1.6,,
2025-08-18T14:00:00+01:00,London,51.5073509,-0.1277583,34,pm25,34,17,17.4,0.6,1,18.7,20.9,65.3,1021.5,4.3,,
2025-08-18T17:00:00+02:00,Frankfurt,50.075464,8.576305,38,o3,20,12,,0.5,0.1,38.1,27.5,31,1017,4.1,9.2,9
2025-08-18T17:00:00+02:00,Hamburg,53.564486,9.96834,34,o3,17,13,1,1.6,0.1,34.2,25,44,1020,2.5,8.2,12
2025-08-18T23:00:00+08:00,Wuhan,30.593099,114.305393,72,pm25,72,33,11.9,3.1,7.3,,34,59,1008,2.5,,
2025-08-18T17:00:00+02:00,Warsaw (Poland),52.225171,21.014783,23,pm25,23,16,17.7,2,0.1,12,20,68,1019,5.1,8.7,14
2025-08-19T01:00:00+09:30,Winnellie (Australia),-12.424323299931126,130.89335024356842,26,pm25,26,10,2.6,0.9,5.1,9.6,18.4,89.6,1012.1,1.4,,16.4
2025-08-18T09:00:00-04:00,Georgia,33.68797,-84.29048,45,pm25,45,18,2.9,0.3,3.4,24.1,31.1,46.8,1017.9,0.5,2.7,
2025-08-18T08:00:00-07:00,Phoenix,33.403055555556,-112.07527777778,44,pm25,44,38,4.7,,4.5,7.3,31,25,1013.2,2,8.7,9
2025-08-18T08:00:00-06:00,Denver,39.732146,-105.015317,34,pm25,34,20,12.4,0.6,5.6,7,22.7778,42.5,1023.8,1,5,
2025-08-19T00:00:00+09:00,Daegu,35.8714354,128.601445,74,pm25,74,25,7.3,4.9,3.3,38.1,7.1,71,1016,3.9,,
2025-08-19T00:00:00+09:00,Gyeonggi,37.4112,127.2579,59,pm25,59,26,6,2.9,3.2,16.7,27,94,1013.8,0.5,0.5,26
2025-08-18T23:00:00+09:00,Nagoya,35.1814464,136.906398,61,pm25,61,25,17.6,1.5,2.3,21.6,30.5,69,1014.4,2.4,,
2025-08-19T00:00:00+09:00,Fukuoka,33.5903547,130.4017155,82,pm25,82,45,8.4,1.5,4.5,17.6,28,78,1015,3.6,,
2025-08-18T23:00:00+08:00,Shenzhen,22.543099,114.057868,53,pm25,53,31,11.9,4.1,9.1,18.3,27,98.8,1011.6,3.6,,
2025-08-18T23:00:00+08:00,Zhongshan (Taiwan),25.062361,121.526528,10,pm10,74,10,12.4,1,3.7,1,27.5,80.5,1013,1.2,9.2,24
2025-08-18T23:00:00+08:00,Chongqing,29.56301,106.551557,91,pm25,91,33,6.4,2.6,4.6,21.6,30,58,1008,1.5,,
2025-08-18T17:00:00+03:00,Istanbul (Turkey),41.015278,29.025,55,pm25,55,24,9.4,1.2,14,27.2,24.7,79.4,1004.3,5.6,,20.9
2025-08-18T23:00:00+07:00,Hanoi,21.0491,105.8831,68,pm25,68,42,15,10,4,12,26,94,1006,3,,25
2025-08-18T23:00:00+07:00,Bangkok,13.7563309,100.5017651,34,pm25,34,12,0.6,0.6,0.1,4.8,25.8,9.4,1010,1,,
2025-08-18T22:00:00+05:30,Delhi,28.6341,77.2005,158,pm25,158,74,10.5,4.5,13.6,19.9,24.525,85.42500000000001,985.875,0.37500000000000006,,25
2025-08-18T22:00:00+05:30,Mumbai,19.0863,72.8888,93,pm25,93,55,1.5,14.9,1,11.5,27,99.92,1002.6,41.53,10.2,25
2025-08-19T01:00:00+09:00,Seoul,37.566535,126.9779692,42,pm25,42,21,7,4.3,3,17.9,27.2,85.7,1002.5,2,,
2025-08-19T00:00:00+08:00,Beijing,39.954592,116.468117,85,pm25,85,48,6.4,1.6,6.4,38.6,26,100,1007,1.5,,
2025-08-19T00:00:00+08:00,Shanghai,31.2047372,121.4489017,13,pm25,13,13,5.5,2.1,3.7,9,29,79,1011,6.6,,
2025-08-19T00:00:00+09:00,Shinjuku (Tokyo),35.713889,139.705556,59,pm25,59,27,15.8,1.5,3.4,27.2,30,79,1015.5,,0.2,
2025-08-19T01:00:00+09:00,Osaka,34.6937378,135.5021651,42,pm25,42,34,8.4,7.2,0.1,24.1,29,75.8,1015,2.5,,
2025-08-18T16:00:00+02:00,Paris,48.856614,2.3522219,45,o3,54,23,16.7,0.6,0.1,44.7,28.1,37.7,1016.8,1.2,,
2025-08-18T15:00:00+01:00,London,51.5073509,-0.1277583,25,o3,21,11,14.2,1.1,1,24.8,21.2,63.1,1021.1,5.5,,
2025-08-18T18:00:00+02:00,Frankfurt,50.075464,8.576305,38,o3,21,17,,0.5,0.1,38.3,27,32,1017,4.1,9.2,9
2025-08-18T18:00:00+02:00,Hamburg,53.564486,9.96834,35,o3,17,12,1,1.6,0.1,34.6,25,44,1020,2,8.2,12
2025-08-19T00:00:00+08:00,Wuhan,30.593099,114.305393,70,pm25,70,30,13.3,3.1,6.4,,33,62,1008,2.5,,
2025-08-18T18:00:00+02:00,Warsaw (Poland),52.225171,21.014783,19,pm25,19,12,18.3,2,0.1,12,20,68,1019,5.6,8.7,14
2025-08-18T22:00:00+05:30,Bangalore (India),13.0270199,77.494094,70,pm25,70,55,7.8,2.8,3.8,9.3,21,93.775,951.6975,0.875,,19
2025-08-18T22:00:00+05:30,Chennai (India),13.1278,80.2642,95,pm25,95,57,5.2,1,5.3,,29.1175,66.4525,82875.1,1.45,10.2,24
2025-08-18T11:00:00-04:00,Boston,42.325184,-71.05608,18,o3,13,12,1,0.6,2.3,18.4,19,54.3,1022.7,,,
2025-08-18T10:00:00-04:00,Georgia,33.68797,-84.29048,47,pm25,47,18,0.9,0.3,2.8,32.8,32.5,43.2,1017.2,0.6,4.6,
2025-08-18T09:00:00-07:00,Phoenix,33.403055555556,-112.07527777778,30,pm10,28,30,4.7,,3.4,11.2,33,16,1012.8,2.5,8.7,4
2025-08-18T22:00:00+05:30,Hyderabad (India),17.417094,78.457437,136,pm25,136,71,6.3,7.7,2.8,10.7,23,87.4825,1007,2.5625,10.2,21
2025-08-18T09:00:00-06:00,Denver,39.732146,-105.015317,30,pm25,30,21,11,0.6,3.6,13.9,24.4444,36.5,1023.4,2,5,
2025-08-19T01:00:00+09:00,Daegu,35.8714354,128.601445,63,pm25,63,22,7.5,4.9,3.4,26.8,7.1,71,1016,3.9,,
2025-08-19T01:00:00+09:00,Gyeonggi,37.4112,127.2579,42,pm25,42,20,5.7,2.9,3.3,18.1,27,88,1013.5,1.5,0.5,25
2025-08-19T00:00:00+09:00,Nagoya,35.1814464,136.906398,59,pm25,59,26,16.7,1.5,2.3,20.8,30.2,68,1014.1,2.6,,
2025-08-19T01:00:00+09:00,Fukuoka,33.5903547,130.4017155,76,pm25,76,44,5.6,2.9,3.4,18.4,29.4,83,1014,2.5,,
2025-08-19T01:00:00+09:00,Kawasaki,35.5309058,139.7030511,30,pm10,1,30,25.1,1.5,3.4,12.1,28,83,1014,3.6,,
2025-08-19T00:00:00+08:00,Shenzhen,22.543099,114.057868,34,pm25,34,23,14.2,4.1,5.5,17.9,27.7,92.2,1011.1,2.5,,
2025-08-19T00:00:00+08:00,Zhongshan (Taiwan),25.062361,121.526528,10,pm10,74,10,11.4,1,3.5,3.2,27.5,80.5,1012.5,1,9.2,24
2025-08-19T00:00:00+08:00,Chongqing,29.56301,106.551557,91,pm25,91,36,7.8,2.6,4.6,19.5,30,58,1008,1.5,,
2025-08-18T19:00:00+03:00,Istanbul (Turkey),41.015278,29.025,54,pm25,54,23,12.3,1.2,13.7,28.7,24.1,87.5,1004.2,5.1,,21.9
2025-08-19T00:00:00+07:00,Hanoi,21.0491,105.8831,53,pm25,53,36,11,9,3,18,26,94,1006,3,,25
2025-08-19T00:00:00+07:00,Bangkok,13.7563309,100.5017651,57,pm25,57,12,0.6,0.6,0.1,4.8,26.4,10.3,1009.8,1,,
2025-08-18T23:00:00+05:30,Delhi,28.6341,77.2005,119,pm25,119,73,7.7,4.3,13.4,18.9,23.975,87.4,985.55,0.325,,26
2025-08-18T23:00:00+05:30,Mumbai,19.0863,72.8888,89,pm25,89,52,1.6,14.9,1.3,11.6,27,99.92,1002.9266666666667,44.98,10.8,25
2025-08-19T02:00:00+09:00,Seoul,37.566535,126.9779692,30,pm25,30,18,7.2,4.6,2.9,16.6,27.2,86.8,1002.1,1.5,,
2025-08-19T01:00:00+08:00,Beijing,39.954592,116.468117,46,pm10,13,46,6,1.6,6.4,35.4,26,100,1007,1.5,,
2025-08-19T01:00:00+08:00,Shanghai,31.2047372,121.4489017,13,pm25,13,11,4.6,1.6,4.6,8.2,29,79,1011,5.6,,
2025-08-19T01:00:00+09:00,Shinjuku (Tokyo),35.713889,139.705556,65,pm25,65,27,13,1.5,4.5,21.6,27.7,86.8,1011.1,1.5,,25.3
2025-08-19T02:00:00+09:00,Osaka,34.6937378,135.5021651,46,pm25,46,20,10.2,5.8,0.1,21.6,28.9,78,1014,2.5,,
2025-08-18T16:00:00+01:00,London,51.5073509,-0.1277583,30,pm25,30,17,12.4,1.1,1,19.1,21.6,60.8,1020.5,5.1,,
2025-08-18T19:00:00+02:00,Frankfurt,50.075464,8.576305,38,o3,20,13,,0.5,0.1,38.4,27,31,1016.5,2.8,9.2,8.5
2025-08-18T19:00:00+02:00,Hamburg,53.564486,9.96834,35,o3,17,12,1,1.6,0.1,34.6,25,44,1019,1.8,8.2,12
2025-08-19T01:00:00+08:00,Wuhan,30.593099,114.305393,68,pm25,68,24,13.8,3.6,6.4,,33,62,1008,2.5,,
2025-08-18T19:00:00+02:00,Warsaw (Poland),52.225171,21.014783,23,pm25,23,15,20.8,2,0.1,12,19,72,1019,5.6,8.7,14
2025-08-19T02:00:00+09:30,Winnellie (Australia),-12.424323299931126,130.89335024356842,32,pm25,32,11,1.9,1,5.1,9.6,18.3,44.8,1011.4,4.59,,8.8
2025-08-18T23:00:00+05:30,Bangalore (India),13.0270199,77.494094,54,pm10,45,54,8.6,2.1,3.8,9.4,20,93.7,951.7449999999999,0.8775000000000001,,19
2025-08-18T23:00:00+05:30,Chennai (India),13.1278,80.2642,419,pm25,419,43,4.2,1.1,4.3,,29.1,68.17999999999999,82883.125,1.3875,10.2,24
2025-08-18T11:00:00-04:00,Georgia,33.68797,-84.29048,46,pm25,46,17,0.8,0.3,2.6,36.1,34.4,38,1016.2,1,5.2,
2025-08-18T10:00:00-07:00,Phoenix,33.403055555556,-112.07527777778,41,pm25,41,35,4.7,,2.3,20.8,36,11,1013.2,6.1,8.7,1
2025-08-18T23:00:00+05:30,Hyderabad (India),17.417094,78.457437,118,pm25,118,77,6.9,7.9,2.9,10.7,23,91.505,1007,2.3049999999999997,10.2,21
2025-08-18T10:00:00-06:00,Denver,39.732146,-105.015317,25,pm25,25,19,6.4,0.6,2.7,18.3,26.1111,32.3,1023.2,2,5.6,
2025-08-19T01:00:00+09:00,Nagoya,35.1814464,136.906398,57,pm25,57,20,9.3,1.5,2.3,20.8,30,70.8,1013.9,2.4,,
2025-08-19T02:00:00+09:00,Fukuoka,33.5903547,130.4017155,76,pm25,76,48,4.7,1.5,3.4,16.8,29.4,80.5,1014,2.1,,
2025-08-19T02:00:00+09:00,Kawasaki,35.5309058,139.7030511,27,pm10,1,27,26,1.5,3.4,20.8,27,88,1013,4.1,,
2025-08-19T01:00:00+08:00,Shenzhen,22.543099,114.057868,25,pm25,25,24,10.1,4.1,8.2,17.9,27.7,92,1010.1,2.5,,
2025-08-19T01:00:00+08:00,Zhongshan (Taiwan),25.062361,121.526528,11,pm10,74,11,8.1,0.9,2.9,7.3,27,83,1012,1,9.2,24
2025-08-19T01:00:00+08:00,Chongqing,29.56301,106.551557,87,pm25,87,35,6,2.1,4.6,19.5,30,58,1008,1.5,,
2025-08-18T20:00:00+03:00,Istanbul (Turkey),41.015278,29.025,54,pm25,54,23,10.1,1.2,13.8,29.4,23.9,83.3,1004.2,3.6,,20.9
2025-08-19T01:00:00+07:00,Hanoi,21.0491,105.8831,43,pm25,43,28,11,9,2,18,26,94,1005.5,2.3,,25
2025-08-19T01:00:00+07:00,Bangkok,13.7563309,100.5017651,40,pm25,40,18,0.6,0.6,0.1,4.8,26.4,10.3,1009.8,1,,
2025-08-19T00:00:00+05:30,Delhi,28.6341,77.2005,70,pm25,70,57,5.2,4,12.2,12.8,23.15,89.725,985.475,0.3,,26
2025-08-19T00:00:00+05:30,Mumbai,19.0863,72.8888,86,pm25,86,51,1.5,14.8,1,11.7,27,99.92,1002.7574999999999,42.965,10.2,25
2025-08-19T03:00:00+09:00,Seoul,37.566535,126.9779692,21,pm25,21,19,7.4,4.6,2.7,15.2,27.2,86.8,1001.5,2.5,,
2025-08-19T02:00:00+08:00,Beijing,39.954592,116.468117,44,pm10,34,44,15.6,1.6,6.4,19.1,26,94,1006,1.5,,
2025-08-19T02:00:00+08:00,Shanghai,31.2047372,121.4489017,13,pm25,13,11,4.6,1.6,3.7,9,29,79,1010,5.6,,
2025-08-19T02:00:00+09:00,Shinjuku (Tokyo),35.713889,139.705556,70,pm25,70,37,9.3,1.5,4.5,21.6,28.8,83,1014.9,,0.3,
2025-08-19T03:00:00+09:00,Osaka,34.6937378,135.5021651,42,pm25,42,16,7.5,5.8,0.1,20,29,78,1014,2.5,,
2025-08-18T17:00:00+02:00,Paris,48.856614,2.3522219,53,pm25,53,25,23.3,0.6,0.1,44.3,26.6,44,1016.3,0.7,,
2025-08-18T18:00:00+01:00,London,51.5073509,-0.1277583,30,pm25,30,16,11,0.6,1,19.9,21.1,61.7,1020.3,5.2,,
2025-08-18T20:00:00+02:00,Frankfurt,50.075464,8.576305,34,o3,20,14,,0.5,0.1,33.7,26.5,30.5,1016,3.3,9.2,8
2025-08-18T20:00:00+02:00,Hamburg,53.564486,9.96834,33,o3,17,12,2.3,1.6,0.1,33.3,20,68,1019,1.5,8.2,14
2025-08-19T02:00:00+08:00,Wuhan,30.593099,114.305393,65,pm25,65,21,11.9,3.6,6.4,,33,59,1007,2.5,,
2025-08-18T20:00:00+02:00,Warsaw (Poland),52.225171,21.014783,21,pm25,21,13,21.6,2,0.1,12,19,68,1019,3.6,8.7,13
2025-08-19T03:00:00+09:30,Winnellie (Australia),-12.424323299931126,130.89335024356842,54,pm25,54,15,1.4,1.2,4.7,10,20.5,33.9,1011.3,7.29,,4.5
2025-08-19T00:00:00+05:30,Bangalore (India),13.0270199,77.494094,53,pm10,45,53,7.5,0.3,3.8,9.4,20,93.7,951.6425,0.8724999999999999,,19
2025-08-19T00:00:00+05:30,Chennai (India),13.1278,80.2642,999,pm25,999,34,3,1.1,3.1,,29.1125,69.8225,82874.8,1.7750000000000001,10.2,24
2025-08-18T13:00:00-04:00,Boston,42.325184,-71.05608,20,o3,13,13,1,0.6,2.3,20,18.6,56,1022.8,,,
2025-08-18T12:00:00-04:00,Georgia,33.68797,-84.29048,47,pm25,47,18,1,0.3,2.8,35.2,34.1,35.6,1015.2,1.4,7.8,
2025-08-18T11:00:00-07:00,Phoenix,33.403055555556,-112.07527777778,32,o3,22,25,4.7,,2.3,32,38,8,1012.5,5.1,8.7,-1
2025-08-19T00:00:00+05:30,Hyderabad (India),17.417094,78.457437,141,pm25,141,78,5.9,6.9,2.7,9.5,23,95.60499999999999,1007,2.3625,10.2,21
2025-08-18T11:00:00-06:00,Denver,39.732146,-105.015317,25,pm25,25,20,6,0.6,2.9,22,27.7778,31.6,1022.6,3,7.6,
2025-08-19T03:00:00+09:00,Daegu,35.8714354,128.601445,22,pm10,63,22,9.2,4.6,3.4,18.1,7.1,71,1016,3.9,,
2025-08-19T03:00:00+09:00,Gyeonggi,37.4112,127.2579,23,pm10,42,23,7.5,2.8,3.4,6.8,27,88,1012.5,1.5,0.5,25
2025-08-19T02:00:00+09:00,Nagoya,35.1814464,136.906398,57,pm25,57,23,13,1.5,1.2,21.6,30.2,67,1013.4,2.1,,
2025-08-19T03:00:00+09:00,Fukuoka,33.5903547,130.4017155,76,pm25,76,43,4.7,1.5,3.4,16.8,28.9,78,1014,3,,
2025-08-19T02:00:00+08:00,Shenzhen,22.543099,114.057868,24,pm10,13,24,10.1,3.6,8.2,17.1,28.1,98.2,1009.5,2.5,,
2025-08-19T02:00:00+08:00,Zhongshan (Taiwan),25.062361,121.526528,12,pm10,74,12,15.5,1,3.5,2.3,27,83,1012,1,9.2,24
2025-08-19T02:00:00+08:00,Chongqing,29.56301,106.551557,70,pm25,70,38,8.3,2.1,4.6,17.9,30,58,1008,2.5,,
2025-08-18T21:00:00+03:00,Istanbul (Turkey),41.015278,29.025,53,pm25,53,23,9.5,1.1,13.8,35.7,23.9,83.3,1004.2,3.6,,20.9
2025-08-19T02:00:00+07:00,Bangkok,13.7563309,100.5017651,32,pm25,32,25,0.6,0.6,0.1,4.8,26.3,94.2,1009,1,,
2025-08-19T04:00:00+09:00,Seoul,37.566535,126.9779692,25,pm25,25,16,7,4.5,2.7,15.9,27.1,87.8,1001.5,2,,
2025-08-19T03:00:00+08:00,Beijing,39.954592,116.468117,107,pm25,107,50,32.5,1.6,7.3,1.3,26,94,1006,1.5,,
2025-08-19T03:00:00+08:00,Shanghai,31.2047372,121.4489017,25,pm25,25,11,4.6,1.6,3.7,8.2,29,79,1010,4.6,,
2025-08-19T03:00:00+09:00,Shinjuku (Tokyo),35.713889,139.705556,65,pm25,65,37,10.2,1.5,4.5,21.6,28.3,84,1014.9,,0.2,
2025-08-18T21:00:00+02:00,Frankfurt,50.075464,8.576305,28,pm25,28,28,,0.5,0.1,22.5,24.5,37,1016,1.8,9.2,9
2025-08-18T21:00:00+02:00,Hamburg,53.564486,9.96834,31,o3,17,12,3.2,1.6,0.1,31.3,19.5,70,1019,1.5,8.2,14
2025-08-18T21:00:00+02:00,Warsaw (Poland),52.225171,21.014783,20,pm25,20,12,20.2,2,0.1,12,18,72,1019,2.5,8.7,13
2025-08-18T13:00:00-04:00,Georgia,33.68797,-84.29048,46,pm25,46,17,0.6,0.2,2.4,35.2,33.6,35.6,1014.9,0.6,4.2,
2025-08-18T12:00:00-07:00,Phoenix,33.403055555556,-112.07527777778,36,o3,5,17,4.7,,2.3,36.1,38,10,1012.1,4.1,8.7,2
2025-08-18T12:00:00-06:00,Denver,39.732146,-105.015317,30,pm25,30,23,8.7,0.6,3.1,22,28.8889,32,1021.8,3,7,
2025-08-19T04:00:00+09:00,Daegu,35.8714354,128.601445,65,pm25,65,27,9.2,4.6,3.4,16,7.1,71,1016,3.9,,
2025-08-19T04:00:00+09:00,Gyeonggi,37.4112,127.2579,59,pm25,59,23,10,2.8,3.4,4.5,26,94,1012.6,1,0.5,25
2025-08-19T03:00:00+09:00,Nagoya,35.1814464,136.906398,61,pm25,61,23,13.9,1.5,1.2,21.6,30,67,1013.3,1.3,,
2025-08-19T04:00:00+09:00,Fukuoka,33.5903547,130.4017155,78,pm25,78,41,4.7,1.5,2.3,16.8,27,83,1013,2,,
2025-08-19T03:00:00+09:00,Kawasaki,35.5309058,139.7030511,63,pm25,63,25,26,1.5,3.4,19.2,28,83,1013,2.5,,
2025-08-19T03:00:00+08:00,Zhongshan (Taiwan),25.062361,121.526528,14,pm10,74,14,11.1,1.2,2.5,4.1,27,83,1012,1,9.2,24
2025-08-18T22:00:00+03:00,Istanbul (Turkey),41.015278,29.025,52,pm25,52,22,9.5,1.1,14,36.5,23.9,83.3,1004.2,3.6,,20.9
2025-08-19T03:00:00+07:00,Hanoi,21.0491,105.8831,18,pm10,43,18,9,9,2,19,26,94,1004,3.8,,25
2025-08-19T03:00:00+07:00,Bangkok,13.7563309,100.5017651,31,pm25,31,19,0.6,0.6,0.1,4.8,26.4,10,1008.4,0.5,,
2025-08-19T02:00:00+05:30,Delhi,28.6341,77.2005,153,pm25,153,47,5.4,3.8,8.6,15.1,23.35,90.225,985.9250000000001,0.3,,26
2025-08-19T01:00:00+05:30,Mumbai,19.0863,72.8888,83,pm25,83,48,1.4,14.9,0.8,11.7,26,99.92,1001.55,43.11,10.2,25
2025-08-19T05:00:00+09:00,Seoul,37.566535,126.9779692,17,pm25,17,10,6.9,4.2,2.7,14.7,27,86.7,1001.4,2,,
2025-08-19T04:00:00+08:00,Beijing,39.954592,116.468117,99,pm25,99,49,28.4,1.6,7.3,1.7,26,94,1006,0.5,,
2025-08-19T04:00:00+08:00,Shanghai,31.2047372,121.4489017,13,pm25,13,12,6,2.1,5.5,7.4,29,79,1010,3.6,,
2025-08-19T04:00:00+09:00,Shinjuku (Tokyo),35.713889,139.705556,61,pm25,61,28,10.2,1.5,4.5,21.6,27,88.8,1010.8,1.5,,25
2025-08-19T04:00:00+09:00,Osaka,34.6937378,135.5021651,46,pm25,46,20,9.3,7.2,2.3,17.6,29,78,1014,2,,
2025-08-18T18:00:00+02:00,Paris,48.856614,2.3522219,54,pm25,54,20,23.3,0.6,0.1,42.8,25,47.7,1016.6,0.3,,
2025-08-18T19:00:00+01:00,London,51.5073509,-0.1277583,20,o3,17,16,8.3,0.6,1,20.4,20,64.7,1020.3,4.7,,
2025-08-18T22:00:00+02:00,Frankfurt,50.075464,8.576305,128,pm10,88,128,,0.5,0.1,16,19.5,53.5,1017,1,9.2,10
2025-08-18T22:00:00+02:00,Hamburg,53.564486,9.96834,26,o3,21,13,6,1.6,0.1,26.4,17.5,77,1019,1,8.2,13.5
2025-08-19T04:00:00+08:00,Wuhan,30.593099,114.305393,61,pm25,61,21,9.2,2.6,5.5,,32,62,1007,3.6,,
2025-08-18T22:00:00+02:00,Warsaw (Poland),52.225171,21.014783,22,pm25,22,13,21.2,2,0.1,12,18,72,1019,2.5,8.7,13
2025-08-19T05:00:00+09:30,Winnellie (Australia),-12.424323299931126,130.89335024356842,34,pm25,34,12,2.2,1,4.4,8.2,20.4,37,1011.4,6.99,,5.2
2025-08-19T01:00:00+05:30,Bangalore (India),13.0270199,77.494094,76,pm25,76,52,8.7,4,3.8,9.4,20,93.7,951.2433333333333,0.8733333333333334,,18
2025-08-19T01:00:00+05:30,Chennai (India),13.1278,80.2642,18,pm25,18,17,2.4,0.8,3.5,,29.350000000000005,67.38,82795.99999999999,1.5366666666666664,10.2,24
2025-08-18T14:00:00-04:00,Boston,42.325184,-71.05608,20,o3,13,11,1,0.6,2.3,20,19.4,54.5,1022.8,,,
2025-08-18T13:00:00-07:00,Phoenix,33.403055555556,-112.07527777778,36,o3,5,10,4.7,,1.2,36.1,39,10,1011.5,3.6,8.7,3
2025-08-19T01:00:00+05:30,Hyderabad (India),17.417094,78.457437,127,pm25,127,71,3.9,6,2.3,10.3,23,95.35333333333334,1007,2.27,10.2,21
2025-08-18T13:00:00-06:00,Denver,39.732146,-105.015317,30,pm25,30,26,11.5,0.6,3.7,25.2,30,30,1021.8,5,11,
2025-08-19T05:00:00+09:00,Daegu,35.8714354,128.601445,74,pm25,74,25,8.8,4.6,3.4,16,7.1,71,1016,3.9,,
2025-08-19T05:00:00+09:00,Gyeonggi,37.4112,127.2579,57,pm25,57,24,9.7,2.8,3.6,4.5,25,100,1012.8,0.5,0.5,25
2025-08-19T04:00:00+09:00,Nagoya,35.1814464,136.906398,57,pm25,57,23,13.9,1.5,1.2,20,29.4,68,1013.8,1.4,,
2025-08-19T05:00:00+09:00,Fukuoka,33.5903547,130.4017155,76,pm25,76,42,5.6,1.5,2.3,15.2,27.8,83,1014,3,,
2025-08-19T04:00:00+09:00,Kawasaki,35.5309058,139.7030511,63,pm25,63,30,24.1,1.5,4.5,16.8,28,85,1013,2.5,,
2025-08-19T04:00:00+08:00,Shenzhen,22.543099,114.057868,30,pm25,30,20,6.9,3.6,4.6,17.5,27.7,96,1009.2,2.6,,
2025-08-19T04:00:00+08:00,Zhongshan (Taiwan),25.062361,121.526528,21,pm10,74,21,10.3,1.3,2.5,7.8,27,83,1012,2,9.2,24
2025-08-19T04:00:00+08:00,Chongqing,29.56301,106.551557,70,pm25,70,28,5.1,2.1,4.6,19.1,29,62,1007,1.5,,
2025-08-19T04:00:00+07:00,Hanoi,21.0491,105.8831,20,pm10,43,20,7,9,2,20,26,94,1004,2.5,,25
2025-08-19T04:00:00+07:00,Bangkok,13.7563309,100.5017651,34,pm25,34,22,0.6,0.6,0.1,4.8,25.8,92.5,1007.6,0.5,,
2025-08-19T02:00:00+05:30,Mumbai,19.0863,72.8888,81,pm25,81,46,1.3,14.9,0.5,11.6,26,99.92,1000.765,43.495,10.2,25
2025-08-19T06:00:00+09:00,Seoul,37.566535,126.9779692,17,pm25,17,13,9.2,4.3,2.9,10.9,27,86.7,1001.4,2,,
2025-08-19T05:00:00+08:00,Beijing,39.954592,116.468117,91,pm25,91,49,13.3,1.6,6.4,21.6,26,94,1007,1.5,,
2025-08-19T05:00:00+09:00,Shinjuku (Tokyo),35.713889,139.705556,61,pm25,61,22,8.4,1.5,4.5,21.6,26.7,92,1011,1.5,,25.3
2025-08-19T05:00:00+09:00,Osaka,34.6937378,135.5021651,38,pm25,38,19,13,5.8,2.3,14.5,29,78,1014,1.7,,
2025-08-18T19:00:00+02:00,Paris,48.856614,2.3522219,43,pm25,43,19,23.3,0.6,0.1,39.2,24,50,1016.8,0.3,,
2025-08-18T20:00:00+01:00,London,51.5073509,-0.1277583,20,o3,17,15,11.5,0.6,1.9,19.9,19.4,66.1,1020.6,5.3,,
2025-08-18T23:00:00+02:00,Frankfurt,50.075464,8.576305,115,pm10,83,115,,0.5,0.1,11.8,19.5,55.5,1016,3.8,9.2,10.5
2025-08-18T23:00:00+02:00,Hamburg,53.564486,9.96834,21,pm25,21,14,14.2,1.6,0.1,14.3,16.5,82,1019,1.8,8.2,13.5
2025-08-18T23:00:00+02:00,Warsaw (Poland),52.225171,21.014783,23,pm25,23,14,18.9,2,0.1,12,16,82,1019,3,8.7,13
2025-08-19T06:00:00+09:30,Winnellie (Australia),-12.424323299931126,130.89335024356842,22,pm25,22,10,3.8,1,5,6.4,18.5,47.6,1012.5,6.59,,7
2025-08-19T02:00:00+05:30,Bangalore (India),13.0270199,77.494094,54,pm10,45,54,8.3,2,3.8,9.3,20,93.7,951.13,0.8766666666666666,,18
2025-08-19T02:00:00+05:30,Chennai (India),13.1278,80.2642,21,pm10,20,21,3.1,0.5,3.1,,29.333333333333332,66.91666666666666,82739.40000000001,1.2733333333333332,10.2,24
2025-08-18T15:00:00-04:00,Georgia,33.68797,-84.29048,46,pm25,46,15,0.7,0.2,2.3,33.6,35,34.6,1013.9,0.2,3.6,
2025-08-18T14:00:00-07:00,Phoenix,33.403055555556,-112.07527777778,35,o3,23,17,4.7,,1.2,35.2,39,13,1010.8,2,8.7,6
2025-08-19T02:00:00+05:30,Hyderabad (India),17.417094,78.457437,114,pm25,114,67,3.1,6,2.1,10.4,23,96.59666666666668,1007,2.373333333333333,10.2,21
2025-08-18T14:00:00-06:00,Denver,39.732146,-105.015317,32,pm10,17,32,7.4,0.6,2.7,23.6,31.1111,21.5,1020.5,5,8,
2025-08-19T05:00:00+09:00,Nagoya,35.1814464,136.906398,59,pm25,59,20,14.9,1.5,1.2,16,29.4,76,1013.8,1.7,,
2025-08-19T06:00:00+09:00,Fukuoka,33.5903547,130.4017155,74,pm25,74,43,7.5,1.5,2.3,12.8,27.8,83,1014,2.8,,
2025-08-19T05:00:00+09:00,Kawasaki,35.5309058,139.7030511,61,pm25,61,32,11.2,1.5,3.4,16,28,86,1013,1.9,,
2025-08-19T05:00:00+08:00,Zhongshan (Taiwan),25.062361,121.526528,21,pm10,74,21,8.7,0.9,2,7.3,28,83,1011,2.5,9.2,25
2025-08-19T05:00:00+08:00,Chongqing,29.56301,106.551557,70,pm25,70,30,5.1,2.1,4.6,19.1,29,62,1007,1.5,,
2025-08-18T23:00:00+03:00,Istanbul (Turkey),41.015278,29.025,52,pm25,52,22,10.1,1.2,14.2,36.5,23,91.8,1005.2,2,,21.6
2025-08-19T05:00:00+07:00,Hanoi,21.0491,105.8831,22,pm10,43,22,5,9,3,23,26,94,1004,2.5,,25
2025-08-19T05:00:00+07:00,Bangkok,13.7563309,100.5017651,54,pm25,54,21,0.6,0.6,0.1,4.8,26.8,94.7,1009,1,,
2025-08-19T03:00:00+05:30,Delhi,28.6341,77.2005,85,pm25,85,57,3.9,3.5,8.2,13.9,23.333333333333332,91.10000000000001,985.4666666666667,0.26666666666666666,,26
2025-08-19T04:00:00+05:30,Mumbai,19.0863,72.8888,103,pm25,103,61,1.2,14.9,0.5,11.5,25,99.92,1000.3000000000001,43.09,11.3,25
2025-08-19T07:00:00+09:00,Seoul,37.566535,126.9779692,17,pm25,17,15,12.7,4.3,2.8,7.6,26.9,88.8,1001.7,2,,
2025-08-19T06:00:00+08:00,Beijing,39.954592,116.468117,38,o3,13,6,3.2,1.1,4.6,38.2,23,100,1007,1.5,,
2025-08-19T06:00:00+08:00,Shanghai,31.2047372,121.4489017,13,pm25,13,12,6.4,4.1,5.5,4.9,29,74,1010,3.6,,
2025-08-19T06:00:00+09:00,Shinjuku (Tokyo),35.713889,139.705556,61,pm25,61,29,8.4,1.5,2.3,7.3,28.3,83.8,1011.5,1.5,,25.3
2025-08-19T07:00:00+09:00,Osaka,34.6937378,135.5021651,50,pm25,50,19,15.8,5.8,0.1,12.8,29.4,74,1015,2,,
2025-08-18T20:00:00+02:00,Paris,48.856614,2.3522219,45,pm25,45,20,18.4,0.6,0.1,39.2,23.6,52.5,1016.9,0.3,,
2025-08-18T21:00:00+01:00,London,51.5073509,-0.1277583,20,o3,17,16,6,0.6,1.9,19.5,18.8,65.1,1020.5,4.5,,
2025-08-19T00:00:00+02:00,Frankfurt,50.075464,8.576305,54,pm10,50,54,,0.5,0.1,15.3,19,59.5,1016,3.8,9.2,11
2025-08-19T00:00:00+02:00,Hamburg,53.564486,9.96834,21,pm25,21,15,14.2,1.6,0.1,12.6,15,87,1019,1.2,8.2,13
2025-08-19T06:00:00+08:00,Wuhan,30.593099,114.305393,57,pm25,57,22,11.5,2.6,5.5,,30,74,1008,1.5,,
2025-08-19T00:00:00+02:00,Warsaw (Poland),52.225171,21.014783,30,pm25,30,20,20.6,2,0.1,12,15,87,1019,2,8.7,13
2025-08-19T07:00:00+09:30,Winnellie (Australia),-12.424323299931126,130.89335024356842,49,pm25,49,16,6.4,1.1,5.2,4.1,17.5,48.8,1013.9,6.49,,7.3
2025-08-19T03:00:00+05:30,Bangalore (India),13.0270199,77.494094,55,pm10,51,55,8.6,2.8,3.8,9.5,20,93.7,950.9933333333333,0.88,,18
2025-08-19T03:00:00+05:30,Chennai (India),13.1278,80.2642,49,pm25,49,24,3.1,0.5,2.8,,29.310000000000002,69.42333333333333,82726.09999999999,1.4666666666666668,10.2,23
2025-08-18T15:00:00-04:00,Boston,42.325184,-71.05608,21,o3,13,9,1,0.6,2.3,20.8,19.4,55.6,1023,,,
2025-08-18T16:00:00-04:00,Georgia,33.68797,-84.29048,45,pm25,45,18,1.1,0.2,2.3,31.2,32.5,41,1014,0.2,4.2,
2025-08-18T15:00:00-07:00,Phoenix,33.403055555556,-112.07527777778,35,o3,23,15,4.7,,1.2,35.2,42,13,1010.1,4.1,9.2,8
2025-08-19T03:00:00+05:30,Hyderabad (India),17.417094,78.457437,112,pm25,112,65,2.8,5.8,1.5,11.4,23,97.90000000000002,1007,2.3166666666666664,10.2,21
2025-08-18T15:00:00-06:00,Denver,39.732146,-105.015317,24,o3,13,11,6,0.6,2.5,24.4,32.2222,28.5,1020.4,4,14.5,
2025-08-19T06:00:00+09:00,Daegu,35.8714354,128.601445,68,pm25,68,27,12.9,4.2,3.4,8.2,7.1,71,1016,3.9,,
2025-08-19T06:00:00+09:00,Gyeonggi,37.4112,127.2579,55,pm25,55,25,10.7,2.9,3.9,1.2,26,100,1012.8,0.5,0.5,26
2025-08-19T06:00:00+09:00,Nagoya,35.1814464,136.906398,59,pm25,59,26,16.7,1.5,1.2,12.8,31.1,66,1014.4,2.3,,
2025-08-19T07:00:00+09:00,Fukuoka,33.5903547,130.4017155,70,pm25,70,45,8.4,1.5,2.3,13.6,28,80.8,1014,4.1,,
2025-08-19T06:00:00+09:00,Kawasaki,35.5309058,139.7030511,68,pm25,68,34,27.8,1.5,4.5,15.2,29,79,1014,2,,
2025-08-19T06:00:00+08:00,Shenzhen,22.543099,114.057868,27,pm10,25,27,8.7,4.1,5.5,17.1,27.7,92,1009.8,2.5,,
2025-08-19T06:00:00+08:00,Zhongshan (Taiwan),25.062361,121.526528,19,pm10,74,19,8.2,1,2.3,9.9,28,83,1011,2.5,9.2,25
2025-08-19T06:00:00+08:00,Chongqing,29.56301,106.551557,61,pm25,61,28,5.1,2.1,4.6,19.1,28,65,1007,1.5,,
2025-08-19T01:00:00+03:00,Istanbul (Turkey),41.015278,29.025,52,pm25,52,22,11.3,1.2,14.6,38.3,23,93,1005.6,0.5,,21.8
2025-08-19T06:00:00+07:00,Hanoi,21.0491,105.8831,23,pm10,43,23,5,10,4,26,26,94,1005,2.5,,25
2025-08-19T06:00:00+07:00,Bangkok,13.7563309,100.5017651,38,pm25,38,14,0.6,0.6,0.1,4.8,26.8,94.7,1009,1,,
2025-08-19T04:00:00+05:30,Delhi,28.6341,77.2005,68,pm25,68,46,3.9,3.8,8.2,10,23.15,91.9,985.8,0.25,,26
2025-08-19T08:00:00+09:00,Seoul,37.566535,126.9779692,17,pm25,17,17,13.1,4.5,3.2,6.7,26.9,88.8,1001.7,2,,
2025-08-19T07:00:00+08:00,Beijing,39.954592,116.468117,34,o3,13,6,3.7,1.6,4.6,33.8,23,100,1006,1.5,,
2025-08-19T07:00:00+09:00,Shinjuku (Tokyo),35.713889,139.705556,57,pm25,57,18,13,1.5,3.4,7.3,28.3,83.8,1011.5,1.5,,25.3
2025-08-19T08:00:00+09:00,Osaka,34.6937378,135.5021651,53,pm25,53,18,14.9,7.2,0.1,13.6,30,74,1015,2,,
2025-08-18T21:00:00+02:00,Paris,48.856614,2.3522219,40,pm25,40,16,18.7,0.6,0.1,33.6,22.8,55.6,1016.9,0.2,,
2025-08-18T22:00:00+01:00,London,51.5073509,-0.1277583,20,o3,17,16,11.5,0.6,1.9,19.9,18.8,65.4,1020.5,4.5,,
2025-08-19T07:00:00+08:00,Wuhan,30.593099,114.305393,59,pm25,59,27,10.6,2.6,6.4,,31,74,1008,0.5,,
2025-08-19T08:00:00+09:30,Winnellie (Australia),-12.424323299931126,130.89335024356842,48,pm25,48,21,3.5,1.2,4.9,8.8,17.5,38,1013.9,8.17,,7.3
2025-08-19T04:00:00+05:30,Bangalore (India),13.0270199,77.494094,70,pm25,70,55,7.9,1.6,3.8,9.4,20,93.7,951.0499999999998,0.8666666666666667,,18
2025-08-19T04:00:00+05:30,Chennai (India),13.1278,80.2642,65,pm25,65,32,2.9,0.6,4,,29.066666666666666,68.57000000000001,82767.13333333335,1.7433333333333334,10.2,23
2025-08-18T17:00:00-04:00,Boston,42.325184,-71.05608,21,o3,14,9,1.9,0.5,2.3,20.8,19.4,55.6,1022.9,,,
2025-08-18T17:00:00-04:00,Georgia,33.68797,-84.29048,41,pm25,41,20,9.7,0.2,3.4,13.6,30.2,46.2,1014.1,0.8,6.4,
2025-08-18T16:00:00-07:00,Phoenix,33.403055555556,-112.07527777778,37,o3,21,13,4.7,,1.2,36.8,42,12,1009.4,5.6,10.8,7
2025-08-19T04:00:00+05:30,Hyderabad (India),17.417094,78.457437,100,pm25,100,63,3.3,5.6,1.5,11.3,23,98.00999999999999,1007,2.34,10.2,21
2025-08-18T16:00:00-06:00,Denver,39.732146,-105.015317,25,pm25,25,18,5.1,0.6,1.7,24.8,31.6667,32,1020.3,8,15,
2025-08-19T07:00:00+09:00,Daegu,35.8714354,128.601445,68,pm25,68,27,13.2,4.2,3.6,9.2,7.1,71,1016,3.9,,
2025-08-19T07:00:00+09:00,Gyeonggi,37.4112,127.2579,59,pm25,59,25,11.6,2.9,3.9,4.8,26,100,1012.8,0.5,0.5,26
2025-08-19T07:00:00+09:00,Nagoya,35.1814464,136.906398,63,pm25,63,21,15.8,2.9,3.4,15.2,32.7,61,1014.4,1.7,,
2025-08-19T08:00:00+09:00,Fukuoka,33.5903547,130.4017155,72,pm25,72,46,10.2,1.5,3.4,16.8,29,79,1015,2.5,,
2025-08-19T07:00:00+09:00,Kawasaki,35.5309058,139.7030511,70,pm25,70,30,29.7,1.5,5.6,18.4,29.5,80,1014,4.6,,
2025-08-19T07:00:00+08:00,Shenzhen,22.543099,114.057868,22,pm10,13,22,9.2,4.1,5.5,18.3,28.3,94,1010.7,2.2,,
2025-08-19T07:00:00+08:00,Zhongshan (Taiwan),25.062361,121.526528,24,pm10,74,24,10.4,1,3,10.6,27.6,88,1011.3,2.7,9.2,25.6
2025-08-19T07:00:00+08:00,Chongqing,29.56301,106.551557,65,pm25,65,30,5.1,2.1,4.6,17.1,28,65,1007,1.5,,
2025-08-19T02:00:00+03:00,Istanbul (Turkey),41.015278,29.025,52,pm25,52,21,13.1,1.9,14.9,38.5,22.5,91.2,1005.7,1.5,,21
2025-08-19T08:00:00+07:00,Hanoi,21.0491,105.8831,23,pm10,43,23,3,10,13,22,26,94,1005.5,3.3,,25
2025-08-19T08:00:00+07:00,Bangkok,13.7563309,100.5017651,63,pm25,63,38,0.6,0.6,0.1,4.8,28.5,95.9,1010.3,1,,
2025-08-19T07:00:00+05:30,Delhi,28.6341,77.2005,107,pm25,107,65,5.6,3.6,9.1,13.4,24.55,90.05,985.5,1.4,,26
2025-08-19T07:00:00+05:30,Mumbai,19.0863,72.8888,71,pm25,71,35,1.4,14.7,0.7,11.1,26,99.92,1000.28,32.06,11.3,25
2025-08-19T11:00:00+09:00,Seoul,37.566535,126.9779692,25,pm25,25,14,10.1,4.9,3.7,20.9,29.7,72.8,1001.5,3.6,,
2025-08-19T09:00:00+08:00,Beijing,39.954592,116.468117,32,o3,25,7,5.1,1.6,5.5,32.1,25,94,1007,1.5,,
2025-08-19T09:00:00+08:00,Shanghai,31.2047372,121.4489017,23,pm10,13,23,7.4,5.1,5.5,11.8,33.5,59,1011,3.6,,
2025-08-19T10:00:00+09:00,Shinjuku (Tokyo),35.713889,139.705556,53,pm25,53,27,14.9,1.5,2.3,7.3,32.8,62.9,1010.6,2.5,,24.8
2025-08-19T10:00:00+09:00,Osaka,34.6937378,135.5021651,46,pm25,46,24,16.7,7.2,2.3,22.4,32,64,1014.5,2.8,,
2025-08-19T00:00:00+02:00,Paris,48.856614,2.3522219,56,pm25,56,13,27,0.6,0.1,23,22,58.6,1016.4,0.4,,
2025-08-19T01:00:00+01:00,London,51.5073509,-0.1277583,25,pm25,25,15,3.7,0.6,1,21.6,16.3,79.6,1019.2,4,,
2025-08-19T03:00:00+02:00,Frankfurt,50.075464,8.576305,30,pm25,30,22,,0.5,0.1,13.5,18,59,1016,3.8,9.2,10
2025-08-19T02:00:00+02:00,Hamburg,53.564486,9.96834,15,pm10,21,15,13.8,1.6,0.1,7.4,12.5,96.5,1018,0.5,8.2,12
2025-08-19T09:00:00+08:00,Wuhan,30.593099,114.305393,55,pm25,55,25,15.6,3.6,5.5,,34,59,1009,3.6,,
2025-08-19T03:00:00+02:00,Warsaw (Poland),52.225171,21.014783,28,pm25,28,14,14.4,2,0.1,12,13,93,1018,1,8.7,12
2025-08-19T11:00:00+09:30,Winnellie (Australia),-12.424323299931126,130.89335024356842,27,pm10,15,27,1.9,1,4.3,11,26.3,22.4,1014.6,14.36,,4.1
2025-08-19T07:00:00+05:30,Bangalore (India),13.0270199,77.494094,72,pm25,72,55,7.3,1.6,3.8,9.4,20,93.7,951.455,0.785,,18
2025-08-19T07:00:00+05:30,Chennai (India),13.1278,80.2642,58,pm25,58,34,4.2,1.7,2.9,,28.94,71.99000000000001,82918.15,1.75,10.2,22
2025-08-18T20:00:00-04:00,Boston,42.325184,-71.05608,18,o3,13,7,4.7,0.5,3.4,17.6,17.2,63,1024.1,,,
2025-08-18T19:00:00-04:00,Georgia,33.68797,-84.29048,48,pm25,48,18,9.9,0.2,4.5,8,23.8,58,1016.8,1.1,6,
2025-08-18T18:00:00-07:00,Phoenix,33.403055555556,-112.07527777778,35,o3,15,20,4.7,,1.2,35.2,41,12,1008.4,7.2,11.8,7
2025-08-19T07:00:00+05:30,Hyderabad (India),17.417094,78.457437,110,pm25,110,65,6.1,6.2,2.8,9.4,23,97.85,1006,2.35,10.2,22
2025-08-18T19:00:00-06:00,Denver,39.732146,-105.015317,18,o3,9,5,2.3,0.6,1.4,17.9,27.2222,36.6,1022.1,6,2.3,
2025-08-19T10:00:00+09:00,Daegu,35.8714354,128.601445,46,pm25,46,19,8.8,3.6,2.6,25.2,7.1,71,1016,3.9,,
2025-08-19T10:00:00+09:00,Gyeonggi,37.4112,127.2579,38,pm25,38,20,10.5,3,3.6,17.9,30,74,1012.8,3,0.5,25
2025-08-19T10:00:00+09:00,Nagoya,35.1814464,136.906398,76,pm25,76,28,21.3,1.5,4.5,40,36.6,50,1013.6,2.3,,
2025-08-19T10:00:00+09:00,Fukuoka,33.5903547,130.4017155,78,pm25,78,37,13.9,2.9,4.5,24.1,32.1,62,1014,2.9,,
2025-08-19T10:00:00+09:00,Kawasaki,35.5309058,139.7030511,61,pm25,61,38,13.9,2.9,2.3,32.8,33,68,1013,6.9,,
2025-08-19T09:00:00+08:00,Shenzhen,22.543099,114.057868,30,pm25,30,22,15.6,4.1,10,18.3,28.3,94,1012,1.5,,
2025-08-19T09:00:00+08:00,Zhongshan (Taiwan),25.062361,121.526528,22,pm10,74,22,12.2,1.5,4.9,18.3,32.5,68,1012,3,9.2,26
2025-08-19T09:00:00+08:00,Chongqing,29.56301,106.551557,63,pm25,63,24,8.3,2.6,5.5,16.7,29,65,1008,2.5,,
2025-08-19T04:00:00+03:00,Istanbul (Turkey),41.015278,29.025,54,pm25,54,21,9.5,2,15.1,34.9,22.2,90.1,1005.6,2.5,,20.5
2025-08-19T10:00:00+07:00,Hanoi,21.0491,105.8831,22,pm10,43,22,15,10,10,21,26,94,1007,4.6,,25
2025-08-19T09:00:00+07:00,Bangkok,13.7563309,100.5017651,58,pm25,58,18,0.6,0.6,0.1,4.8,29.3,9.4,1010.8,1,,
2025-08-19T08:00:00+05:30,Delhi,28.6341,77.2005,95,pm25,95,54,4.8,3.5,9.5,7,26.85,85.19999999999999,985.65,0.9,,26
2025-08-19T08:00:00+05:30,Mumbai,19.0863,72.8888,74,pm25,74,38,1.3,14.8,0.7,11.5,26,99.92,1000.68,43.41,14.4,25
2025-08-19T12:00:00+09:00,Seoul,37.566535,126.9779692,28,o3,21,16,9.4,4.9,3,27.5,30.5,70.8,1001.5,3.6,,
2025-08-19T11:00:00+08:00,Beijing,39.954592,116.468117,34,pm25,34,10,6,1.6,5.5,33.8,26,88,1006,0.5,,
2025-08-19T10:00:00+08:00,Shanghai,31.2047372,121.4489017,38,pm25,38,25,7.4,4.6,5.5,21.6,34.5,56,1011,2.5,,
2025-08-19T11:00:00+09:00,Shinjuku (Tokyo),35.713889,139.705556,55,pm25,55,21,13.9,1.5,2.3,7.3,33.5,64.2,1009.9,4.1,,25.8
2025-08-19T11:00:00+09:00,Osaka,34.6937378,135.5021651,53,pm25,53,30,18.6,5.8,2.3,28.1,32.5,66,1014,3,,
2025-08-19T02:00:00+02:00,Paris,48.856614,2.3522219,56,pm25,56,26,15.4,0.6,0.1,23,20,65,1015.2,2.5,,
2025-08-19T02:00:00+01:00,London,51.5073509,-0.1277583,25,pm25,25,15,2.3,0.6,1,21.6,16,82.2,1018.7,2,,
2025-08-19T05:00:00+02:00,Frankfurt,50.075464,8.576305,21,pm25,21,10,,0.5,0.1,11.8,18,59,1015.5,4.1,9.2,10
2025-08-19T04:00:00+02:00,Hamburg,53.564486,9.96834,6,o3,21,15,12.8,1.6,0.1,6.1,12,100,1017,0.7,8.2,12
2025-08-19T10:00:00+08:00,Wuhan,30.593099,114.305393,46,pm25,46,20,6.4,3.6,5.5,,34,59,1009,3.6,,
2025-08-19T04:00:00+02:00,Warsaw (Poland),52.225171,21.014783,30,pm25,30,17,14.9,2,0.1,12,12,100,1018,0.5,8.7,12
2025-08-19T12:00:00+09:30,Winnellie (Australia),-12.424323299931126,130.89335024356842,25,pm25,25,23,1.9,1,4.3,11,27.7,19,1013.6,14.969999999999999,,4.1
2025-08-19T08:00:00+05:30,Bangalore (India),13.0270199,77.494094,54,pm10,50,54,7.5,0.6,3.8,9.2,21,93.6,951.595,0.755,,19
2025-08-19T08:00:00+05:30,Chennai (India),13.1278,80.2642,71,pm25,71,50,5.1,1.8,2.5,,29.185000000000002,69.22,82992.5,1.96,10.2,24
2025-08-18T20:00:00-04:00,Georgia,33.68797,-84.29048,45,pm25,45,18,14.3,0.2,4.9,4,23.8,60.1,1016.5,1.1,6,
2025-08-18T19:00:00-07:00,Phoenix,33.403055555556,-112.07527777778,34,o3,20,20,4.7,,1.2,34.4,40,10,1008.4,7.2,11.8,3
2025-08-19T08:00:00+05:30,Hyderabad (India),17.417094,78.457437,106,pm25,106,63,6.5,6.5,3.7,8.8,24,93.28,1007,1.895,10.2,22
2025-08-19T11:00:00+09:00,Daegu,35.8714354,128.601445,50,pm25,50,16,9.4,3.5,2.6,37.2,7.1,71,1016,3.9,,
2025-08-19T11:00:00+09:00,Gyeonggi,37.4112,127.2579,25,pm25,25,16,10,2.9,3.4,17.9,31,68,1012.5,3.6,0.5,24.5
2025-08-19T11:00:00+09:00,Nagoya,35.1814464,136.906398,74,pm25,74,26,13,1.5,3.4,48.1,36.6,48,1012.8,1.7,,
2025-08-19T12:00:00+09:00,Fukuoka,33.5903547,130.4017155,80,pm25,80,51,15.8,2.9,3.4,30.4,33.1,62.5,1014,3,,
2025-08-19T11:00:00+09:00,Kawasaki,35.5309058,139.7030511,63,pm25,63,21,11.2,2.9,2.3,38.4,32,70,1012,7.2,,
2025-08-19T10:00:00+08:00,Shenzhen,22.543099,114.057868,38,pm25,38,21,14.7,4.1,9.1,17.5,28,95.8,1012.6,2.5,,
2025-08-19T10:00:00+08:00,Zhongshan (Taiwan),25.062361,121.526528,26,o3,74,24,12.3,1.5,3.7,25.8,35,63,1012,2,9.2,27
2025-08-19T10:00:00+08:00,Chongqing,29.56301,106.551557,59,pm25,59,20,6.4,2.6,5.5,22.8,31,58,1008,2.5,,
2025-08-19T05:00:00+03:00,Istanbul (Turkey),41.015278,29.025,51,pm25,51,20,5.7,2,15,34.9,23,78,1012,2.5,15.4,19
2025-08-19T09:00:00+05:30,Delhi,28.6341,77.2005,70,pm25,70,62,4.4,3.7,8.9,15.7,29.3,78.1,985.8,1.1,,26
2025-08-19T09:00:00+05:30,Mumbai,19.0863,72.8888,78,pm25,78,43,1.3,14.8,0.5,11.6,25,99.92,1000.8199999999999,43.0325,13.8,25
2025-08-19T11:00:00+08:00,Shanghai,31.2047372,121.4489017,50,pm25,50,25,6.9,4.6,5.5,30.1,36,50,1010,3,,
2025-08-19T12:00:00+09:00,Osaka,34.6937378,135.5021651,57,pm25,57,27,22.3,5.8,0.1,36.8,33.9,59,1013,3.6,,
2025-08-19T03:00:00+01:00,London,51.5073509,-0.1277583,25,pm25,25,15,2.3,1.7,0.6,22,15.5,84.1,1018.6,2.6,,
2025-08-19T05:00:00+02:00,Hamburg,53.564486,9.96834,5,o3,21,15,12.4,1.6,0.1,4.9,12,100,1017,0.7,8.2,12
2025-08-19T11:00:00+08:00,Wuhan,30.593099,114.305393,50,pm25,50,16,8.3,3.6,5.5,,35,56,1009,2.5,,
2025-08-19T05:00:00+02:00,Warsaw (Poland),52.225171,21.014783,33,pm25,33,16,16.4,2,0.1,12,11,100,1018,1,8.7,11
2025-08-19T13:00:00+09:30,Winnellie (Australia),-12.424323299931126,130.89335024356842,34,pm10,33,34,1.9,1,4.3,11,28.9,18.2,1012.3,14.5,,3
2025-08-19T09:00:00+05:30,Bangalore (India),13.0270199,77.494094,67,pm25,67,57,7.4,2.3,3.8,9.2,21,93.6,951.76,0.82,,19
2025-08-19T09:00:00+05:30,Chennai (India),13.1278,80.2642,81,pm25,81,57,4.5,0.5,4.5,,29.2025,68.35250000000002,82989.425,2.035,10.2,24
2025-08-18T21:00:00-04:00,Boston,42.325184,-71.05608,17,o3,15,6,10.2,0.5,6.7,16.8,16.9,60.5,1024.2,,,
2025-08-18T21:00:00-04:00,Georgia,33.68797,-84.29048,47,pm25,47,22,16.3,0.2,5.6,4,23.8,64.7,1017.6,1.1,6,
2025-08-18T20:00:00-07:00,Phoenix,33.403055555556,-112.07527777778,30,o3,10,13,4.7,,1.2,30.4,39,10,1009.1,4.1,11.8,3
2025-08-19T09:00:00+05:30,Hyderabad (India),17.417094,78.457437,99,pm25,99,62,5.7,7.1,4.1,9.1,24,91.23,1007,2.0075,10.2,22
2025-08-19T11:00:00+08:00,Shenzhen,22.543099,114.057868,59,pm25,59,27,13.8,4.1,9.1,17.9,28,97,1012.6,2.5,,
2025-08-19T11:00:00+08:00,Zhongshan (Taiwan),25.062361,121.526528,33,o3,74,24,15,1.3,3.4,32.5,35,63,1012,3.6,9.2,27
2025-08-19T11:00:00+08:00,Chongqing,29.56301,106.551557,50,pm25,50,23,3.7,2.1,4.6,28.5,33,52,1007,3.6,,
2025-08-19T06:00:00+03:00,Istanbul (Turkey),41.015278,29.025,48,pm25,48,19,10.7,2.1,14.9,30.5,23,73,1012,3.6,15.4,18
2025-08-19T11:00:00+07:00,Hanoi,21.0491,105.8831,23,pm10,43,23,17,10,8,18,27,88,1007,3,,25
2025-08-19T11:00:00+07:00,Bangkok,13.7563309,100.5017651,54,pm25,54,16,0.6,0.6,0.1,4.8,31.2,8.2,1010.5,0.5,,
2025-08-19T10:00:00+05:30,Delhi,28.6341,77.2005,157,pm25,157,57,5.8,3.4,8,14.8,29.15,76.42500000000001,985.8499999999999,1.0750000000000002,,26
2025-08-19T10:00:00+05:30,Mumbai,19.0863,72.8888,75,pm25,75,40,1.4,14.9,0.9,11.7,25.5,99.92,1001.6166666666668,67.21333333333334,13.8,25
2025-08-19T13:00:00+09:00,Seoul,37.566535,126.9779692,27,o3,25,15,9,4.8,3,26.5,31.2,64.8,1000.5,4.1,,
2025-08-19T12:00:00+08:00,Beijing,39.954592,116.468117,34,pm25,34,12,5.5,1.6,5.5,32.1,26,88,1006,1.5,,
2025-08-19T12:00:00+08:00,Shanghai,31.2047372,121.4489017,55,pm25,55,27,5.5,4.6,5.5,30.1,36,50,1010,2.5,,
2025-08-19T12:00:00+09:00,Shinjuku (Tokyo),35.713889,139.705556,61,pm25,61,19,11.2,1.5,2.3,37.6,33.9,60.9,1009.4,5.1,,25.3
2025-08-19T13:00:00+09:00,Osaka,34.6937378,135.5021651,61,pm25,61,21,23.2,5.8,0.1,44.8,34,59,1013,3,,
2025-08-19T03:00:00+02:00,Paris,48.856614,2.3522219,45,pm25,45,13,15.4,0.6,0.1,26.3,19.4,68,1014.9,3,,
2025-08-19T06:00:00+02:00,Frankfurt,50.075464,8.576305,21,pm25,21,10,,0.5,0.1,10.6,18,59,1015,3.6,9.2,10
2025-08-19T06:00:00+02:00,Hamburg,53.564486,9.96834,16,pm10,21,16,15.6,1.6,0.1,1.3,11,100,1017,1.2,8.2,11
2025-08-19T12:00:00+08:00,Wuhan,30.593099,114.305393,55,pm25,55,20,7.4,2.6,3.7,,35,56,1008,3.6,,
2025-08-19T06:00:00+02:00,Warsaw (Poland),52.225171,21.014783,48,pm25,48,26,19.3,2,0.1,12,11,100,1018,0.5,8.7,11
2025-08-19T10:00:00+05:30,Bangalore (India),13.0270199,77.494094,92,pm25,92,60,7.7,2.1,3.8,9.2,22,93.57499999999999,951.7674999999999,0.8224999999999999,,20
2025-08-19T10:00:00+05:30,Chennai (India),13.1278,80.2642,66,pm25,66,59,4.8,0.1,4.4,,29.2225,66.58500000000001,82989.15,2.7575,10.2,24
2025-08-18T23:00:00-04:00,Boston,42.325184,-71.05608,16,pm25,16,6,10.2,0.5,6.7,14.5,16.1,64,1024.4,,,
2025-08-18T22:00:00-04:00,Georgia,33.68797,-84.29048,49,pm25,49,20,15,0.2,6.7,4,23.8,67,1017.8,1.1,6,
2025-08-18T21:00:00-07:00,Phoenix,33.403055555556,-112.07527777778,30,pm25,30,17,4.7,,1.2,24.1,37,12,1009.8,3,11.8,4
2025-08-19T13:00:00+09:00,Daegu,35.8714354,128.601445,34,o3,34,16,8.4,3.5,2.4,34.2,7.1,71,1016,3.9,,
2025-08-19T12:00:00+09:00,Gyeonggi,37.4112,127.2579,28,o3,17,16,8.9,3,3.4,27.7,31,70,1012.5,4.1,0.5,25
2025-08-19T12:00:00+09:00,Nagoya,35.1814464,136.906398,68,pm25,68,26,11.2,1.5,2.3,55.8,36.6,48,1012.2,3.2,,
2025-08-19T13:00:00+09:00,Fukuoka,33.5903547,130.4017155,82,pm25,82,49,11.2,2.9,3.4,28.1,33,59,1013,4.6,,
2025-08-19T12:00:00+09:00,Kawasaki,35.5309058,139.7030511,63,pm25,63,20,11.2,2.9,2.3,38.4,34,68,1011.5,7.9,,
2025-08-19T12:00:00+08:00,Shenzhen,22.543099,114.057868,42,pm25,42,19,15.6,4.1,9.1,17.9,28,97,1012.1,2.5,,
2025-08-19T12:00:00+08:00,Zhongshan (Taiwan),25.062361,121.526528,38,o3,74,30,11.5,1.5,2.7,38,34,63,1011,4.1,9.2,26
2025-08-19T07:00:00+03:00,Istanbul (Turkey),41.015278,29.025,45,pm25,45,19,12.8,2.2,14.7,28.8,23,73,1012,3,15.4,18
2025-08-19T12:00:00+07:00,Hanoi,21.0491,105.8831,22,pm10,43,22,13,10,7,22,27,94,1006,4.1,,26
2025-08-19T12:00:00+07:00,Bangkok,13.7563309,100.5017651,63,pm25,63,27,0.6,0.6,0.1,4.8,31.2,92.6,1010.5,0.5,,
2025-08-19T11:00:00+05:30,Delhi,28.6341,77.2005,95,pm25,95,62,5.7,3.4,8.2,25.5,30.875,68.05,985.575,1.75,,25
2025-08-19T13:00:00+08:00,Beijing,39.954592,116.468117,46,pm25,46,15,5.5,1.1,5.5,32.1,26,83,1005,1.5,,
2025-08-19T13:00:00+08:00,Shanghai,31.2047372,121.4489017,59,pm25,59,29,5.1,4.6,5.5,40.7,36,53,1009,4.6,,
2025-08-19T13:00:00+09:00,Shinjuku (Tokyo),35.713889,139.705556,55,pm25,55,21,10.2,1.5,2.3,37.6,34,59.1,1008.4,4.6,,24.9
2025-08-19T04:00:00+01:00,London,51.5073509,-0.1277583,25,pm25,25,20,3.2,0.5,0.6,22,15.5,85,1018.3,3.4,,
2025-08-19T07:00:00+02:00,Frankfurt,50.075464,8.576305,26,pm25,26,19,,0.5,0.1,9.5,17.5,59,1015,3.3,9.2,9.5
2025-08-19T07:00:00+02:00,Hamburg,53.564486,9.96834,16,pm10,21,16,16.5,1.6,0.1,0.5,11.5,96.5,1017,1.8,8.2,11
2025-08-19T13:00:00+08:00,Wuhan,30.593099,114.305393,53,pm25,53,15,5.5,2.1,4.6,,36,53,1007,5.6,,
2025-08-19T07:00:00+02:00,Warsaw (Poland),52.225171,21.014783,55,pm25,55,33,23.5,2,0.1,12,13,100,1018,0.2,8.7,13
2025-08-19T00:00:00-04:00,Boston,42.325184,-71.05608,20,pm25,20,7,12.1,0.5,5.6,8,16.1,64,1024.6,,,
2025-08-18T23:00:00-04:00,Georgia,33.68797,-84.29048,52,pm25,52,24,8.5,0.3,7.8,4,23.7,67.8,1016.5,1.1,6,
2025-08-18T22:00:00-07:00,Phoenix,33.403055555556,-112.07527777778,31,pm25,31,15,4.7,,1.2,21.6,36,13,1009.8,2,11.8,4
2025-08-19T10:00:00+05:30,Hyderabad (India),17.417094,78.457437,88,pm25,88,61,5.6,7.8,4.8,9.6,25,81.08,1007,2.35,10.2,22
2025-08-18T20:00:00-06:00,Denver,39.732146,-105.015317,9,pm25,9,4,1.9,0.6,1.3,17.9,23.8889,53.1,1026.5,4,6.9,
2025-08-19T14:00:00+09:00,Daegu,35.8714354,128.601445,30,pm25,30,11,6.4,3.5,2,27.2,7.1,71,1016,3.9,,
2025-08-19T13:00:00+09:00,Nagoya,35.1814464,136.906398,70,pm25,70,22,11.2,2.9,2.3,55.8,37.7,47,1011.4,3.8,,
2025-08-19T14:00:00+09:00,Fukuoka,33.5903547,130.4017155,87,pm25,87,47,10.2,4.3,3.4,27.2,33,62,1012,4.6,,
2025-08-19T13:00:00+09:00,Kawasaki,35.5309058,139.7030511,55,pm25,55,31,10.2,1.5,2.3,39.2,34,64,1011,8.7,,
2025-08-19T13:00:00+08:00,Shenzhen,22.543099,114.057868,59,pm25,59,22,17,4.1,10,13.9,28,97,1011.4,3.6,,
2025-08-19T13:00:00+08:00,Zhongshan (Taiwan),25.062361,121.526528,33,o3,74,22,13.5,1.5,2.8,32.6,34,63,1011,4.3,9.2,26
2025-08-19T13:00:00+08:00,Chongqing,29.56301,106.551557,33,o3,50,23,2.8,2.1,4.6,32.5,35,46,1006,4.6,,
2025-08-19T08:00:00+03:00,Istanbul (Turkey),41.015278,29.025,42,pm25,42,18,24.3,2.1,14.6,27.3,24,69,1012,3.6,15.4,18
2025-08-19T13:00:00+07:00,Hanoi,21.0491,105.8831,21,pm10,43,21,17,10,8,22,29,79,1006,3,,25
2025-08-19T13:00:00+07:00,Bangkok,13.7563309,100.5017651,63,pm25,63,24,0.6,0.6,0.1,4.8,31.2,92.6,1010.5,0.5,,
2025-08-19T12:00:00+05:30,Delhi,28.6341,77.2005,76,pm25,76,42,4.8,3.4,7.1,18.6,32.7,61.3,985.55,1.175,,25
2025-08-19T11:00:00+05:30,Mumbai,19.0863,72.8888,78,pm25,78,42,1.5,14.8,1,11.6,26,99.92,1001.5966666666667,41.870000000000005,14.4,25
2025-08-19T15:00:00+09:00,Seoul,37.566535,126.9779692,22,o3,13,13,8.8,4.5,2.6,21.8,31.5,62.6,1000.3,3.6,,
2025-08-19T14:00:00+08:00,Beijing,39.954592,116.468117,34,o3,34,12,4.6,1.6,5.5,34.2,25,94,1005,0.5,,
2025-08-19T14:00:00+08:00,Shanghai,31.2047372,121.4489017,68,pm25,68,27,4.6,4.1,5.5,43.1,37,50,1008,3.6,,
2025-08-19T14:00:00+09:00,Shinjuku (Tokyo),35.713889,139.705556,57,pm25,57,21,10.2,1.5,3.4,58.4,33.7,60.1,1007.7,5.1,,24.9
2025-08-19T15:00:00+09:00,Osaka,34.6937378,135.5021651,53,pm25,53,15,23.2,2.9,0.1,32.8,35.4,49,1011,4.1,,
2025-08-19T05:00:00+02:00,Paris,48.856614,2.3522219,56,pm25,56,19,16.9,0.6,0.1,27.3,19.4,68.3,1014.7,0.6,,
2025-08-19T06:00:00+01:00,London,51.5073509,-0.1277583,38,pm25,38,19,7.8,0.5,0.7,25,15.9,84.6,1018,3.2,,
2025-08-19T08:00:00+02:00,Frankfurt,50.075464,8.576305,39,pm10,36,39,,0.5,0.1,9.1,18,59,1015,4.1,9.2,10
2025-08-19T14:00:00+08:00,Wuhan,30.593099,114.305393,50,pm25,50,12,4.6,1.6,4.6,,36,53,1007,4.6,,
2025-08-19T08:00:00+02:00,Warsaw (Poland),52.225171,21.014783,55,pm25,55,34,28,2,0.1,12,16,82,1018,1.5,8.7,13
2025-08-19T12:00:00+05:30,Bangalore (India),13.0270199,77.494094,62,pm10,59,62,7.4,2.4,3.8,9.3,24,79.67500000000001,951.6500000000001,0.85,,20
2025-08-19T12:00:00+05:30,Chennai (India),13.1278,80.2642,62,pm25,62,59,3.9,0.7,5,,29.2325,67.05250000000001,82960.6,2.4250000000000003,10.2,23
2025-08-19T01:00:00-04:00,Boston,42.325184,-71.05608,18,pm25,18,6,11.2,0.5,4.5,10.4,15.5,68,1024.7,,,
2025-08-19T00:00:00-04:00,Georgia,33.68797,-84.29048,50,pm25,50,24,7.3,0.2,6.7,4,23.3,68,1015.9,1.1,6,
2025-08-18T23:00:00-07:00,Phoenix,33.403055555556,-112.07527777778,20,o3,13,11,4.7,,1.2,20,35,16,1010.4,1.5,11.8,6
2025-08-19T12:00:00+05:30,Hyderabad (India),17.417094,78.457437,146,pm25,146,65,6.3,8.2,3.9,11.6,24.5,82.55,1007,2.25,10.2,22
2025-08-18T21:00:00-06:00,Denver,39.732146,-105.015317,17,o3,9,4,1.9,0.6,1.5,16.7,22.2222,57.5,1027,5,10.3,
2025-08-19T15:00:00+09:00,Gyeonggi,37.4112,127.2579,27,o3,17,15,11.2,3,3.6,27,33,59,1011.1,2.5,0.5,24
2025-08-19T14:00:00+09:00,Nagoya,35.1814464,136.906398,74,pm25,74,25,15.8,2.9,2.3,63.5,38,49,1011,3.3,,
2025-08-19T15:00:00+09:00,Fukuoka,33.5903547,130.4017155,85,pm25,85,49,11.2,4.3,2.3,25.6,33,62,1011,5.1,,
2025-08-19T14:00:00+09:00,Kawasaki,35.5309058,139.7030511,50,pm25,50,21,13,1.5,1.2,32.8,32,66,1010,8.7,,
2025-08-19T14:00:00+08:00,Shenzhen,22.543099,114.057868,61,pm25,61,31,17.9,4.6,9.1,14.3,28.3,93.4,1011.1,3.6,,
2025-08-19T14:00:00+08:00,Zhongshan (Taiwan),25.062361,121.526528,30,o3,74,23,9,1.2,2.3,30.4,34,63,1011,5.1,9.2,26
2025-08-19T14:00:00+08:00,Chongqing,29.56301,106.551557,39,pm10,30,39,2.3,4.6,4.6,30.1,34,49,1005,4.6,,
2025-08-19T09:00:00+03:00,Istanbul (Turkey),41.015278,29.025,41,pm25,41,18,24.3,2.1,14.5,27.3,25,67,1013,4.6,15.4,18.5
2025-08-19T14:00:00+07:00,Hanoi,21.0491,105.8831,21,pm10,43,21,16,10,7,20,29,79,1005,2.5,,25
2025-08-19T14:00:00+07:00,Bangkok,13.7563309,100.5017651,67,pm25,67,30,0.6,0.6,0.1,4.8,32.9,7.9,1009.1,1,,
2025-08-19T12:00:00+05:30,Mumbai,19.0863,72.8888,77,pm25,77,41,1.3,14.9,0.5,11.6,26,99.92,1001.4749999999999,42.66,13.8,26
2025-08-19T15:00:00+08:00,Beijing,39.954592,116.468117,59,pm25,59,23,6,1.1,6.4,30.9,25,94,1004,0.5,,
2025-08-19T15:00:00+09:00,Shinjuku (Tokyo),35.713889,139.705556,55,pm25,55,16,12.1,1.5,2.3,58.4,33.6,59.1,1007.6,4.6,,24.5
2025-08-19T09:00:00+02:00,Frankfurt,50.075464,8.576305,27,pm25,27,22,,0.5,0.1,22.5,19.5,53.5,1015,3.8,9.2,10
2025-08-19T08:00:00+02:00,Hamburg,53.564486,9.96834,16,pm10,21,16,21.5,1.6,0.1,3.7,19,72.5,1016,0.7,8.2,14
2025-08-19T02:00:00-04:00,Boston,42.325184,-71.05608,17,pm25,17,6,9.3,0.5,4.5,11.2,15.5,69,1024.8,,,
2025-08-19T01:00:00-04:00,Georgia,33.68797,-84.29048,53,pm25,53,30,5.1,0.2,6.7,4,22.7,68,1015.6,1.1,0.1,
2025-08-19T00:00:00-07:00,Phoenix,33.403055555556,-112.07527777778,14,o3,10,12,4.7,,1.2,13.6,34,18,1010.8,1.5,11.8,7
2025-08-18T23:00:00-06:00,Denver,39.732146,-105.015317,16,o3,9,6,1.9,0.6,1.3,16.3,21.1111,59,1027.4,4,6,
2025-08-19T15:00:00+09:00,Daegu,35.8714354,128.601445,27,o3,17,15,7,3.2,2.2,26.7,7.1,71,1016,3.9,,
2025-08-19T15:00:00+09:00,Nagoya,35.1814464,136.906398,74,o3,68,27,17.6,1.5,3.4,73.8,36.6,51,1010.4,2.9,,
2025-08-19T16:00:00+09:00,Fukuoka,33.5903547,130.4017155,107,pm25,107,56,10.2,4.3,2.3,25.6,32,69,1011,5.6,,
2025-08-19T15:00:00+09:00,Kawasaki,35.5309058,139.7030511,57,pm25,57,21,12.1,1.5,1.2,28.1,34,68,1010,8.7,,
2025-08-19T15:00:00+08:00,Zhongshan (Taiwan),25.062361,121.526528,30,o3,74,20,8.3,1,2,30.4,33,63.3,1010.3,6.3,9.2,25.3
2025-08-19T15:00:00+08:00,Chongqing,29.56301,106.551557,30,pm25,30,22,2.3,5.6,4.6,28.9,35,49,1004,3.6,,
2025-08-19T15:00:00+07:00,Hanoi,21.0491,105.8831,22,pm10,43,22,19,10,8,20,29,79,1005,2.5,,25
2025-08-19T15:00:00+07:00,Bangkok,13.7563309,100.5017651,59,pm25,59,35,0.6,0.6,0.1,4.8,33,8.2,1007.8,1,,
2025-08-19T14:00:00+05:30,Delhi,28.6341,77.2005,139,pm25,139,36,3.3,3.6,5.9,31.7,29.675,66.57499999999999,985.9,1.075,,25
2025-08-19T14:00:00+05:30,Mumbai,19.0863,72.8888,81,pm25,81,46,1.6,14.9,1.1,11.5,26,99.92,1000.9533333333334,41.28666666666666,15.4,25
2025-08-19T17:00:00+09:00,Seoul,37.566535,126.9779692,23,o3,17,12,9.7,4.5,2.6,23,31.3,66.8,999.5,4.6,,
2025-08-19T16:00:00+08:00,Beijing,39.954592,116.468117,59,pm25,59,22,5.5,1.1,5.5,32.9,25,100,1004,1.5,,
2025-08-19T16:00:00+08:00,Shanghai,31.2047372,121.4489017,59,pm25,59,29,4.6,4.1,4.6,41.1,34,56,1008,5.6,,
2025-08-19T16:00:00+09:00,Shinjuku (Tokyo),35.713889,139.705556,42,pm25,42,20,13,1.5,4.5,46.5,31.5,66.1,1007.5,5.1,,24.4
2025-08-19T17:00:00+09:00,Osaka,34.6937378,135.5021651,50,pm25,50,22,20.4,7.2,0.1,36.8,33.1,52,1011,3.6,,
2025-08-19T07:00:00+02:00,Paris,48.856614,2.3522219,50,pm25,50,29,28.6,0.6,0.1,20.5,21,63,1015,0.1,,
2025-08-19T08:00:00+01:00,London,51.5073509,-0.1277583,40,pm25,40,32,11,0.6,0.7,26.4,17.9,79.6,1018.2,3,,
2025-08-19T10:00:00+02:00,Frankfurt,50.075464,8.576305,27,o3,25,19,,0.5,0.1,26.7,21.5,47.5,1015,4.3,9.2,10
2025-08-19T10:00:00+02:00,Hamburg,53.564486,9.96834,25,pm25,25,16,10.1,1.6,0.1,24.4,21,64,1016,2.5,8.2,14
2025-08-19T16:00:00+08:00,Wuhan,30.593099,114.305393,55,pm25,55,15,12.8,2.1,4.6,,36,50,1006,4.6,,
2025-08-19T10:00:00+02:00,Warsaw (Poland),52.225171,21.014783,35,pm25,35,28,22.8,2,0.1,12,21,56,1017,3,8.7,12
2025-08-19T18:00:00+09:30,Winnellie (Australia),-12.424323299931126,130.89335024356842,67,pm25,67,25,3.5,0.9,2.8,13.7,28.2,36.2,1009.4,7.99,,11.7
2025-08-19T14:00:00+05:30,Bangalore (India),13.0270199,77.494094,67,pm25,67,60,7.7,0.7,3.8,9.1,25,67.075,951.3875,0.8524999999999999,,20
2025-08-19T14:00:00+05:30,Chennai (India),13.1278,80.2642,52,pm10,40,52,2.7,1.2,2,,29.1725,68.6275,82821.25,2.7075,10.2,23
2025-08-19T03:00:00-04:00,Boston,42.325184,-71.05608,20,pm25,20,6,15.8,0.5,5.6,11.2,15.5,70,1024.7,,,
2025-08-19T02:00:00-04:00,Georgia,33.68797,-84.29048,55,pm25,55,35,4.6,0.2,4.8,4,22.9,68.1,1015.4,1.1,0.5,
2025-08-19T01:00:00-07:00,Phoenix,33.403055555556,-112.07527777778,14,pm10,10,14,4.7,,2.3,12.1,34,20,1011.1,1.5,11.8,8
2025-08-19T14:00:00+05:30,Hyderabad (India),17.417094,78.457437,139,pm25,139,66,6.8,6.8,4.4,11,26,78.38000000000001,1006,1.9499999999999997,10.2,22
2025-08-19T17:00:00+09:00,Daegu,35.8714354,128.601445,30,pm25,30,10,7.6,3,2.2,26,7.1,71,1016,3.9,,
2025-08-19T17:00:00+09:00,Gyeonggi,37.4112,127.2579,50,pm25,50,17,10,3.2,3.5,27.3,31,58,1010.4,3,0.5,22
2025-08-19T16:00:00+09:00,Nagoya,35.1814464,136.906398,76,o3,65,28,17.6,2.9,3.4,76.3,35.5,56,1010.3,4.8,,
2025-08-19T17:00:00+09:00,Fukuoka,33.5903547,130.4017155,99,pm25,99,50,13.9,4.3,3.4,24.1,32,79,1012,4.6,,
2025-08-19T16:00:00+09:00,Kawasaki,35.5309058,139.7030511,53,pm25,53,15,13,1.5,2.3,31.2,34,70,1010,7.9,,
2025-08-19T16:00:00+08:00,Shenzhen,22.543099,114.057868,57,pm25,57,23,17,4.1,10,13,29,95,1010.4,3.6,,
2025-08-19T16:00:00+08:00,Zhongshan (Taiwan),25.062361,121.526528,31,o3,74,21,8.7,0.9,2.3,30.5,33,66,1010,4.6,9.2,26
2025-08-19T16:00:00+08:00,Chongqing,29.56301,106.551557,31,o3,30,26,2.3,5.1,2.8,30.9,35,44,1004,4.6,,
2025-08-19T11:00:00+03:00,Istanbul (Turkey),41.015278,29.025,38,pm25,38,17,8.5,2.1,14.2,26.6,26,65,1013,3.6,15.4,19
2025-08-19T16:00:00+07:00,Hanoi,21.0491,105.8831,22,pm10,43,22,20,10,9,18,30,74,1004,1.2,,25
2025-08-19T16:00:00+07:00,Bangkok,13.7563309,100.5017651,33,pm25,33,30,0.6,0.6,0.1,4.8,32.9,69.8,1006.2,1,,
2025-08-19T15:00:00+05:30,Mumbai,19.0863,72.8888,76,pm25,76,41,1.5,14.9,1,11.5,25,99.92,1000.5566666666665,38.25333333333334,14.9,25
2025-08-19T18:00:00+09:00,Seoul,37.566535,126.9779692,19,o3,13,11,10.3,4.3,3,19.4,31.2,62.9,999.1,4.1,,
2025-08-19T17:00:00+08:00,Beijing,39.954592,116.468117,61,pm25,61,23,6,1.6,5.5,29.7,25.5,91,1003.5,1,,
2025-08-19T17:00:00+08:00,Shanghai,31.2047372,121.4489017,53,pm25,53,27,5.5,4.1,4.6,37.8,33,59,1008,4.6,,
2025-08-19T17:00:00+09:00,Shinjuku (Tokyo),35.713889,139.705556,55,pm25,55,16,13,1.5,2.3,46.5,31.5,66.1,1007.5,5.1,,24.4
2025-08-19T18:00:00+09:00,Osaka,34.6937378,135.5021651,53,pm25,53,34,13.9,7.2,0.1,28.1,31,62,1011,3,,
2025-08-19T11:00:00+02:00,Frankfurt,50.075464,8.576305,31,o3,25,18,,0.5,0.1,31.4,23.5,45,1015,3.8,9.2,11
2025-08-19T11:00:00+02:00,Hamburg,53.564486,9.96834,31,o3,25,17,3.7,1.6,0.1,30.9,21.5,60,1016,2.8,8.2,13.5
2025-08-19T17:00:00+08:00,Wuhan,30.593099,114.305393,59,pm25,59,16,13.8,2.6,5.5,,36,53,1005,2.5,,
2025-08-19T03:00:00-04:00,Georgia,33.68797,-84.29048,55,pm25,55,35,4.2,0.2,5.6,4,22.7,68,1016.2,0.2,2.7,
2025-08-19T02:00:00-07:00,Phoenix,33.403055555556,-112.07527777778,30,pm25,30,18,4.7,,2.3,10.4,33,22,1011.5,1.5,11.8,9
2025-08-19T18:00:00+09:00,Daegu,35.8714354,128.601445,30,pm25,30,9,8,3.2,2.3,25.3,7.1,71,1016,3.9,,
2025-08-19T18:00:00+09:00,Gyeonggi,37.4112,127.2579,30,pm25,30,14,10.2,3.3,3.7,23.1,31,66,1010.1,2.5,0.5,24
2025-08-19T17:00:00+09:00,Nagoya,35.1814464,136.906398,65,pm25,65,26,17.6,2.9,2.3,60.9,33.8,59,1010.9,4.8,,
2025-08-19T18:00:00+09:00,Fukuoka,33.5903547,130.4017155,76,pm25,76,46,8.4,1.5,3.4,24.1,30,74,1012,3.6,,
2025-08-19T17:00:00+09:00,Kawasaki,35.5309058,139.7030511,46,pm25,46,28,12.1,1.5,1.2,27.2,33,72,1010,7.7,,
2025-08-19T17:00:00+08:00,Shenzhen,22.543099,114.057868,74,pm25,74,31,18.3,5.6,10,13.5,29,93,1010.6,3.6,,
2025-08-19T17:00:00+08:00,Zhongshan (Taiwan),25.062361,121.526528,27,o3,74,24,10.6,0.9,3.2,26.5,32.5,68,1010,3.8,9.2,26
2025-08-19T17:00:00+08:00,Chongqing,29.56301,106.551557,33,o3,21,28,2.3,2.6,2.8,32.9,34,46,1003,3.6,,
2025-08-19T12:00:00+03:00,Istanbul (Turkey),41.015278,29.025,38,pm25,38,16,8,2,14.1,27.1,26,63,1013,3.8,15.4,18.5
2025-08-19T17:00:00+07:00,Hanoi,21.0491,105.8831,20,pm10,43,20,13,10,6,21,29,79,1004,4.1,,25
2025-08-19T17:00:00+07:00,Bangkok,13.7563309,100.5017651,21,pm25,21,11,0.6,0.6,0.1,4.8,31.1,69.8,1007.5,1.5,,
2025-08-19T16:00:00+05:30,Delhi,28.6341,77.2005,57,pm25,57,11,9.2,3.4,11.5,15.3,24.724999999999998,88.25,985.475,0.275,9.2,26
2025-08-19T19:00:00+09:00,Seoul,37.566535,126.9779692,25,pm25,25,11,12.1,4.8,3.5,16.9,30.8,64.8,999,2.5,,
2025-08-19T18:00:00+08:00,Beijing,39.954592,116.468117,42,pm25,42,15,6,1.6,6.4,32.1,24,100,1003,1.5,,
2025-08-19T18:00:00+08:00,Shanghai,31.2047372,121.4489017,53,pm25,53,23,5.5,4.6,4.6,34.6,33,59,1008,4.6,,
2025-08-19T18:00:00+09:00,Shinjuku (Tokyo),35.713889,139.705556,50,pm25,50,15,10.2,1.5,5.6,33.6,30.6,69.1,1007.8,4.1,,24.3
2025-08-19T19:00:00+09:00,Osaka,34.6937378,135.5021651,46,pm25,46,32,12.1,7.2,0.1,24.1,31.6,68,1011,4.2,,
2025-08-19T08:00:00+02:00,Paris,48.856614,2.3522219,67,pm25,67,40,26.7,0.6,0.1,12.3,22.8,56.7,1014.9,0.7,,
2025-08-19T09:00:00+01:00,London,51.5073509,-0.1277583,46,pm25,46,22,14.7,0.6,0.9,25.2,19.3,77,1018.2,5.3,,
2025-08-19T12:00:00+02:00,Frankfurt,50.075464,8.576305,36,o3,25,17,,0.5,0.1,36.3,25.5,40,1014,2,9.2,11
2025-08-19T12:00:00+02:00,Hamburg,53.564486,9.96834,32,o3,25,17,1,1.6,0.1,32.1,23,51,1015,3.3,8.2,12.5
2025-08-19T18:00:00+08:00,Wuhan,30.593099,114.305393,55,pm25,55,18,6,2.6,5.5,,35,56,1005,0.5,,
2025-08-19T12:00:00+02:00,Warsaw (Poland),52.225171,21.014783,25,pm25,25,18,19.9,2,0.1,12,21,49,1017,3.6,8.7,10
2025-08-19T19:00:00+09:30,Winnellie (Australia),-12.424323299931126,130.89335024356842,67,pm25,67,25,3.4,1,2.9,9.9,24.3,53.4,1010.3,3.09,,13.8
2025-08-19T15:00:00+05:30,Bangalore (India),13.0270199,77.494094,74,pm25,74,62,8.2,1.6,3.8,9.3,24,67.23333333333333,951.1666666666666,0.8333333333333334,,19
2025-08-19T15:00:00+05:30,Chennai (India),13.1278,80.2642,56,pm25,56,53,2.9,0.4,1.8,,29.373333333333335,69.08333333333333,82730.9,2.4933333333333336,10.2,24
2025-08-19T05:00:00-04:00,Boston,42.325184,-71.05608,23,pm25,23,7,18.6,0.5,7.8,5.6,15.5,72.5,1025.3,,,
2025-08-19T04:00:00-04:00,Georgia,33.68797,-84.29048,53,pm25,53,29,5.6,0.2,4.8,4,22.7,68,1016.3,0.1,2.8,
2025-08-19T03:00:00-07:00,Phoenix,33.403055555556,-112.07527777778,29,pm25,29,17,4.7,,1.2,12.8,31,25,1012.1,3,11.8,9
2025-08-19T15:00:00+05:30,Hyderabad (India),17.417094,78.457437,111,pm25,111,63,5.4,6.2,3.8,11.4,25,76.44666666666667,1005,2.1733333333333333,10.2,22
2025-08-19T02:00:00-06:00,Denver,39.732146,-105.015317,17,o3,13,6,5.5,0.6,1.7,17.1,18.8889,68,1026.7,4,6.5,
2025-08-19T19:00:00+09:00,Daegu,35.8714354,128.601445,42,pm25,42,15,9.3,3.3,2.8,29.1,7.1,71,1016,3.9,,
2025-08-19T19:00:00+09:00,Gyeonggi,37.4112,127.2579,20,o3,9,13,11.1,3.3,3.7,20.3,31,66,1010.1,2.5,0.5,24
2025-08-19T18:00:00+09:00,Nagoya,35.1814464,136.906398,78,pm25,78,27,16.7,4.3,2.3,62.2,33.3,61,1011.2,4.1,,
2025-08-19T19:00:00+09:00,Fukuoka,33.5903547,130.4017155,89,pm25,89,51,11.2,2.9,3.4,22.4,30.7,79,1012,2,,
2025-08-19T18:00:00+09:00,Kawasaki,35.5309058,139.7030511,30,pm25,30,27,13.9,1.5,2.3,20,29,74,1011,7.7,,
2025-08-19T18:00:00+08:00,Shenzhen,22.543099,114.057868,76,pm25,76,40,18.3,5.1,10.9,13,28.8,92.2,1010.7,2.5,,
2025-08-19T18:00:00+08:00,Zhongshan (Taiwan),25.062361,121.526528,22,pm10,74,22,18,1.3,5.4,19.8,31.5,68,1010,2.8,9.2,25
2025-08-19T18:00:00+08:00,Chongqing,29.56301,106.551557,35,o3,25,34,2.3,2.6,2.8,34.6,34,46,1003,2.5,,
2025-08-19T13:00:00+03:00,Istanbul (Turkey),41.015278,29.025,37,pm25,37,16,9.1,2,14,28.4,26.5,63,1012,4.1,15.4,19
2025-08-19T18:00:00+07:00,Hanoi,21.0491,105.8831,20,pm10,43,20,13,10,11,12,29,79,1004,3.8,,25
2025-08-19T18:00:00+07:00,Bangkok,13.7563309,100.5017651,61,pm25,61,16,0.6,0.6,0.1,4.8,30.1,9.5,1007.7,0.5,,
2025-08-19T16:00:00+05:30,Mumbai,19.0863,72.8888,80,pm25,80,46,1.2,14.9,0.4,11.6,26,99.92,999.61,41.185,14.4,25
2025-08-19T20:00:00+09:00,Seoul,37.566535,126.9779692,17,pm25,17,14,11.4,4.9,3.6,15.7,29.7,66.9,999.2,4.6,,
2025-08-19T19:00:00+08:00,Beijing,39.954592,116.468117,30,o3,17,6,6,1.1,6.4,30.1,25,94,1004,0.5,,
2025-08-19T19:00:00+09:00,Shinjuku (Tokyo),35.713889,139.705556,46,pm25,46,12,11.2,1.5,2.3,33.6,29.5,71.1,1008.4,2,,23.7
2025-08-19T09:00:00+02:00,Paris,48.856614,2.3522219,51,pm25,51,37,23.4,0.6,0.1,18.1,24.7,50.5,1014.4,0.6,,
2025-08-19T10:00:00+01:00,London,51.5073509,-0.1277583,38,pm25,38,26,15.1,0.6,0.7,24.8,20.5,73.5,1017.8,4.7,,
2025-08-19T13:00:00+02:00,Frankfurt,50.075464,8.576305,43,o3,24,14,,0.5,0.1,42.5,27.5,34,1014,2.8,9.2,10.5
2025-08-19T13:00:00+02:00,Hamburg,53.564486,9.96834,31,o3,25,18,2.3,1.6,0.1,31.3,23.5,51.5,1015,3.3,8.2,13
2025-08-19T13:00:00+02:00,Warsaw (Poland),52.225171,21.014783,28,pm25,28,21,21.3,2,0.1,12,22,49,1016,4.1,8.7,11
2025-08-19T20:00:00+09:30,Winnellie (Australia),-12.424323299931126,130.89335024356842,63,pm25,63,22,3,1.1,2.7,10.5,24.3,59.6,1010.3,1.2,,13.8
2025-08-19T16:00:00+05:30,Bangalore (India),13.0270199,77.494094,67,pm25,67,67,7.8,3.1,3.8,9.8,23,71.3,951.0766666666667,0.85,,19
2025-08-19T16:00:00+05:30,Chennai (India),13.1278,80.2642,51,pm25,51,51,3.5,0.5,2,,29.59,67.43,82689.43333333333,2.45,10.2,24
2025-08-19T06:00:00-04:00,Boston,42.325184,-71.05608,23,pm25,23,10,19.5,0.5,7.8,7.3,16.3,74,1025.9,,,
2025-08-19T05:00:00-04:00,Georgia,33.68797,-84.29048,52,pm25,52,26,4.2,0.2,4.6,4,22.7,68,1017,0.1,1.2,
2025-08-19T04:00:00-07:00,Phoenix,33.403055555556,-112.07527777778,18,pm25,18,18,4.7,,2.3,7.3,31,25,1012.1,3.6,11.8,9
2025-08-19T16:00:00+05:30,Hyderabad (India),17.417094,78.457437,98,pm25,98,62,5.6,6,4,10.1,24,83.10333333333334,1005,1.96,10.2,21
2025-08-19T03:00:00-06:00,Denver,39.732146,-105.015317,14,o3,17,7,6,0.6,2.7,14.3,18.3333,68,1025.6,4,8.5,
2025-08-19T20:00:00+09:00,Daegu,35.8714354,128.601445,55,pm25,55,21,8.7,3.9,3.2,39,7.1,71,1016,3.9,,
2025-08-19T20:00:00+09:00,Gyeonggi,37.4112,127.2579,18,o3,9,13,11.7,3.8,3.8,17.6,29,74,1010.4,1.5,0.5,24
2025-08-19T19:00:00+09:00,Nagoya,35.1814464,136.906398,87,pm25,87,25,19.5,4.3,3.4,47.2,32.7,67.2,1011.8,3,,
2025-08-19T20:00:00+09:00,Fukuoka,33.5903547,130.4017155,91,pm25,91,51,13,2.9,4.5,22.4,30,74.2,1012,1.5,,
2025-08-19T19:00:00+09:00,Kawasaki,35.5309058,139.7030511,34,pm25,34,27,13.9,1.5,1.2,15.2,31,76.5,1011,7.4,,
2025-08-19T19:00:00+08:00,Zhongshan (Taiwan),25.062361,121.526528,20,o3,74,18,14.2,2,4.2,19.8,31,66,1010.3,2,9.2,24
2025-08-19T19:00:00+08:00,Chongqing,29.56301,106.551557,53,pm25,53,34,3.2,2.6,2.8,30.1,34,46,1003,2.5,,
2025-08-19T14:00:00+03:00,Istanbul (Turkey),41.015278,29.025,38,pm25,38,16,9.1,2,13.9,28.4,28.5,50.5,1012,4.6,15.4,17
2025-08-19T19:00:00+07:00,Hanoi,21.0491,105.8831,27,pm10,43,27,13,10,10,11,28,85.5,1004.5,3.8,,25.5
2025-08-19T19:00:00+07:00,Bangkok,13.7563309,100.5017651,36,pm25,36,30,0.6,0.6,0.1,4.8,29.7,73.3,1006.9,2.5,,
2025-08-19T18:00:00+05:30,Delhi,28.6341,77.2005,151,pm25,151,59,8,2.7,5,16.8,23.4,88.5,985.8,0.3,9.2,26
2025-08-19T18:00:00+05:30,Mumbai,19.0863,72.8888,83,pm25,83,48,1.2,14.8,0.4,11.6,26,99.92,999.7725,42.4025,14.4,25
2025-08-19T21:00:00+09:00,Seoul,37.566535,126.9779692,17,pm25,17,14,10.5,5.3,4,12.2,28.6,74,999.9,2,,
2025-08-19T20:00:00+08:00,Beijing,39.954592,116.468117,23,o3,21,9,7.4,1.1,6.4,23.2,24,100,1004,0.5,,
2025-08-19T20:00:00+08:00,Shanghai,31.2047372,121.4489017,53,pm25,53,22,11.9,4.1,5.5,18.7,31,70,1009,5.6,,
2025-08-19T20:00:00+09:00,Shinjuku (Tokyo),35.713889,139.705556,34,pm25,34,19,12.1,1.5,2.3,29.6,28.2,80.9,1008.8,3.6,,24.6
2025-08-19T21:00:00+09:00,Osaka,34.6937378,135.5021651,25,pm25,25,23,10.2,8.6,0.1,10.4,29.9,74,1013,4.1,,
2025-08-19T11:00:00+02:00,Paris,48.856614,2.3522219,71,pm25,71,28,26.6,0.6,0.1,36.6,27,43.2,1013.8,0.8,,
2025-08-19T12:00:00+01:00,London,51.5073509,-0.1277583,46,pm25,46,30,15.6,0.6,1,28.4,22.8,66.1,1017.2,7,,
2025-08-19T14:00:00+02:00,Frankfurt,50.075464,8.576305,46,o3,23,12,,0.5,0.1,45.5,28.5,31,1013,2.3,9.2,10
2025-08-19T14:00:00+02:00,Hamburg,53.564486,9.96834,34,o3,25,18,1.9,1.6,0.1,34.2,24,53,1014,4.8,8.2,14
2025-08-19T20:00:00+08:00,Wuhan,30.593099,114.305393,57,pm25,57,21,20.2,2.6,5.5,,31,74,1005,0.5,,
2025-08-19T14:00:00+02:00,Warsaw (Poland),52.225171,21.014783,29,pm25,29,24,21.7,2,0.1,12,24,44,1015,3,8.7,11
2025-08-19T22:00:00+09:30,Winnellie (Australia),-12.424323299931126,130.89335024356842,63,pm25,63,23,5.7,1,2.9,6.7,19.8,67.2,1011.5,2,,13
2025-08-19T18:00:00+05:30,Bangalore (India),13.0270199,77.494094,67,pm25,67,62,6.9,1.1,3.8,9.9,23,77.7,951.22,0.85,,19
2025-08-19T18:00:00+05:30,Chennai (India),13.1278,80.2642,60,pm10,55,60,3.6,0.6,4,,29.62,63.61,82713.9,1.3,10.2,24
2025-08-19T07:00:00-04:00,Boston,42.325184,-71.05608,25,pm25,25,10,15.8,0.6,6.7,9.6,17.4,67.3,1026.2,,,
2025-08-19T06:00:00-04:00,Georgia,33.68797,-84.29048,51,pm25,51,23,4.3,0.2,3.6,4,23.1,67.9,1018.6,0.1,2.2,
2025-08-19T05:00:00-07:00,Phoenix,33.403055555556,-112.07527777778,34,pm25,34,30,4.7,,3.4,7.3,31,25,1012.1,2,11.8,9
2025-08-19T18:00:00+05:30,Hyderabad (India),17.417094,78.457437,115,pm25,115,61,7.1,8.5,4.2,9.9,23.5,84.7,1005.5,1.93,10.2,21
2025-08-19T05:00:00-06:00,Denver,39.732146,-105.015317,17,pm25,17,8,7.4,0.6,2.9,11.4,18.3333,67,1025.3,4,6,
2025-08-19T21:00:00+09:00,Daegu,35.8714354,128.601445,63,pm25,63,20,7.4,4.3,3.3,40.8,7.1,71,1016,3.9,,
2025-08-19T21:00:00+09:00,Gyeonggi,37.4112,127.2579,15,o3,5,10,11.3,3.9,3.9,14.8,28,83,1010.8,0.5,0.5,25
2025-08-19T20:00:00+09:00,Nagoya,35.1814464,136.906398,57,pm25,57,20,13.9,1.5,2.3,30.4,31.6,70,1012.5,2.7,,
2025-08-19T21:00:00+09:00,Fukuoka,33.5903547,130.4017155,87,pm25,87,54,13,1.5,3.4,18.4,28,83,1013,1,,
2025-08-19T20:00:00+09:00,Kawasaki,35.5309058,139.7030511,34,pm25,34,25,12.1,1.5,3.4,15.2,30,83,1011,6.9,,
2025-08-19T20:00:00+08:00,Shenzhen,22.543099,114.057868,89,pm25,89,49,21.1,4.1,10.9,15.5,29,94.8,1011.8,3.6,,
2025-08-19T20:00:00+08:00,Zhongshan (Taiwan),25.062361,121.526528,18,o3,74,15,17.2,1.9,4.2,17.5,30,70,1011,1.8,9.2,24
2025-08-19T20:00:00+08:00,Chongqing,29.56301,106.551557,65,pm25,65,36,4.2,1.6,2.8,25.2,33,49,1003,1.5,,
2025-08-19T15:00:00+03:00,Istanbul (Turkey),41.015278,29.025,38,pm25,38,16,9.1,1.7,13.8,29.8,30,40,1011,6.1,15.4,15
2025-08-19T20:00:00+07:00,Hanoi,21.0491,105.8831,34,pm10,43,34,9,10,10,12,28,88,1006,3.6,,26
2025-08-19T20:00:00+07:00,Bangkok,13.7563309,100.5017651,57,pm25,57,18,0.6,0.6,0.1,4.8,29.7,75.2,1008.5,1,,
2025-08-19T19:00:00+05:30,Delhi,28.6341,77.2005,82,pm25,82,70,6.4,3.1,7.3,15.6,23.25,89.05,985.575,0.275,9.2,25
2025-08-19T22:00:00+09:00,Seoul,37.566535,126.9779692,17,pm25,17,13,11.3,5.6,3.8,13.3,28.4,75.7,1000.1,2.5,,
2025-08-19T21:00:00+08:00,Beijing,39.954592,116.468117,38,pm25,38,13,7.4,1.1,6.4,22,24,100,1004,0.5,,
2025-08-19T21:00:00+08:00,Shanghai,31.2047372,121.4489017,38,pm25,38,20,7.4,4.1,4.6,18.7,31,70,1009,3.6,,
2025-08-19T21:00:00+09:00,Shinjuku (Tokyo),35.713889,139.705556,38,pm25,38,22,24.1,1.5,2.3,7.3,27.5,85.2,1009.3,1,,24.8
2025-08-19T22:00:00+09:00,Osaka,34.6937378,135.5021651,27,pm10,21,27,9.3,7.2,0.1,10.4,29.6,74,1013,4.6,,
2025-08-19T13:00:00+01:00,London,51.5073509,-0.1277583,59,pm25,59,39,16.5,0.7,1.2,29.3,24,59.6,1016.7,6.7,,
2025-08-19T15:00:00+02:00,Frankfurt,50.075464,8.576305,46,o3,20,9,,0.5,0.1,46.1,29,30,1012.5,2.5,9.2,10
2025-08-19T15:00:00+02:00,Hamburg,53.564486,9.96834,36,o3,25,18,1.9,1.6,0.1,36.2,23.5,54.5,1014,4.6,8.2,14
2025-08-19T21:00:00+08:00,Wuhan,30.593099,114.305393,55,pm25,55,17,18.8,2.6,5.5,,32,70,1006,1.5,,
2025-08-19T15:00:00+02:00,Warsaw (Poland),52.225171,21.014783,29,pm25,29,21,23.3,2,0.1,12,24,41,1015,3.6,8.7,10
2025-08-19T19:00:00+05:30,Bangalore (India),13.0270199,77.494094,64,pm25,64,63,8,5.8,3.8,10.3,22.5,79.675,951.26,0.8525,,19
2025-08-19T19:00:00+05:30,Chennai (India),13.1278,80.2642,60,pm10,52,60,4.3,1.2,4.4,,29.61,66.3425,82743.575,1.7275,10.2,22.5
2025-08-19T08:00:00-04:00,Boston,42.325184,-71.05608,23,pm25,23,12,16.7,0.6,6.7,13.6,19.4,56.3,1025.8,,,
2025-08-19T07:00:00-04:00,Georgia,33.68797,-84.29048,48,pm25,48,20,4.6,0.2,3.4,1.6,23.7,67,1018.9,0.1,2.2,
2025-08-19T06:00:00-07:00,Phoenix,33.403055555556,-112.07527777778,33,pm25,33,33,4.7,,6.7,7.3,32,24,1012.5,2.5,11.8,9
2025-08-19T19:00:00+05:30,Hyderabad (India),17.417094,78.457437,119,pm25,119,64,7.5,9,4.8,10,23.5,83.68249999999999,1006,2.1425,10.2,21
2025-08-19T06:00:00-06:00,Denver,39.732146,-105.015317,25,pm25,25,17,11.9,0.6,3.9,10.2,18.3333,66,1025.4,3,7,
2025-08-19T22:00:00+09:00,Daegu,35.8714354,128.601445,57,pm25,57,21,7.5,4.6,3.3,35.3,7.1,71,1016,3.9,,
2025-08-19T22:00:00+09:00,Gyeonggi,37.4112,127.2579,17,pm25,17,15,13.8,3.8,4.5,10.4,27,88,1011.5,0.5,0.5,25
2025-08-19T21:00:00+09:00,Nagoya,35.1814464,136.906398,46,pm25,46,17,13,1.5,2.3,17.6,30.5,72,1012.3,3.4,,
2025-08-19T22:00:00+09:00,Fukuoka,33.5903547,130.4017155,85,pm25,85,55,16.7,2.9,4.5,18.4,30.2,83,1013,1.5,,
2025-08-19T21:00:00+09:00,Kawasaki,35.5309058,139.7030511,50,pm25,50,23,13,1.5,3.4,16.8,29,82,1011,7.4,,
2025-08-19T21:00:00+08:00,Shenzhen,22.543099,114.057868,74,pm25,74,46,21.1,4.1,10,13,28.6,91.5,1012.5,2.5,,
2025-08-19T21:00:00+08:00,Zhongshan (Taiwan),25.062361,121.526528,19,pm10,74,19,18.5,0.9,3.8,13.5,29,79,1012,1.5,9.2,25
2025-08-19T21:00:00+08:00,Chongqing,29.56301,106.551557,85,pm25,85,40,5.5,2.1,2.8,25.2,32,55,1004,1.5,,
2025-08-19T21:00:00+07:00,Hanoi,21.0491,105.8831,41,pm10,43,41,11,10,6,11,27,94,1007,3.6,,26
2025-08-19T21:00:00+07:00,Bangkok,13.7563309,100.5017651,55,pm25,55,21,0.6,0.6,0.1,4.8,29.3,10.4,1008.5,1,,
2025-08-19T20:00:00+05:30,Delhi,28.6341,77.2005,74,pm25,74,33,6.9,3.3,7.7,9.6,23.174999999999997,89.95,985.475,0.2,9.2,25
2025-08-19T20:00:00+05:30,Mumbai,19.0863,72.8888,81,pm25,81,46,1.2,14.9,0.4,11.7,26.5,99.92,1000.5866666666667,43.223333333333336,17.4,25
2025-08-19T23:00:00+09:00,Seoul,37.566535,126.9779692,17,pm25,17,14,13.3,5.3,3.6,11.3,28.4,75.7,1000.1,2.5,,
2025-08-19T22:00:00+08:00,Beijing,39.954592,116.468117,34,pm25,34,12,6,1.1,5.5,21.2,24,100,1005,0.5,,
2025-08-19T22:00:00+08:00,Shanghai,31.2047372,121.4489017,46,pm25,46,18,7.4,4.1,4.6,18.7,30,70,1009,5.6,,
2025-08-19T22:00:00+09:00,Shinjuku (Tokyo),35.713889,139.705556,50,pm25,50,22,24.1,1.5,3.4,7.3,27.5,85.2,1009.3,1,,24.8
2025-08-19T23:00:00+09:00,Osaka,34.6937378,135.5021651,25,pm25,25,13,7.5,7.2,0.1,11.2,29.3,74,1013,3.6,,
2025-08-19T13:00:00+02:00,Paris,48.856614,2.3522219,71,pm25,71,41,17.5,0.6,0.1,42.9,25.5,57.6,1013.5,0.6,,
2025-08-19T16:00:00+02:00,Frankfurt,50.075464,8.576305,46,o3,21,10,,0.5,0.1,45.9,29,32,1012,3,9.2,11
2025-08-19T16:00:00+02:00,Hamburg,53.564486,9.96834,38,o3,25,18,1,1.6,0.1,38.2,23.5,58.5,1013.5,5.4,8.2,15
2025-08-19T22:00:00+08:00,Wuhan,30.593099,114.305393,57,pm25,57,20,14.7,2.6,5.5,,31,74,1006,0.5,,
2025-08-19T16:00:00+02:00,Warsaw (Poland),52.225171,21.014783,28,pm25,28,19,31,2,0.1,12,23,43,1014,3.6,8.7,10
2025-08-19T23:00:00+09:30,Winnellie (Australia),-12.424323299931126,130.89335024356842,68,pm25,68,43,5.3,1.2,2.9,7.7,18.7,71,1011.4,3.99,,12.7
2025-08-19T20:00:00+05:30,Bangalore (India),13.0270199,77.494094,70,pm25,70,65,8.6,2.1,3.8,10,22,83.55,951.39,0.845,,19
2025-08-19T20:00:00+05:30,Chennai (India),13.1278,80.2642,74,pm25,74,68,4.3,2.4,6.4,,29.5525,66.9925,82822.375,1.7874999999999996,10.2,22
2025-08-19T08:00:00-04:00,Georgia,33.68797,-84.29048,42,pm25,42,17,3.6,0.2,2.3,12.8,26.8,59.5,1018.7,0.2,4.3,
2025-08-19T20:00:00+05:30,Hyderabad (India),17.417094,78.457437,148,pm25,148,68,7,8.3,4.6,11,23,86.81,1007,2.255,10.2,22
2025-08-19T07:00:00-06:00,Denver,39.732146,-105.015317,35,pm10,34,35,13.3,0.6,5.2,8.6,20,55.6,1025.8,2,3,
2025-08-19T23:00:00+09:00,Daegu,35.8714354,128.601445,46,pm25,46,21,7.5,4.6,2.9,26.9,7.1,71,1016,3.9,,
2025-08-19T23:00:00+09:00,Gyeonggi,37.4112,127.2579,25,pm25,25,15,14.5,3.3,4.5,5.1,27,88,1011.5,1,0.5,25
2025-08-19T22:00:00+09:00,Nagoya,35.1814464,136.906398,34,pm25,34,16,13,1.5,1.2,13.6,30,74,1012.5,3.1,,
2025-08-19T23:00:00+09:00,Fukuoka,33.5903547,130.4017155,80,pm25,80,53,9.3,1.5,4.5,17.6,29.6,79.1,1011.4,1.5,,
2025-08-19T22:00:00+09:00,Kawasaki,35.5309058,139.7030511,57,pm25,57,23,19.5,1.5,2.3,22.4,29,83,1011,6.1,,
2025-08-19T22:00:00+08:00,Shenzhen,22.543099,114.057868,78,pm25,78,49,20.2,4.1,10,11,28.8,91.8,1012.9,3.6,,
2025-08-19T22:00:00+08:00,Zhongshan (Taiwan),25.062361,121.526528,20,pm10,74,20,18,1.3,4.2,12.7,30,76.5,1012,1,9.2,25.5
2025-08-19T22:00:00+08:00,Chongqing,29.56301,106.551557,80,pm25,80,31,5.5,2.1,2.8,25.2,32,55,1005,2.5,,
2025-08-19T17:00:00+03:00,Istanbul (Turkey),41.015278,29.025,36,pm25,36,16,7.9,1.8,13.6,31.8,28,48,1011,7.7,15.4,16
2025-08-19T22:00:00+07:00,Hanoi,21.0491,105.8831,43,pm10,43,43,11,10,4,11,27,94,1008,3,,26
2025-08-19T21:00:00+05:30,Delhi,28.6341,77.2005,60,pm10,57,60,6.5,3,7.3,11.5,23.075,90.44999999999999,985.6999999999999,0.2,9.2,25
2025-08-19T21:00:00+05:30,Mumbai,19.0863,72.8888,84,pm25,84,50,1.2,14.9,0.4,11.6,27,99.92,1001.0866666666666,42.169999999999995,17.4,25
2025-08-20T00:00:00+09:00,Seoul,37.566535,126.9779692,21,pm25,21,16,11,5.5,3,11.6,28.3,79.9,1000.1,2.5,,
2025-08-19T23:00:00+08:00,Beijing,39.954592,116.468117,42,pm25,42,15,6.9,1.1,6.4,15.9,24,100,1005,0.5,,
2025-08-19T23:00:00+08:00,Shanghai,31.2047372,121.4489017,34,pm25,34,17,6.4,4.1,4.6,16.7,30,74,1009,5.6,,
2025-08-19T23:00:00+09:00,Shinjuku (Tokyo),35.713889,139.705556,55,pm25,55,16,15.8,7.2,2.3,7.3,27,87.8,1009.1,2,,24.8
2025-08-20T00:00:00+09:00,Osaka,34.6937378,135.5021651,13,pm25,13,12,7.5,5.8,0.1,11.2,29,74,1013,2.5,,
2025-08-19T14:00:00+01:00,London,51.5073509,-0.1277583,38,pm25,38,21,15.6,1.1,1,37,24.4,57,1016.5,3.8,,
2025-08-19T17:00:00+02:00,Frankfurt,50.075464,8.576305,50,o3,22,10,,0.5,0.1,49.5,30,28,1011,2,9.2,10
2025-08-19T17:00:00+02:00,Hamburg,53.564486,9.96834,37,o3,30,18,1,1.6,0.1,37.4,22.5,62,1013,5.6,8.2,15
2025-08-19T23:00:00+08:00,Wuhan,30.593099,114.305393,57,pm25,57,21,14.7,2.6,5.5,,32,70,1006,2.5,,
2025-08-19T17:00:00+02:00,Warsaw (Poland),52.225171,21.014783,28,pm25,28,21,27.4,2,0.1,12,23,43,1014,2,8.7,10
2025-08-20T00:00:00+09:30,Winnellie (Australia),-12.424323299931126,130.89335024356842,52,pm25,52,16,3,1,3,8.4,19.8,84,1011.3,3,,17
2025-08-19T21:00:00+05:30,Bangalore (India),13.0270199,77.494094,81,pm25,81,65,7.8,2.2,3.8,10.1,22,90.6,951.495,0.855,,19
2025-08-19T21:00:00+05:30,Chennai (India),13.1278,80.2642,75,pm25,75,65,5.4,1.8,5.3,,29.375,67.4025,82880.65,1.69,10.2,22
2025-08-19T09:00:00-04:00,Boston,42.325184,-71.05608,21,pm25,21,14,12.1,0.6,6.7,16,20.6,49.2,1025.6,,,
2025-08-19T09:00:00-04:00,Georgia,33.68797,-84.29048,47,pm25,47,19,4.7,0.2,2.5,20,29.2,54.6,1017.9,0.6,5.6,
2025-08-19T08:00:00-06:00,Denver,39.732146,-105.015317,32,pm10,30,32,13.3,0.6,4.7,7,22.7778,47,1025.7,2,4.3,
2025-08-20T00:00:00+09:00,Daegu,35.8714354,128.601445,53,pm25,53,15,7.4,4.5,2.9,21,7.1,71,1016,3.9,,
2025-08-20T00:00:00+09:00,Gyeonggi,37.4112,127.2579,25,pm25,25,19,14.2,3,4.5,2.9,26,94,1011.5,0.5,0.5,25
2025-08-19T23:00:00+09:00,Nagoya,35.1814464,136.906398,34,pm25,34,13,13.9,1.5,2.3,14.5,30,75,1012,3.3,,
2025-08-20T00:00:00+09:00,Fukuoka,33.5903547,130.4017155,82,pm25,82,50,10.2,1.5,3.4,16.8,28,83,1012,1.5,,
2025-08-19T23:00:00+09:00,Kawasaki,35.5309058,139.7030511,53,pm25,53,25,15.8,1.5,2.3,30.4,29,81,1011,5.6,,
2025-08-19T23:00:00+08:00,Shenzhen,22.543099,114.057868,78,pm25,78,47,19.2,4.1,10,12.2,28.8,95.9,1012.4,3.6,,
2025-08-19T23:00:00+08:00,Zhongshan (Taiwan),25.062361,121.526528,20,pm10,74,20,18.2,2,4.2,13.3,29.5,76.5,1012,2,9.2,25
2025-08-19T23:00:00+08:00,Chongqing,29.56301,106.551557,76,pm25,76,31,4.6,3.1,2.8,25.2,31,58,1005,2.5,,
2025-08-19T18:00:00+03:00,Istanbul (Turkey),41.015278,29.025,37,pm25,37,17,10.4,1.7,13.5,31.7,28,51,1011,8.4,15.4,17
2025-08-19T23:00:00+07:00,Hanoi,21.0491,105.8831,40,pm10,43,40,12,10,3,12,27,91,1008,3.3,,25.5
2025-08-19T22:00:00+05:30,Delhi,28.6341,77.2005,162,pm25,162,74,8.2,3,8.9,9.5,22.9,91.3,985.9,0.2,9.2,26
2025-08-19T22:00:00+05:30,Mumbai,19.0863,72.8888,81,pm25,81,46,1.2,14.8,0.4,11.5,26,99.92,1001.8333333333334,15.446666666666665,12.8,25
2025-08-20T01:00:00+09:00,Seoul,37.566535,126.9779692,25,pm25,25,14,9.2,5.3,3,12.7,27.9,82.8,999.8,2.5,,
2025-08-20T00:00:00+08:00,Beijing,39.954592,116.468117,46,pm25,46,15,9.2,1.1,5.5,13.9,25,94,1004,1.5,,
2025-08-20T00:00:00+08:00,Shanghai,31.2047372,121.4489017,34,pm25,34,15,6.9,4.1,4.6,15.1,29,79,1008,3.6,,
2025-08-20T00:00:00+09:00,Shinjuku (Tokyo),35.713889,139.705556,55,pm25,55,23,14.9,7.2,2.3,7.3,26.8,88.8,1008.8,2,,24.8
2025-08-19T14:00:00+02:00,Paris,48.856614,2.3522219,47,pm25,47,39,25.5,0.6,0.1,35.9,24.3,61.2,1013.6,3,,
2025-08-19T15:00:00+01:00,London,51.5073509,-0.1277583,38,pm25,38,28,9.2,1.1,1,36,23.8,56,1016.2,4.5,,
2025-08-19T18:00:00+02:00,Frankfurt,50.075464,8.576305,54,o3,23,11,,0.5,0.1,53.8,30,28,1011,1.5,9.2,10
2025-08-19T18:00:00+02:00,Hamburg,53.564486,9.96834,36,o3,30,18,1,1.6,0.1,35.8,21.5,66,1013,6.4,8.2,15
2025-08-20T00:00:00+08:00,Wuhan,30.593099,114.305393,57,pm25,57,27,22,2.6,5.5,,31,74,1006,1.5,,
2025-08-19T18:00:00+02:00,Warsaw (Poland),52.225171,21.014783,27,pm25,27,17,26.3,2,0.1,12,22,49,1013,2,8.7,11
2025-08-20T01:00:00+09:30,Winnellie (Australia),-12.424323299931126,130.89335024356842,56,pm25,56,19,3,1,3,6.9,18.9,86.2,1011.5,1.6,,16.5
2025-08-19T22:00:00+05:30,Bangalore (India),13.0270199,77.494094,84,pm25,84,62,7.6,2.2,3.8,10,21,93.5,951.62,0.845,,19
2025-08-19T22:00:00+05:30,Chennai (India),13.1278,80.2642,74,pm10,70,74,4.7,1.4,5,,29.3525,68.58,82941.67499999999,1.6325,10.2,22
2025-08-19T11:00:00-04:00,Boston,42.325184,-71.05608,22,o3,20,16,4.7,0.6,6.7,21.6,19.4,62.5,1025.2,,,
2025-08-19T10:00:00-04:00,Georgia,33.68797,-84.29048,47,pm25,47,19,1.9,0.2,2.3,28.1,30.7,49,1017.4,0.6,5,
2025-08-19T22:00:00+05:30,Hyderabad (India),17.417094,78.457437,153,pm25,153,68,5.1,6.7,3.2,8.8,23.5,81.44,1007.5,2.385,10.2,21
2025-08-19T09:00:00-06:00,Denver,39.732146,-105.015317,66,pm10,57,66,11.9,0.6,4.6,13.9,25,36.3,1025.5,1,4,
2025-08-20T01:00:00+09:00,Daegu,35.8714354,128.601445,38,pm25,38,18,7,4.9,2.7,18.1,7.1,71,1016,3.9,,
2025-08-20T01:00:00+09:00,Gyeonggi,37.4112,127.2579,26,pm10,17,26,13.2,2.9,4.4,1.5,27,88,1011.1,0.5,0.5,25
2025-08-20T00:00:00+09:00,Nagoya,35.1814464,136.906398,30,pm25,30,15,10.2,1.5,1.2,18.4,30,74,1011.5,3.3,,
2025-08-20T01:00:00+09:00,Fukuoka,33.5903547,130.4017155,74,pm25,74,49,6.5,1.5,3.4,12.8,28,83,1012,3,,
2025-08-20T01:00:00+09:00,Kawasaki,35.5309058,139.7030511,26,pm10,1,26,21.3,1.5,2.3,23.3,28,83,1010,4.6,,
2025-08-20T00:00:00+08:00,Shenzhen,22.543099,114.057868,63,pm25,63,39,17.9,3.6,9.1,13.5,28.8,92.6,1011.7,2.5,,
2025-08-20T00:00:00+08:00,Zhongshan (Taiwan),25.062361,121.526528,15,pm10,74,15,15.6,1.8,3.3,11.5,29,76.5,1012,1.8,9.2,24.5
2025-08-20T00:00:00+08:00,Chongqing,29.56301,106.551557,76,pm25,76,36,5.1,1.6,2.8,16.7,30,62,1005,4.6,,
2025-08-19T19:00:00+03:00,Istanbul (Turkey),41.015278,29.025,37,pm25,37,17,7,1.7,13.5,32.4,26.5,57,1011,8.7,15.4,17.5
2025-08-20T00:00:00+07:00,Hanoi,21.0491,105.8831,35,pm10,43,35,9,9,2,18,27,91,1008,3.3,,25.5
2025-08-19T23:00:00+05:30,Delhi,28.6341,77.2005,132,pm25,132,79,6.6,2.8,9.8,18,22.875,91.82499999999999,985.55,0.27499999999999997,9.2,26
2025-08-20T02:00:00+09:00,Seoul,37.566535,126.9779692,30,pm25,30,15,7.7,4.6,2.9,14.1,27.9,82.8,999.8,2.5,,
2025-08-20T01:00:00+08:00,Beijing,39.954592,116.468117,34,pm25,34,12,10.6,1.1,5.5,13,24,100,1004,2.5,,
2025-08-20T01:00:00+08:00,Shanghai,31.2047372,121.4489017,30,pm25,30,15,6.9,4.1,3.7,15.1,29,79,1008,3.6,,
2025-08-20T01:00:00+09:00,Shinjuku (Tokyo),35.713889,139.705556,57,pm25,57,22,10.2,7.2,2.3,7.3,26.5,90.9,1008,1.5,,24.9
2025-08-20T01:00:00+09:00,Osaka,34.6937378,135.5021651,30,pm25,30,10,8.4,7.2,1.2,12.8,30,74,1012,2.2,,
2025-08-19T15:00:00+02:00,Paris,48.856614,2.3522219,52,pm25,52,38,23.3,0.6,0.1,46.6,23.8,61,1013.5,2.8,,
2025-08-19T16:00:00+01:00,London,51.5073509,-0.1277583,55,pm25,55,33,22,1,2.5,20.3,23.3,57.1,1016,3.8,,
2025-08-19T19:00:00+02:00,Frankfurt,50.075464,8.576305,56,o3,25,12,,0.5,0.1,56.3,30,29,1010.5,1.8,9.2,10.5
2025-08-19T19:00:00+02:00,Hamburg,53.564486,9.96834,34,o3,30,18,1,1.6,0.1,33.8,20,68,1013,6.1,8.2,14
2025-08-20T01:00:00+08:00,Wuhan,30.593099,114.305393,53,pm25,53,27,22.4,2.1,5.5,,31,79,1006,1.5,,
2025-08-19T19:00:00+02:00,Warsaw (Poland),52.225171,21.014783,28,pm25,28,20,26.5,2,0.1,12,23,43,1013,2.5,8.7,10
2025-08-20T02:00:00+09:30,Winnellie (Australia),-12.424323299931126,130.89335024356842,48,pm25,48,14,3.5,0.9,2.7,6.9,18.9,85.2,1011.5,5,,16.5
2025-08-19T11:00:00-04:00,Georgia,33.68797,-84.29048,47,pm25,47,18,1.8,0.2,2.3,34.4,32.2,46.7,1016.7,1.2,5.5,
2025-08-19T10:00:00-07:00,Phoenix,33.403055555556,-112.07527777778,48,pm10,26,48,4.7,,2.3,4,33,24,1014.5,2,11.8,10
2025-08-19T10:00:00-06:00,Denver,39.732146,-105.015317,24,pm10,21,24,7.4,0.6,2.7,17.9,27.2222,33.6,1025.6,2,7.3,
2025-08-20T01:00:00+09:00,Nagoya,35.1814464,136.906398,42,pm25,42,15,10.2,1.5,1.2,18.4,30,73,1011.4,2.3,,
2025-08-20T02:00:00+09:00,Fukuoka,33.5903547,130.4017155,55,pm25,55,32,4.7,1.5,3.4,10.4,28,83,1011,3.6,,
2025-08-20T02:00:00+09:00,Kawasaki,35.5309058,139.7030511,25,pm10,1,25,12.1,1.5,2.3,22.4,28,83,1010,3.6,,
2025-08-20T01:00:00+08:00,Shenzhen,22.543099,114.057868,63,pm25,63,40,14.7,4.6,9.1,12.6,28.6,93,1011,2.5,,
2025-08-20T01:00:00+08:00,Zhongshan (Taiwan),25.062361,121.526528,14,pm10,74,14,13.5,1.5,3.3,8,29,74,1011,2,9.2,24
2025-08-20T01:00:00+08:00,Chongqing,29.56301,106.551557,63,pm25,63,35,4.6,1.6,2.8,15.5,30,58,1005,4.6,,
2025-08-19T20:00:00+03:00,Istanbul (Turkey),41.015278,29.025,38,pm25,38,17,8.5,1.8,13.6,32.7,25.5,59,1012,8.4,15.4,17
2025-08-20T01:00:00+07:00,Hanoi,21.0491,105.8831,32,pm10,43,32,8,9,2,19,27,91,1007,3.3,,25.5
2025-08-20T00:00:00+05:30,Delhi,28.6341,77.2005,94,pm25,94,60,5.4,2.6,10.4,11.8,22.6,92.9,985.4,0.3,9.2,26
2025-08-20T00:00:00+05:30,Mumbai,19.0863,72.8888,84,pm25,84,49,1.5,14.9,1.1,11.4,26.5,99.92,1001.9966666666666,42.59,12.3,25
2025-08-20T03:00:00+09:00,Seoul,37.566535,126.9779692,21,pm25,21,15,7.6,4.9,2.9,15.9,27.7,83.8,999.6,3.6,,
2025-08-20T02:00:00+08:00,Beijing,39.954592,116.468117,21,pm25,21,10,8.7,1.1,5.5,15.9,24,94,1004,1.5,,
2025-08-20T02:00:00+08:00,Shanghai,31.2047372,121.4489017,34,pm25,34,15,7.4,4.1,5.5,14.7,29,79,1008,2.5,,
2025-08-20T02:00:00+09:00,Shinjuku (Tokyo),35.713889,139.705556,53,pm25,53,20,9.3,1.5,3.4,5.6,26.5,90.9,1008,1.5,,24.9
2025-08-20T03:00:00+09:00,Osaka,34.6937378,135.5021651,25,pm25,25,12,8.4,5.8,0.1,10.4,29.2,74,1012,1.5,,
2025-08-19T17:00:00+02:00,Paris,48.856614,2.3522219,52,pm25,52,38,14.9,0.6,0.1,33.2,22.7,64,1013.5,0.8,,
2025-08-19T18:00:00+01:00,London,51.5073509,-0.1277583,38,pm25,38,20,20.2,1.1,1.9,24.4,22.8,63.1,1016.1,3.8,,
2025-08-19T20:00:00+02:00,Frankfurt,50.075464,8.576305,49,o3,28,19,,0.5,0.1,49.3,27.5,40.5,1010,2,9.2,13
2025-08-19T20:00:00+02:00,Hamburg,53.564486,9.96834,31,o3,25,17,1,1.6,0.1,30.5,19,70,1012.5,5.1,8.2,13.5
2025-08-20T02:00:00+08:00,Wuhan,30.593099,114.305393,38,pm25,38,17,19.2,3.1,5.5,,32,66,1005,3.6,,
2025-08-19T20:00:00+02:00,Warsaw (Poland),52.225171,21.014783,29,pm25,29,20,31.9,2,0.1,12,20,56,1013,1.5,8.7,11
2025-08-20T00:00:00+05:30,Bangalore (India),13.0270199,77.494094,78,pm25,78,63,6.3,3.2,3.8,10,21,93.6,951.5675,0.83,,19
2025-08-20T00:00:00+05:30,Chennai (India),13.1278,80.2642,999,pm25,999,60,5,1.4,3,,29.417499999999997,66.88250000000001,82933.675,1.535,10.2,21
2025-08-19T12:00:00-04:00,Boston,42.325184,-71.05608,22,o3,17,13,2.8,0.6,6.7,22.4,21.2,52,1025.1,,,
2025-08-19T12:00:00-04:00,Georgia,33.68797,-84.29048,48,pm25,48,18,1.3,0.2,2.3,32.8,33,44.7,1017.6,0.5,4.5,
2025-08-19T11:00:00-07:00,Phoenix,33.403055555556,-112.07527777778,43,pm10,28,43,4.7,,2.3,4,36,20,1014.5,1.5,11.8,10
2025-08-20T00:00:00+05:30,Hyderabad (India),17.417094,78.457437,102,pm25,102,66,4.4,5.8,2.6,9.1,23,80.6625,1007,2.2275,10.2,21
2025-08-19T11:00:00-06:00,Denver,39.732146,-105.015317,20,pm10,17,20,5.1,0.6,2.2,17.9,29.4444,30,1025.5,3,9,
2025-08-20T03:00:00+09:00,Daegu,35.8714354,128.601445,50,pm25,50,20,7.9,5.3,2.7,13.4,7.1,71,1016,3.9,,
2025-08-20T03:00:00+09:00,Gyeonggi,37.4112,127.2579,25,pm10,17,25,10.9,2.8,3.9,2,27,88,1010.4,1.5,0.5,25
2025-08-20T02:00:00+09:00,Nagoya,35.1814464,136.906398,46,pm25,46,19,8.4,1.5,1.2,17.6,30.5,71,1011.2,1.3,,
2025-08-20T03:00:00+09:00,Fukuoka,33.5903547,130.4017155,50,pm25,50,22,4.7,1.5,2.3,10.4,27,88,1011,4.1,,
2025-08-20T02:00:00+08:00,Shenzhen,22.543099,114.057868,59,pm25,59,44,12.8,4.1,9.1,11.8,28.3,93.6,1010.3,3.6,,
2025-08-20T02:00:00+08:00,Zhongshan (Taiwan),25.062361,121.526528,12,pm10,74,12,13,1.6,2.5,8,29,74,1011,1.5,9.2,24
2025-08-20T02:00:00+08:00,Chongqing,29.56301,106.551557,70,pm25,70,22,4.2,1.6,2.8,15.5,29,62,1004,3.6,,
2025-08-20T02:00:00+07:00,Hanoi,21.0491,105.8831,31,pm10,43,31,7,9,2,19,27,94,1006,3,,26
2025-08-20T04:00:00+09:00,Seoul,37.566535,126.9779692,30,pm25,30,14,7.5,4.3,2.9,12.1,27.6,83.7,999.4,2,,
2025-08-20T03:00:00+08:00,Beijing,39.954592,116.468117,25,pm25,25,11,8.3,1.1,5.5,11.4,24,94,1005,1.5,,
2025-08-20T03:00:00+08:00,Shanghai,31.2047372,121.4489017,34,pm25,34,15,8.3,4.1,5.5,14.3,29,79,1008,1.5,,
2025-08-20T03:00:00+09:00,Shinjuku (Tokyo),35.713889,139.705556,55,pm25,55,44,18.6,1.5,2.3,5.6,26.8,91,1007.9,1,,25.2
2025-08-20T04:00:00+09:00,Osaka,34.6937378,135.5021651,21,pm25,21,18,8.4,5.8,0.1,10.4,28.8,78,1012,2,,
2025-08-19T21:00:00+02:00,Frankfurt,50.075464,8.576305,37,pm25,37,33,,0.5,0.1,32.4,23.5,48,1010,1.8,9.2,12
2025-08-19T21:00:00+02:00,Hamburg,53.564486,9.96834,28,o3,25,16,2.3,1.6,0.1,28.1,17.5,74.5,1012.5,4.1,8.2,13
2025-08-20T03:00:00+08:00,Wuhan,30.593099,114.305393,34,pm25,34,12,12.8,3.6,4.6,,31,70,1005,3.6,,
2025-08-19T21:00:00+02:00,Warsaw (Poland),52.225171,21.014783,29,pm25,29,20,36.3,2,0.1,12,17,67,1012,2,8.7,11
2025-08-20T04:00:00+09:30,Winnellie (Australia),-12.424323299931126,130.89335024356842,84,pm25,84,29,2.3,1,2.9,10,19.4,54,1011.2,6.19,,14
2025-08-19T13:00:00-04:00,Georgia,33.68797,-84.29048,50,pm25,50,20,1.3,0.2,2.3,31.2,29.6,47.8,1017,1.6,6.4,
2025-08-19T12:00:00-07:00,Phoenix,33.403055555556,-112.07527777778,29,o3,19,27,4.7,,1.2,28.9,38,16,1013.8,2.5,11.8,8
2025-08-19T12:00:00-06:00,Denver,39.732146,-105.015317,25,o3,13,15,3.7,0.6,1.8,25.2,31.6667,23,1025.1,4,10.5,
2025-08-20T04:00:00+09:00,Daegu,35.8714354,128.601445,53,pm25,53,20,7.9,5.3,2.8,12.3,7.1,71,1016,3.9,,
2025-08-20T03:00:00+09:00,Nagoya,35.1814464,136.906398,53,pm25,53,26,7.5,1.5,2.3,20.8,30,73.9,1011.3,1.8,,
2025-08-20T04:00:00+09:00,Fukuoka,33.5903547,130.4017155,46,pm25,46,22,4.7,1.5,2.3,12.1,28.2,88,1011,3.6,,
2025-08-20T03:00:00+09:00,Kawasaki,35.5309058,139.7030511,61,pm25,61,26,24.1,1.5,3.4,20.8,29,81,1010,2.3,,
2025-08-20T03:00:00+08:00,Shenzhen,22.543099,114.057868,55,pm25,55,39,10.1,7.1,6.4,11.8,28.8,94,1010.1,2.5,,
2025-08-20T03:00:00+08:00,Zhongshan (Taiwan),25.062361,121.526528,11,pm10,74,11,11.4,1.9,2.2,8.6,29,74,1010,3.6,9.2,24
2025-08-20T03:00:00+08:00,Chongqing,29.56301,106.551557,74,pm25,74,23,10.1,1.6,2.8,15.5,29,62,1004,3.6,,
2025-08-19T21:00:00+03:00,Istanbul (Turkey),41.015278,29.025,38,pm25,38,17,8,1.8,13.7,31.3,23.8,76.4,1005.8,6.1,,19.4
2025-08-20T03:00:00+07:00,Hanoi,21.0491,105.8831,29,pm10,43,29,6,9,2,18,27,94,1006,2.5,,26
2025-08-20T01:00:00+05:30,Delhi,28.6341,77.2005,72,pm25,72,70,5.5,1.3,8.9,3.7,22.96666666666667,92.8,985.9333333333334,0.3333333333333333,9.2,26
2025-08-20T02:00:00+05:30,Mumbai,19.0863,72.8888,84,pm25,84,49,1.7,14.8,1.4,11.6,26,99.92,1000.94,43.906666666666666,15.4,25
2025-08-20T05:00:00+09:00,Seoul,37.566535,126.9779692,25,pm25,25,14,7.9,4.6,3,11.6,27.4,84.7,999.5,2,,
2025-08-20T04:00:00+08:00,Beijing,39.954592,116.468117,30,pm25,30,13,11.5,1.1,5.5,6.1,23,100,1005,1.5,,
2025-08-20T04:00:00+08:00,Shanghai,31.2047372,121.4489017,34,pm25,34,13,8.3,4.6,5.5,12.2,29,79,1007,2.5,,
2025-08-20T04:00:00+09:00,Shinjuku (Tokyo),35.713889,139.705556,34,pm25,34,14,18.6,1.5,2.3,4,26.8,91,1007.9,1,,25.2
2025-08-20T05:00:00+09:00,Osaka,34.6937378,135.5021651,25,pm25,25,15,12.1,5.8,0.1,8,28.4,78,1012,1.5,,
2025-08-19T18:00:00+02:00,Paris,48.856614,2.3522219,65,pm25,65,38,19.1,0.6,0.1,36.3,22,68,1013.7,0.8,,
2025-08-19T19:00:00+01:00,London,51.5073509,-0.1277583,30,pm25,30,20,17.4,1.1,1.9,24.4,21.7,63.7,1016.2,4.6,,
2025-08-19T22:00:00+02:00,Frankfurt,50.075464,8.576305,36,pm25,36,27,,0.5,0.1,26.2,21.5,54.5,1010.5,2,9.2,12
2025-08-19T22:00:00+02:00,Hamburg,53.564486,9.96834,29,o3,25,15,2.3,1.6,0.1,28.5,15.5,82,1013,3.6,8.2,12.5
2025-08-20T04:00:00+08:00,Wuhan,30.593099,114.305393,42,pm25,42,18,17,3.1,5.5,,31,70,1005,4.6,,
2025-08-19T22:00:00+02:00,Warsaw (Poland),52.225171,21.014783,35,pm25,35,23,40.4,2,0.1,12,17,67,1012,2.5,8.7,11
2025-08-20T05:00:00+09:30,Winnellie (Australia),-12.424323299931126,130.89335024356842,63,pm25,63,20,4.5,1.1,2.8,9.5,18.3,47.900000000000006,1011,4.09,,6.8
2025-08-20T01:00:00+05:30,Bangalore (India),13.0270199,77.494094,68,pm25,68,59,7.6,1.6,3.8,10,20.5,93.7,951.3633333333333,0.8066666666666666,,19
2025-08-20T01:00:00+05:30,Chennai (India),13.1278,80.2642,62,pm25,62,57,3.8,1.4,3.1,,29.51,66.82,82867.76666666668,0.85,10.2,22
2025-08-19T14:00:00-04:00,Georgia,33.68797,-84.29048,48,pm25,48,17,0.9,0.2,2.3,29.6,23.2,59.2,1017.6,2.4,8.2,
2025-08-19T13:00:00-07:00,Phoenix,33.403055555556,-112.07527777778,36,o3,20,18,4.7,,1.2,36.1,39,14,1013.2,3.6,11.8,7
2025-08-20T01:00:00+05:30,Hyderabad (India),17.417094,78.457437,95,pm25,95,65,3.5,4.2,1.7,9.7,23,81.04333333333334,1007,2.26,10.2,21
2025-08-19T13:00:00-06:00,Denver,39.732146,-105.015317,24,o3,17,19,4.6,0.6,1.7,24,32.2222,25,1024.8,5,14,
2025-08-20T04:00:00+09:00,Gyeonggi,37.4112,127.2579,30,pm25,30,20,9.7,3,4.3,5.9,26,94,1011.1,0.5,0.5,25
2025-08-20T04:00:00+09:00,Nagoya,35.1814464,136.906398,65,pm25,65,26,7.5,1.5,2.3,20.8,30,71,1011.6,2.9,,
2025-08-20T05:00:00+09:00,Fukuoka,33.5903547,130.4017155,46,pm25,46,22,4.7,1.5,2.3,11.2,28.2,88,1012,4.1,,
2025-08-20T04:00:00+09:00,Kawasaki,35.5309058,139.7030511,57,pm25,57,24,22.3,1.5,3.4,12.8,29,82,1010,2.3,,
2025-08-20T04:00:00+08:00,Shenzhen,22.543099,114.057868,53,pm25,53,36,11.9,5.6,7.3,10.6,28.8,98.2,1010,2.5,,
2025-08-20T04:00:00+08:00,Zhongshan (Taiwan),25.062361,121.526528,16,pm10,74,16,9.6,1.6,2.2,8.4,28,78,1009,2.5,9.2,24
2025-08-20T04:00:00+08:00,Chongqing,29.56301,106.551557,70,pm25,70,28,14.7,1.6,2.8,9.4,28,65,1003,2.5,,
2025-08-19T22:00:00+03:00,Istanbul (Turkey),41.015278,29.025,38,pm25,38,17,10.1,1.8,13.8,31.3,23.7,77.8,1006,6.6,,19.6
2025-08-20T04:00:00+07:00,Hanoi,21.0491,105.8831,28,pm10,43,28,7,9,2,19,27,94,1005.5,2.8,,26
2025-08-20T02:00:00+05:30,Delhi,28.6341,77.2005,158,pm25,158,67,7.8,0.6,5.7,16.2,23.03333333333333,92.39999999999999,985.6999999999999,0.23333333333333336,9.2,26
2025-08-20T06:00:00+09:00,Seoul,37.566535,126.9779692,21,pm25,21,14,10.1,4.5,3,8.3,27.2,84.7,999.8,1.5,,
2025-08-20T05:00:00+08:00,Beijing,39.954592,116.468117,34,pm25,34,16,13.3,1.1,5.5,2.1,23,100,1004,1.5,,
2025-08-20T05:00:00+08:00,Shanghai,31.2047372,121.4489017,38,pm25,38,13,7.8,4.6,5.5,11.4,29,79,1007,1.5,,
2025-08-20T05:00:00+09:00,Shinjuku (Tokyo),35.713889,139.705556,34,pm25,34,9,17.6,4.3,0.1,4,27.2,87.3,1008.4,1,,24.9
2025-08-19T19:00:00+02:00,Paris,48.856614,2.3522219,59,pm25,59,33,19.5,0.6,0.1,36.3,20.7,80,1014,0.6,,
2025-08-19T20:00:00+01:00,London,51.5073509,-0.1277583,53,pm25,53,20,14.2,0.6,1.9,24.4,21.1,64.4,1016.7,6.6,,
2025-08-19T23:00:00+02:00,Frankfurt,50.075464,8.576305,54,pm10,53,54,,0.5,0.1,22.2,19.5,66,1010,2,9.2,13
2025-08-19T23:00:00+02:00,Hamburg,53.564486,9.96834,27,o3,25,15,2.3,1.6,0.1,26.9,15.5,84.5,1012.5,4.3,8.2,13
2025-08-20T05:00:00+08:00,Wuhan,30.593099,114.305393,34,pm25,34,18,10.6,2.6,5.5,,31,66,1005,3.6,,
2025-08-20T06:00:00+09:30,Winnellie (Australia),-12.424323299931126,130.89335024356842,72,pm25,72,23,4.5,1.1,3.8,8.1,18.8,50,1011.4,7.89,,8.2
2025-08-20T02:00:00+05:30,Bangalore (India),13.0270199,77.494094,59,pm10,45,59,8.1,2.4,3.8,10.2,20,93.7,951.2333333333332,0.83,,19
2025-08-20T02:00:00+05:30,Chennai (India),13.1278,80.2642,55,pm25,55,49,3.7,1.3,2.7,,29.47,68.41333333333334,82836.73333333332,0.5166666666666667,10.2,22
2025-08-19T15:00:00-04:00,Boston,42.325184,-71.05608,12,pm25,12,13,2.8,0.6,1.2,22.4,21.3,48,1023.6,,,
2025-08-19T15:00:00-04:00,Georgia,33.68797,-84.29048,35,pm25,35,17,3.2,0.2,2.3,25.6,22.7,64.6,1017.5,1.5,1.6,
2025-08-19T14:00:00-07:00,Phoenix,33.403055555556,-112.07527777778,38,o3,11,17,4.7,,1.2,37.6,42,11,1012.5,5.1,11.8,6
2025-08-20T02:00:00+05:30,Hyderabad (India),17.417094,78.457437,100,pm25,100,67,3.1,3.8,1.5,10.7,23,80.34333333333335,1007,2.3233333333333337,10.2,21
2025-08-19T14:00:00-06:00,Denver,39.732146,-105.015317,23,o3,13,17,2.8,0.6,1.5,22.8,32.7778,23.5,1024.2,7,14,
2025-08-20T06:00:00+09:00,Daegu,35.8714354,128.601445,61,pm25,61,22,12,5.5,3.2,11.1,7.1,71,1016,3.9,,
2025-08-20T06:00:00+09:00,Gyeonggi,37.4112,127.2579,55,pm25,55,18,11.3,2.9,4.4,5.9,26,94,1010.8,1,0.5,25
2025-08-20T05:00:00+09:00,Nagoya,35.1814464,136.906398,57,pm25,57,23,8.4,1.5,2.3,16.8,30,76.2,1012.1,2.8,,
2025-08-20T06:00:00+09:00,Fukuoka,33.5903547,130.4017155,55,pm25,55,23,6.5,1.5,2.3,9.6,27,88,1012,2.5,,
2025-08-20T05:00:00+09:00,Kawasaki,35.5309058,139.7030511,53,pm25,53,28,24.1,1.5,4.5,6.4,29,84,1011,2.5,,
2025-08-20T05:00:00+08:00,Shenzhen,22.543099,114.057868,55,pm25,55,35,13.3,4.1,6.4,8.6,28.7,98.2,1010,3.6,,
2025-08-20T05:00:00+08:00,Zhongshan (Taiwan),25.062361,121.526528,13,pm10,74,13,8.1,1.3,1.8,8.4,28,78,1010,1.5,9.2,24
2025-08-20T05:00:00+08:00,Chongqing,29.56301,106.551557,53,pm25,53,26,13.3,1.6,2.8,7,28,65,1003,2.5,,
2025-08-20T00:00:00+03:00,Istanbul (Turkey),41.015278,29.025,38,pm25,38,16,10,1.9,14.1,29.8,23.4,81.7,1005.3,3.6,,20.1
2025-08-20T05:00:00+07:00,Hanoi,21.0491,105.8831,27,pm10,43,27,7,9,2,23,27,94,1006,3,,26
2025-08-20T05:00:00+07:00,Bangkok,13.7563309,100.5017651,32,pm25,32,24,0.6,0.6,0.1,4.8,26.7,90.8,1007.8,0.5,,
2025-08-20T04:00:00+05:30,Delhi,28.6341,77.2005,85,pm25,85,46,3.9,1,3.4,9.5,23.175,91.475,985.45,0.575,9.2,26
2025-08-20T03:00:00+05:30,Mumbai,19.0863,72.8888,80,pm25,80,45,1.2,14.8,0.3,11.6,26,99.92,999.9549999999999,43.239999999999995,10.8,25
2025-08-20T07:00:00+09:00,Seoul,37.566535,126.9779692,21,pm25,21,13,13.9,4.5,3.6,6.4,27,84.7,999.5,3,,
2025-08-20T06:00:00+08:00,Beijing,39.954592,116.468117,34,pm25,34,16,12.8,1.1,5.5,2.1,23,100,1005,1.5,,
2025-08-20T06:00:00+08:00,Shanghai,31.2047372,121.4489017,34,pm25,34,15,7.4,4.1,4.6,11,29,79,1007,2.5,,
2025-08-20T06:00:00+09:00,Shinjuku (Tokyo),35.713889,139.705556,42,pm25,42,7,13.9,4.3,2.3,4,27.7,80.8,1009,1.5,,24.1
2025-08-20T06:00:00+09:00,Osaka,34.6937378,135.5021651,21,pm25,21,17,12.1,5.8,2.3,8,29.4,71,1004,1,,
2025-08-19T20:00:00+02:00,Paris,48.856614,2.3522219,63,pm25,63,31,19.5,0.6,0.1,35.4,20.1,85.8,1013.7,0.6,,
2025-08-19T21:00:00+01:00,London,51.5073509,-0.1277583,42,pm25,42,20,9.2,0.6,1.9,24.4,19.5,69.3,1017.2,5.1,,
2025-08-20T00:00:00+02:00,Frankfurt,50.075464,8.576305,49,pm25,49,42,,0.5,0.1,13.8,19,68,1010,2.3,9.2,13
2025-08-20T00:00:00+02:00,Hamburg,53.564486,9.96834,28,o3,25,14,1,1.6,0.1,27.7,16,79.5,1012,3.6,8.2,12.5
2025-08-20T06:00:00+08:00,Wuhan,30.593099,114.305393,30,pm25,30,15,10.1,5.1,5.5,,30,70,1005,3.6,,
2025-08-20T00:00:00+02:00,Warsaw (Poland),52.225171,21.014783,40,pm25,40,24,45.2,2,0.1,12,16,67,1011,1,8.7,10
2025-08-20T03:00:00+05:30,Bangalore (India),13.0270199,77.494094,61,pm10,55,61,8.1,1.7,3.8,10.1,20,93.73333333333333,951.1333333333333,0.79,,19
2025-08-20T03:00:00+05:30,Chennai (India),13.1278,80.2642,64,pm25,64,49,3.7,1.3,2.7,,29.400000000000002,68.60333333333334,82841.53333333334,0.36666666666666664,10.2,22
2025-08-19T16:00:00-04:00,Boston,42.325184,-71.05608,21,o3,12,10,1.9,0.5,2.3,20.8,20.2,57.5,1023.1,,,
2025-08-19T16:00:00-04:00,Georgia,33.68797,-84.29048,28,pm25,28,19,5.4,0.2,2.3,20,22.7,68,1017,1.5,2.2,
2025-08-19T15:00:00-07:00,Phoenix,33.403055555556,-112.07527777778,37,o3,11,12,4.7,,1.2,36.8,41,12,1011.1,5.1,11.8,6
2025-08-20T03:00:00+05:30,Hyderabad (India),17.417094,78.457437,103,pm25,103,68,3.1,3.7,1.5,10.7,23,80.80333333333334,1007,2.27,10.2,21
2025-08-20T07:00:00+09:00,Daegu,35.8714354,128.601445,61,pm25,61,22,13.4,5.5,3.3,6,7.1,71,1016,3.9,,
2025-08-20T07:00:00+09:00,Gyeonggi,37.4112,127.2579,30,pm25,30,17,10.3,2.8,4.4,3.6,27,88,1011.1,1,0.5,25
2025-08-20T06:00:00+09:00,Nagoya,35.1814464,136.906398,63,pm25,63,24,13,1.5,2.3,12.8,32.2,71.9,1012.3,2.8,,
2025-08-20T07:00:00+09:00,Fukuoka,33.5903547,130.4017155,50,pm25,50,23,6.5,1.5,1.2,10.4,28.7,83,1012,3.6,,
2025-08-20T06:00:00+09:00,Kawasaki,35.5309058,139.7030511,59,pm25,59,26,25.1,2.9,4.5,4,29,84,1011,1.7,,
2025-08-20T06:00:00+08:00,Shenzhen,22.543099,114.057868,61,pm25,61,35,14.2,4.1,10.9,8.2,28.3,97.7,1010.3,2.5,,
2025-08-20T06:00:00+08:00,Zhongshan (Taiwan),25.062361,121.526528,14,pm10,74,14,7.7,1,2,6,28,78,1010,1.5,9.2,24
2025-08-20T06:00:00+08:00,Chongqing,29.56301,106.551557,59,pm25,59,26,8.3,1.6,2.8,11.4,27,69,1003,2.5,,
2025-08-20T01:00:00+03:00,Istanbul (Turkey),41.015278,29.025,39,pm25,39,16,10.7,1.6,14.2,29.8,23.4,81.7,1005.3,3.6,,20.1
2025-08-20T06:00:00+07:00,Hanoi,21.0491,105.8831,27,pm10,43,27,7,10,4,28,27,94,1006,3,,26
2025-08-20T04:00:00+05:30,Mumbai,19.0863,72.8888,79,pm25,79,44,1.2,14.8,0.5,11.5,27,99.92,999.7149999999999,41.935,10.8,25
2025-08-20T08:00:00+09:00,Seoul,37.566535,126.9779692,17,pm25,17,12,13,4.8,3.8,7,27,84.7,999.9,2,,
2025-08-20T07:00:00+08:00,Beijing,39.954592,116.468117,25,pm25,25,12,6.9,1.1,5.5,13,26,88,1005,1.5,,
2025-08-20T07:00:00+09:00,Shinjuku (Tokyo),35.713889,139.705556,42,pm25,42,20,15.8,1.5,3.4,10.4,28.7,76.2,1009.2,1,,24.1
2025-08-20T07:00:00+09:00,Osaka,34.6937378,135.5021651,34,pm25,34,22,11.2,5.8,3.4,9.6,29.4,74,1013,2,,
2025-08-19T21:00:00+02:00,Paris,48.856614,2.3522219,56,pm25,56,25,16.4,0.6,0.1,32.1,19.6,90,1014.1,0.6,,
2025-08-19T22:00:00+01:00,London,51.5073509,-0.1277583,50,pm25,50,19,13.3,0.3,0.9,23.6,17.5,75,1017.5,4.7,,
2025-08-20T01:00:00+02:00,Warsaw (Poland),52.225171,21.014783,40,pm25,40,25,45.7,2,0.1,12,16,72,1011,1,8.7,11
2025-08-20T08:00:00+09:30,Winnellie (Australia),-12.424323299931126,130.89335024356842,40,pm25,40,24,3.9,1.1,2.2,9.2,19.5,40.8,1011.8,10.38,,8.8
2025-08-20T04:00:00+05:30,Bangalore (India),13.0270199,77.494094,90,pm25,90,61,6.5,2.6,,10.1,20,93.8,951.1966666666667,0.7966666666666667,,19
2025-08-20T04:00:00+05:30,Chennai (India),13.1278,80.2642,75,pm25,75,56,4.4,1.3,4.2,,29.159999999999997,69.48,82853.33333333333,0.6033333333333334,10.2,22
2025-08-19T16:00:00-07:00,Phoenix,33.403055555556,-112.07527777778,37,o3,8,16,4.7,,1.2,36.8,42,12,1010.1,4.6,9.2,7
2025-08-20T04:00:00+05:30,Hyderabad (India),17.417094,78.457437,99,pm25,99,65,3.4,4.3,1.5,10.8,23,81.81666666666666,1007,2.066666666666667,10.2,21
2025-08-19T15:00:00-06:00,Denver,39.732146,-105.015317,22,o3,17,21,4.6,0.6,1.7,21.6,31.6667,27.3,1024.5,9,10.6,
2025-08-20T08:00:00+09:00,Daegu,35.8714354,128.601445,63,pm25,63,28,14.7,5.5,3.4,7.1,7.1,71,1016,3.9,,
2025-08-20T08:00:00+09:00,Gyeonggi,37.4112,127.2579,21,pm25,21,17,8.4,3,4.3,7.5,29,79,1010.8,2,0.5,25
2025-08-20T07:00:00+09:00,Nagoya,35.1814464,136.906398,68,pm25,68,29,17.6,1.5,3.4,14.5,33.8,58,1012.3,1.9,,
2025-08-20T08:00:00+09:00,Fukuoka,33.5903547,130.4017155,53,pm25,53,24,6.5,2.9,2.3,12.8,28.7,81,1012,3.6,,
2025-08-20T07:00:00+09:00,Kawasaki,35.5309058,139.7030511,55,pm25,55,20,22.3,2.9,4.5,8,30,83,1011,3.6,,
2025-08-20T07:00:00+08:00,Zhongshan (Taiwan),25.062361,121.526528,15,pm10,74,15,7.5,0.9,2.2,7.4,28.5,76,1010.5,1.2,9.2,24
2025-08-20T07:00:00+08:00,Chongqing,29.56301,106.551557,50,pm25,50,20,6.4,2.1,2.8,12.2,28,65,1004,2.5,,
2025-08-20T02:00:00+03:00,Istanbul (Turkey),41.015278,29.025,38,pm25,38,16,10.7,1.6,14.3,28.9,23.4,82.8,1005.3,4.6,,20.3
2025-08-20T09:00:00+07:00,Hanoi,21.0491,105.8831,38,pm10,43,38,6,10,7,24,29.5,86,1007,2.3,,27
2025-08-20T08:00:00+07:00,Bangkok,13.7563309,100.5017651,43,pm25,43,22,0.6,0.6,0.1,4.8,29.8,92.5,1009.3,1,,
2025-08-20T05:00:00+05:30,Delhi,28.6341,77.2005,57,pm25,57,44,0.6,0.9,2.3,11.6,22.9,90.30000000000001,985.9,0.7000000000000001,9.2,25
2025-08-20T07:00:00+05:30,Mumbai,19.0863,72.8888,81,pm25,81,47,1.1,14.8,0.3,11.5,26,99.92,1001.02,42.85,13.3,25
2025-08-20T11:00:00+09:00,Seoul,37.566535,126.9779692,38,pm25,38,20,11,4.9,3.2,18.3,29.7,73.7,999.2,3,,
2025-08-20T09:00:00+08:00,Beijing,39.954592,116.468117,30,pm25,30,11,4.2,1.1,5.5,23.2,28,74,1005,1.5,,
2025-08-20T09:00:00+08:00,Shanghai,31.2047372,121.4489017,42,pm25,42,28,9.6,5.1,6.4,19.9,34.5,59,1008,1.5,,
2025-08-20T10:00:00+09:00,Shinjuku (Tokyo),35.713889,139.705556,50,pm25,50,22,21.3,1.5,2.3,10.4,33.2,66,1008.6,4.1,,26
2025-08-20T11:00:00+09:00,Osaka,34.6937378,135.5021651,53,pm25,53,23,18.6,7.2,0.1,23.3,32.1,66,1013,3.6,,
2025-08-20T00:00:00+02:00,Paris,48.856614,2.3522219,62,pm25,62,30,19.6,0.6,0.1,32.1,19.5,93,1013.7,0.6,,
2025-08-20T01:00:00+01:00,London,51.5073509,-0.1277583,25,o3,21,10,3.3,0.3,0.8,25.3,16.2,76,1017.7,3.6,,
2025-08-20T03:00:00+02:00,Frankfurt,50.075464,8.576305,33,pm25,33,14,,0.5,0.1,7.8,19,59,1010,2,9.2,11
2025-08-20T03:00:00+02:00,Hamburg,53.564486,9.96834,28,o3,25,14,1,1.6,0.1,28.1,14,87,1012,1.2,8.2,12
2025-08-20T09:00:00+08:00,Wuhan,30.593099,114.305393,30,pm25,30,15,6.9,2.6,5.5,,33,59,1006,5.6,,
2025-08-20T03:00:00+02:00,Warsaw (Poland),52.225171,21.014783,40,pm25,40,20,30.1,2,0.1,12,13,87,1010,0.5,8.7,11
2025-08-20T11:00:00+09:30,Winnellie (Australia),-12.424323299931126,130.89335024356842,39,pm25,39,17,1.3,1.1,2.3,13.7,26.9,30.6,1012.7,17.39,,8.8
2025-08-20T07:00:00+05:30,Bangalore (India),13.0270199,77.494094,60,pm25,60,58,7.1,2,,10,20,93.8,951.5450000000001,0.77,,18
2025-08-20T07:00:00+05:30,Chennai (India),13.1278,80.2642,75,pm25,75,65,8.5,1.6,4.4,,29.14,71.42500000000001,83014.65,1.29,10.2,23
2025-08-19T20:00:00-04:00,Boston,42.325184,-71.05608,18,o3,12,6,1.9,0.6,3.4,18.4,17.9,69.6,1023.4,,,
2025-08-19T19:00:00-04:00,Georgia,33.68797,-84.29048,30,pm25,30,17,12.4,0.2,3.4,1.6,22.2,69,1015.8,1.5,1.5,
2025-08-19T18:00:00-07:00,Phoenix,33.403055555556,-112.07527777778,37,o3,15,12,4.7,,1.2,36.8,41,12,1009.4,3,8.7,7
2025-08-20T07:00:00+05:30,Hyderabad (India),17.417094,78.457437,94,pm25,94,60,5.5,6.5,2.7,8.6,23,83.48,1008,2.04,10.2,21
2025-08-19T19:00:00-06:00,Denver,39.732146,-105.015317,20,o3,13,6,5.1,0.6,2.1,19.5,28.8889,32,1025.5,6,4.5,
2025-08-20T10:00:00+09:00,Daegu,35.8714354,128.601445,46,pm25,46,16,10.5,3.9,2.6,23.3,7.1,71,1016,3.9,,
2025-08-20T10:00:00+09:00,Gyeonggi,37.4112,127.2579,21,pm25,21,16,6.6,3.2,4,15.5,29,79,1010.4,3,0.5,25
2025-08-20T10:00:00+09:00,Nagoya,35.1814464,136.906398,61,pm25,61,16,13.9,1.5,1.2,32,36,52.9,1011.9,2.4,,
2025-08-20T11:00:00+09:00,Fukuoka,33.5903547,130.4017155,63,pm25,63,24,13.9,5.8,12.3,23.3,33,59,1012,1.5,,
2025-08-20T10:00:00+09:00,Kawasaki,35.5309058,139.7030511,57,pm25,57,19,15.8,2.9,3.4,31.2,34,66,1011,6.6,,
2025-08-20T09:00:00+08:00,Shenzhen,22.543099,114.057868,85,pm25,85,48,14.7,4.6,7.3,7.8,29.4,87.3,1011.5,3.6,,
2025-08-20T10:00:00+08:00,Zhongshan (Taiwan),25.062361,121.526528,21,o3,74,7,15.6,1.5,4.5,21.3,34,63,1011,2.5,9.2,26
2025-08-20T09:00:00+08:00,Chongqing,29.56301,106.551557,46,pm25,46,22,7.4,2.1,3.7,14.3,30,58,1004,3.6,,
2025-08-20T04:00:00+03:00,Istanbul (Turkey),41.015278,29.025,37,pm25,37,16,5,1.5,14.2,28.7,22.8,81.2,1004.7,2.5,,19.4
2025-08-20T10:00:00+07:00,Hanoi,21.0491,105.8831,39,pm10,43,39,20,11,7,22,30.5,81.5,1007.5,3.3,,27
2025-08-20T09:00:00+07:00,Bangkok,13.7563309,100.5017651,57,pm25,57,36,1.2,0.6,0.1,4.8,29.8,92.5,1009.3,1,,
2025-08-20T08:00:00+05:30,Delhi,28.6341,77.2005,42,pm10,109,42,5,2.5,8.6,7.7,25.65,85.45,985.4,1.35,9.2,25.5
2025-08-20T08:00:00+05:30,Mumbai,19.0863,72.8888,80,pm25,80,45,1.1,14.8,0.3,11.5,26,99.92,1001.6500000000001,43.065,13.3,25
2025-08-20T12:00:00+09:00,Seoul,37.566535,126.9779692,34,pm25,34,20,11.5,4.8,3.8,25.6,30.5,68.7,999.1,3,,
2025-08-20T10:00:00+08:00,Beijing,39.954592,116.468117,27,o3,25,11,3.2,1.1,5.5,26.9,27,78,1006,1.5,,
2025-08-20T10:00:00+08:00,Shanghai,31.2047372,121.4489017,53,pm25,53,30,8.7,5.1,5.5,32.5,35.5,56,1008,1.5,,
2025-08-20T11:00:00+09:00,Shinjuku (Tokyo),35.713889,139.705556,61,pm25,61,28,29.7,1.5,3.4,53.3,33.9,63.1,1008.2,4.1,,25.9
2025-08-20T01:00:00+02:00,Paris,48.856614,2.3522219,56,pm25,56,20,15.5,0.6,0.1,24.9,19.4,93,1013.2,0.6,,
2025-08-20T02:00:00+01:00,London,51.5073509,-0.1277583,24,o3,17,6,1.7,0.3,0.8,24.1,15.6,82.1,1017.8,3,,
2025-08-20T04:00:00+02:00,Frankfurt,50.075464,8.576305,30,pm25,30,13,,0.5,0.1,8.8,18,63,1009,2.3,9.2,11
2025-08-20T04:00:00+02:00,Hamburg,53.564486,9.96834,26,o3,25,14,1,1.6,0.1,26,15,84.5,1011.5,1.2,8.2,12.5
2025-08-20T10:00:00+08:00,Wuhan,30.593099,114.305393,25,pm25,25,12,6,3.6,5.5,,34,59,1006,4.6,,
2025-08-20T04:00:00+02:00,Warsaw (Poland),52.225171,21.014783,46,pm25,46,19,22.6,2,0.1,12,13,87,1010,1,8.7,11
2025-08-20T08:00:00+05:30,Bangalore (India),13.0270199,77.494094,72,pm25,72,56,7.5,1.3,,10.1,20.5,93.6,951.69,0.79,,18.5
2025-08-20T08:00:00+05:30,Chennai (India),13.1278,80.2642,112,pm25,112,79,7,2,3.7,,29.369999999999997,71.32,83075.75,2.135,10.2,23
2025-08-19T20:00:00-04:00,Georgia,33.68797,-84.29048,33,pm25,33,19,13.6,0.2,3.8,1.6,22.2,69,1016.8,0.1,1.4,
2025-08-19T19:00:00-07:00,Phoenix,33.403055555556,-112.07527777778,34,o3,11,13,4.7,,1.2,34.4,41,13,1009.4,3.6,8.7,8
2025-08-20T08:00:00+05:30,Hyderabad (India),17.417094,78.457437,97,pm25,97,60,5.4,6.6,3.1,8.6,23,81.43,1008,1.95,10.2,21
2025-08-19T20:00:00-06:00,Denver,39.732146,-105.015317,18,o3,17,9,6.4,0.6,2.6,17.9,27.7778,38,1026.6,3,4,
2025-08-20T11:00:00+09:00,Daegu,35.8714354,128.601445,55,pm25,55,20,12.6,4.8,2.8,35.4,7.1,71,1016,3.9,,
2025-08-20T11:00:00+09:00,Gyeonggi,37.4112,127.2579,20,o3,17,12,6.8,3,3.8,19.5,31,66,1010.4,3,0.5,24
2025-08-20T11:00:00+09:00,Nagoya,35.1814464,136.906398,63,pm25,63,17,11.2,1.5,1.2,40,36.6,47,1010.9,2.8,,
2025-08-20T12:00:00+09:00,Fukuoka,33.5903547,130.4017155,55,pm25,55,25,21.3,5.8,12.3,28.9,34,56,1011,2.5,,
2025-08-20T11:00:00+09:00,Kawasaki,35.5309058,139.7030511,57,pm25,57,20,11.2,1.5,2.3,40,34,64,1010.5,6.9,,
2025-08-20T10:00:00+08:00,Shenzhen,22.543099,114.057868,63,pm25,63,36,13.8,4.1,11.8,7.8,30.2,84.2,1011.6,4.6,,
2025-08-20T11:00:00+08:00,Zhongshan (Taiwan),25.062361,121.526528,32,o3,74,18,12.4,1.5,3,32,34.5,59,1011,3.3,9.2,25.5
2025-08-20T10:00:00+08:00,Chongqing,29.56301,106.551557,34,pm25,34,22,5.1,2.1,3.7,22.4,32,52,1004,4.6,,
2025-08-20T05:00:00+03:00,Istanbul (Turkey),41.015278,29.025,36,pm25,36,16,3,1.5,14.1,28.8,23,84.8,1004.6,3.6,,20.3
2025-08-20T10:00:00+07:00,Bangkok,13.7563309,100.5017651,57,pm25,57,31,1.2,0.6,0.1,4.8,30.7,8.8,1009.7,2.5,,
2025-08-20T09:00:00+05:30,Delhi,28.6341,77.2005,57,pm25,57,54,5,2.1,8.9,8.5,28.6,84.525,985.9,1.125,9.2,26
2025-08-20T09:00:00+05:30,Mumbai,19.0863,72.8888,82,pm25,82,47,1.2,14.9,0.5,11.5,26,99.92,1001.7566666666667,42.95333333333334,13.3,25
2025-08-20T11:00:00+08:00,Beijing,39.954592,116.468117,30,o3,25,12,3.7,1.6,5.5,29.7,28,74,1006,0.5,,
2025-08-20T11:00:00+08:00,Shanghai,31.2047372,121.4489017,63,pm25,63,33,7.4,4.6,6.4,32.5,37,50,1007,1.5,,
2025-08-20T03:00:00+02:00,Paris,48.856614,2.3522219,20,o3,63,20,14.9,0.6,0.1,20.4,19.6,91.6,1013.1,0.6,,
2025-08-20T03:00:00+01:00,London,51.5073509,-0.1277583,30,pm25,30,17,1.9,0.6,0.7,23.5,15.3,80.5,1017.6,3.8,,
2025-08-20T05:00:00+02:00,Frankfurt,50.075464,8.576305,29,pm25,29,13,,0.5,0.1,9.1,18,63,1009,2.3,9.2,11
2025-08-20T05:00:00+02:00,Hamburg,53.564486,9.96834,26,o3,25,14,1,1.6,0.1,26,15,84.5,1011.5,1.2,8.2,12.5
2025-08-20T11:00:00+08:00,Wuhan,30.593099,114.305393,30,pm25,30,11,6,2.6,2.8,,34,59,1006,4.6,,
2025-08-20T05:00:00+02:00,Warsaw (Poland),52.225171,21.014783,48,pm25,48,20,24.2,2,0.1,12,13,82,1009,1.5,8.7,10
2025-08-20T12:00:00+09:30,Winnellie (Australia),-12.424323299931126,130.89335024356842,50,pm25,50,16,1.6,0.6,2,13.6,29.5,24,1010.7,9.29,,7.4
2025-08-20T09:00:00+05:30,Bangalore (India),13.0270199,77.494094,68,pm25,68,56,8,2.6,,10.1,23,93.55000000000001,951.75,0.775,,19
2025-08-20T09:00:00+05:30,Chennai (India),13.1278,80.2642,118,pm25,118,82,5.1,1.1,3.8,,29.384999999999998,68.7625,83086,2.1525,10.2,23
2025-08-19T21:00:00-04:00,Boston,42.325184,-71.05608,16,o3,14,6,5.6,0.5,5.6,16,17.7,70.3,1023.6,,,
2025-08-19T21:00:00-04:00,Georgia,33.68797,-84.29048,35,pm25,35,21,12.5,0.2,3.8,1.6,22.7,69,1017,1.5,2.5,
2025-08-19T20:00:00-07:00,Phoenix,33.403055555556,-112.07527777778,28,o3,18,18,4.7,,1.2,28.1,40,14,1009.8,3,8.7,8
2025-08-20T09:00:00+05:30,Hyderabad (India),17.417094,78.457437,96,pm25,96,62,5.4,6.3,3.3,9.7,25,80.16749999999999,1008,2.2275,10.2,21
2025-08-20T12:00:00+09:00,Daegu,35.8714354,128.601445,50,pm25,50,20,9.5,4.2,2.5,45.9,7.1,71,1016,3.9,,
2025-08-20T12:00:00+09:00,Gyeonggi,37.4112,127.2579,29,o3,17,12,7.1,2.9,3.7,29.2,32,62,1009.8,3,0.5,24
2025-08-20T11:00:00+08:00,Shenzhen,22.543099,114.057868,53,pm25,53,26,10.1,4.6,10.9,10.6,32.3,79,1011.2,5.3,,
2025-08-20T11:00:00+08:00,Chongqing,29.56301,106.551557,50,pm25,50,22,3.2,2.1,2.8,29.3,32,52,1004,4.6,,
2025-08-20T06:00:00+03:00,Istanbul (Turkey),41.015278,29.025,36,pm25,36,16,4,1.6,14,28.8,22.9,81.2,1004.2,5.6,,19.5
2025-08-20T11:00:00+07:00,Hanoi,21.0491,105.8831,38,pm10,43,38,19,11,5,17,32,72,1007.5,4.3,,26.5
2025-08-20T11:00:00+07:00,Bangkok,13.7563309,100.5017651,49,pm25,49,30,1.2,0.6,0.1,4.8,31,86.9,1008.4,2.5,,
2025-08-20T10:00:00+05:30,Delhi,28.6341,77.2005,147,pm25,147,56,5,1.7,9.1,14.4,28.174999999999997,78.125,985.9,1.075,9.2,26
2025-08-20T10:00:00+05:30,Mumbai,19.0863,72.8888,87,pm25,87,51,1.2,14.8,0.5,11.6,26,99.92,1002.4433333333333,42.80666666666667,14.4,25
2025-08-20T13:00:00+09:00,Seoul,37.566535,126.9779692,38,pm25,38,19,9.4,4.8,3.7,31.2,31.4,66.9,998.6,2.5,,
2025-08-20T12:00:00+08:00,Beijing,39.954592,116.468117,42,pm25,42,16,3.2,1.6,6.4,32.5,28,78,1006,0.5,,
2025-08-20T12:00:00+08:00,Shanghai,31.2047372,121.4489017,70,pm25,70,38,6.4,4.1,5.5,54.5,38,50,1007,2.5,,
2025-08-20T12:00:00+09:00,Shinjuku (Tokyo),35.713889,139.705556,57,pm25,57,22,28.8,1.5,2.3,7.3,34.2,57.1,1007.1,4.1,,24.5
2025-08-20T12:00:00+09:00,Osaka,34.6937378,135.5021651,59,pm25,59,21,24.1,7.2,0.1,36.1,34.5,60,1011,2.6,,
2025-08-20T02:00:00+02:00,Paris,48.856614,2.3522219,62,pm25,62,20,14.9,0.6,0.1,20.4,19.7,91.6,1013.1,0.6,,
2025-08-20T06:00:00+02:00,Frankfurt,50.075464,8.576305,29,pm25,29,13,,0.5,0.1,10.5,17.5,65,1009,2.8,9.2,11
2025-08-20T06:00:00+02:00,Hamburg,53.564486,9.96834,25,o3,25,14,1.9,1.6,0.1,24.8,15,87,1011,1.8,8.2,13
2025-08-20T12:00:00+08:00,Wuhan,30.593099,114.305393,30,pm25,30,9,14.2,2.6,2.8,,34,63,1005,4.6,,
2025-08-20T06:00:00+02:00,Warsaw (Poland),52.225171,21.014783,50,pm25,50,22,29.1,2,0.1,12,11,93,1009,1,8.7,10
2025-08-20T13:00:00+09:30,Winnellie (Australia),-12.424323299931126,130.89335024356842,30,pm25,30,12,1.8,1.1,2.2,14.5,29.5,23.4,1010.7,7.91,,7.4
2025-08-20T10:00:00+05:30,Bangalore (India),13.0270199,77.494094,69,pm25,69,57,7.3,1.9,,10.2,23,90.57499999999999,951.88,0.815,,20
2025-08-20T10:00:00+05:30,Chennai (India),13.1278,80.2642,73,pm25,73,72,4.3,1.2,2.9,,29.42,68.56500000000001,83115.975,2.82,10.2,23
2025-08-19T23:00:00-04:00,Boston,42.325184,-71.05608,17,o3,15,6,5.6,0.5,5.6,16.8,17.2,71,1023.3,,,
2025-08-19T22:00:00-04:00,Georgia,33.68797,-84.29048,40,pm25,40,30,10.6,0.2,3.9,1.6,22.7,69.8,1016.4,1.5,1.2,
2025-08-19T21:00:00-07:00,Phoenix,33.403055555556,-112.07527777778,19,o3,5,17,4.7,,2.3,19.2,39,15,1010.4,2,8.7,8
2025-08-20T10:00:00+05:30,Hyderabad (India),17.417094,78.457437,128,pm25,128,70,5.6,6.3,4.2,10.4,26,76.49,1009,2.3,10.2,22
2025-08-20T13:00:00+09:00,Daegu,35.8714354,128.601445,42,pm25,42,18,7.7,3.8,2.3,39,7.1,71,1016,3.9,,
2025-08-20T13:00:00+09:00,Gyeonggi,37.4112,127.2579,37,o3,21,16,7.5,2.9,3.8,36.8,32,59,1009.8,3.6,0.5,23
2025-08-20T12:00:00+09:00,Nagoya,35.1814464,136.906398,61,pm25,61,26,20.4,1.5,1.2,39.2,37.2,45,1010.3,3.9,,
2025-08-20T13:00:00+09:00,Fukuoka,33.5903547,130.4017155,68,pm25,68,27,17.6,4.3,3.4,39.2,34.2,58.8,1010,4.1,,
2025-08-20T12:00:00+09:00,Kawasaki,35.5309058,139.7030511,55,pm25,55,25,11.2,1.5,2.3,46.5,34,63,1010,7.7,,
2025-08-20T12:00:00+08:00,Shenzhen,22.543099,114.057868,61,pm25,61,26,12.8,4.6,9.1,13,32.6,79,1011.3,5.6,,
2025-08-20T12:00:00+08:00,Zhongshan (Taiwan),25.062361,121.526528,48,o3,74,16,12.2,1.5,2.9,47.6,36,53,1010,1.5,9.2,25
2025-08-20T12:00:00+08:00,Chongqing,29.56301,106.551557,42,pm25,42,20,2.8,2.1,3.7,32.5,33,49,1003,3.6,,
2025-08-20T07:00:00+03:00,Istanbul (Turkey),41.015278,29.025,36,pm25,36,16,8.3,1.5,13.9,29.2,23,82.2,1004.5,3,,19.8
2025-08-20T12:00:00+07:00,Hanoi,21.0491,105.8831,36,pm10,43,36,16,10,5,17,32,70,1007,4.6,,26
2025-08-20T12:00:00+07:00,Bangkok,13.7563309,100.5017651,57,pm25,57,19,1.2,0.6,0.1,4.8,33.5,86.9,1009.3,1,,
2025-08-20T11:00:00+05:30,Mumbai,19.0863,72.8888,89,pm25,89,52,1.2,14.8,0.4,11.6,26.5,99.92,1002.9566666666666,42.12333333333333,14.1,25
2025-08-20T14:00:00+09:00,Seoul,37.566535,126.9779692,38,pm25,38,20,10.3,5.2,2.9,31.9,31.6,62.6,998.4,3.6,,
2025-08-20T13:00:00+08:00,Beijing,39.954592,116.468117,50,pm25,50,19,5.1,1.6,7.3,31.7,29,74,1006,0.5,,
2025-08-20T13:00:00+09:00,Shinjuku (Tokyo),35.713889,139.705556,63,pm25,63,22,21.3,1.5,2.3,7.3,34.2,57.1,1007.1,4.1,,24.5
2025-08-20T14:00:00+09:00,Osaka,34.6937378,135.5021651,68,pm25,68,26,25.1,5.8,0.1,50.7,35.9,49,1010,3.6,,
2025-08-20T04:00:00+01:00,London,51.5073509,-0.1277583,30,pm25,30,17,2.8,0.6,0.8,23.1,15,83,1017.3,3.7,,
2025-08-20T07:00:00+02:00,Frankfurt,50.075464,8.576305,31,pm25,31,18,,0.5,0.1,10.6,18,63,1009,3.8,9.2,11
2025-08-20T07:00:00+02:00,Hamburg,53.564486,9.96834,22,o3,25,14,3.2,1.6,0.1,21.6,15,87,1011.5,2.8,8.2,13
2025-08-20T13:00:00+08:00,Wuhan,30.593099,114.305393,30,pm25,30,11,9.2,2.6,2.8,,35,59,1005,4.6,,
2025-08-20T07:00:00+02:00,Warsaw (Poland),52.225171,21.014783,51,pm25,51,26,37.3,2,0.1,12,15,76,1009,1,8.7,11
2025-08-20T14:00:00+09:30,Winnellie (Australia),-12.424323299931126,130.89335024356842,43,pm25,43,15,1.5,0.6,2,14.6,29.8,22.6,1009.5,8.58,,7.1
2025-08-19T23:00:00-04:00,Georgia,33.68797,-84.29048,43,pm25,43,32,10.2,0.2,4.5,1.6,22.7,70,1015.9,1.5,1.6,
2025-08-19T22:00:00-07:00,Phoenix,33.403055555556,-112.07527777778,28,pm25,28,21,4.7,,2.3,20.8,39,14,1011.1,2.5,8.7,7
2025-08-19T22:00:00-06:00,Denver,39.732146,-105.015317,17,pm25,17,10,12.4,0.6,3.3,16.3,25,44.3,1027.3,3,3.3,
2025-08-20T14:00:00+09:00,Gyeonggi,37.4112,127.2579,42,o3,21,16,7.5,2.9,3.8,41.9,32,64,1009.2,2.8,0.5,24.5
2025-08-20T13:00:00+09:00,Nagoya,35.1814464,136.906398,76,pm25,76,26,20.4,1.5,1.2,37.6,37.7,45,1009.4,2.6,,
2025-08-20T14:00:00+09:00,Fukuoka,33.5903547,130.4017155,63,pm25,63,30,18.6,2.9,2.3,39.2,36,59,1009,4.1,,
2025-08-20T14:00:00+09:00,Kawasaki,35.5309058,139.7030511,43,o3,1,22,10.2,1.5,2.3,43.2,32,62,1009,8.7,,
2025-08-20T13:00:00+08:00,Shenzhen,22.543099,114.057868,55,pm25,55,28,10.1,4.1,8.2,19.9,33.7,79,1010.7,5.6,,
2025-08-20T13:00:00+08:00,Zhongshan (Taiwan),25.062361,121.526528,45,o3,74,26,15.3,1.8,3.3,44.8,36.5,53,1009.5,2.5,9.2,25.5
2025-08-20T13:00:00+08:00,Chongqing,29.56301,106.551557,38,pm25,38,18,2.3,2.1,3.7,30.9,34,46,1003,4.6,,
2025-08-20T08:00:00+03:00,Istanbul (Turkey),41.015278,29.025,37,pm25,37,16,8.3,1.5,13.8,28.9,23,82.2,1004.5,3,,19.8
2025-08-20T13:00:00+07:00,Hanoi,21.0491,105.8831,35,pm10,43,35,16,10,4,19,35,63,1006,4.6,,27
2025-08-20T13:00:00+07:00,Bangkok,13.7563309,100.5017651,53,pm25,53,16,1.2,0.6,0.1,4.8,34.2,8.3,1008.9,2.5,,
2025-08-20T12:00:00+05:30,Delhi,28.6341,77.2005,72,pm25,72,57,7.2,1.8,6.4,17,30.866666666666664,68.06666666666668,985.6,1.5,9.2,25
2025-08-20T12:00:00+05:30,Mumbai,19.0863,72.8888,99,pm25,99,58,1.3,14.9,0.7,11.5,26.5,99.92,1003.085,42.105000000000004,14.1,25
2025-08-20T15:00:00+09:00,Seoul,37.566535,126.9779692,37,o3,30,16,8.7,4.9,2.7,37.3,31.6,62.6,998.4,3.6,,
2025-08-20T14:00:00+08:00,Beijing,39.954592,116.468117,50,pm25,50,18,3.7,1.6,7.3,42.3,29,74,1005,0.5,,
2025-08-20T14:00:00+08:00,Shanghai,31.2047372,121.4489017,81,o3,74,38,5.5,4.1,5.5,81.2,30.6,78.7,1006.2,5.4,,
2025-08-20T14:00:00+09:00,Shinjuku (Tokyo),35.713889,139.705556,61,pm25,61,26,20.4,1.5,2.3,7.3,33.6,59.1,1006.1,4.1,,24.5
2025-08-20T15:00:00+09:00,Osaka,34.6937378,135.5021651,65,pm25,65,21,23.2,5.8,0.1,45.6,35,49,1009,3.6,,
2025-08-20T05:00:00+02:00,Paris,48.856614,2.3522219,63,pm25,63,17,21.9,0.6,0.1,18.3,19.4,89.5,1012.8,0.2,,
2025-08-20T06:00:00+01:00,London,51.5073509,-0.1277583,21,pm25,21,9,3.8,0.5,0.9,19.7,15,84,1017.2,4,,
2025-08-20T08:00:00+02:00,Frankfurt,50.075464,8.576305,27,pm25,27,17,,0.5,0.1,25.9,18.5,63,1010,3.3,9.2,11.5
2025-08-20T08:00:00+02:00,Hamburg,53.564486,9.96834,16,o3,25,14,5.1,1.6,0.1,15.5,15.5,84.5,1012,1.8,8.2,13
2025-08-20T14:00:00+08:00,Wuhan,30.593099,114.305393,34,pm25,34,14,11,2.1,4.6,,35,59,1004,4.6,,
2025-08-20T08:00:00+02:00,Warsaw (Poland),52.225171,21.014783,46,pm25,46,27,38.5,2,0.1,12,19,63,1008,2,8.7,12
2025-08-20T16:00:00+09:30,Winnellie (Australia),-12.424323299931126,130.89335024356842,59,pm25,59,19,1.7,0.9,2.6,14.4,31.2,34.2,1008,8.96,,6.3
2025-08-20T12:00:00+05:30,Bangalore (India),13.0270199,77.494094,98,pm25,98,60,7.9,4,,10.2,23,64.9,951.8325,0.8474999999999999,,20
2025-08-20T12:00:00+05:30,Chennai (India),13.1278,80.2642,58,pm25,58,58,3.5,1,3.1,,29.4625,67.7975,83049.1,2.6224999999999996,10.2,23
2025-08-20T01:00:00-04:00,Boston,42.325184,-71.05608,18,o3,15,6,4.7,0.5,3.4,18.4,16.6,72,1022.9,,,
2025-08-20T00:00:00-04:00,Georgia,33.68797,-84.29048,44,pm25,44,30,8.9,0.2,4.5,1.6,22.7,70,1015.2,1.5,2,
2025-08-19T23:00:00-07:00,Phoenix,33.403055555556,-112.07527777778,26,o3,12,14,4.7,,1.2,25.6,38,16,1011.5,2.5,8.7,8
2025-08-20T12:00:00+05:30,Hyderabad (India),17.417094,78.457437,133,pm25,133,68,7,7.3,4.4,11,26,71.28999999999999,1009,2.3449999999999998,11.5,21.5
2025-08-20T15:00:00+09:00,Daegu,35.8714354,128.601445,42,pm25,42,17,7.5,3.5,2.3,32.1,7.1,71,1016,3.9,,
2025-08-20T15:00:00+09:00,Gyeonggi,37.4112,127.2579,41,o3,21,15,7.8,2.9,3.9,40.5,32,64,1009.2,2.8,0.5,24.5
2025-08-20T14:00:00+09:00,Nagoya,35.1814464,136.906398,72,pm25,72,28,15.8,1.5,1.2,47.2,37.7,46,1008.8,2.8,,
2025-08-20T15:00:00+09:00,Fukuoka,33.5903547,130.4017155,57,pm25,57,28,19.5,2.9,2.3,41.6,36,44,1009,4.6,,
2025-08-20T14:00:00+08:00,Shenzhen,22.543099,114.057868,53,pm25,53,22,8.3,4.1,8.2,22.8,33.3,77.5,1010.2,5.6,,
2025-08-20T14:00:00+08:00,Chongqing,29.56301,106.551557,42,pm25,42,19,1.9,2.6,3.7,29.3,35,46,1002,2.5,,
2025-08-20T14:00:00+07:00,Hanoi,21.0491,105.8831,35,pm10,43,35,17,10,3,20,33,66,1005,3.6,,26
2025-08-20T14:00:00+07:00,Bangkok,13.7563309,100.5017651,53,pm25,53,22,1.2,0.6,0.1,4.8,35,61.1,1006.9,0.5,,
2025-08-20T15:00:00+08:00,Beijing,39.954592,116.468117,53,pm25,53,20,3.2,1.6,7.3,46.8,30,70,1005,1.5,,
2025-08-20T15:00:00+09:00,Shinjuku (Tokyo),35.713889,139.705556,59,pm25,59,26,20.4,1.5,2.3,7.3,33.6,59.1,1006.1,4.1,,24.5
2025-08-20T16:00:00+09:00,Osaka,34.6937378,135.5021651,65,pm25,65,36,21.3,5.8,0.1,40,35.5,53,1009,3.6,,
2025-08-20T09:00:00+02:00,Frankfurt,50.075464,8.576305,27,o3,27,19,,0.5,0.1,27.3,20,60,1010,4.1,9.2,12
2025-08-20T09:00:00+02:00,Hamburg,53.564486,9.96834,15,o3,25,14,4.2,1.6,0.1,15.1,17.5,77,1012,2.5,8.2,13.5
2025-08-20T15:00:00+08:00,Wuhan,30.593099,114.305393,34,pm25,34,13,5.5,2.1,5.5,,36,56,1004,4.6,,
2025-08-20T09:00:00+02:00,Warsaw (Poland),52.225171,21.014783,44,pm25,44,26,34.8,2,0.1,12,22,49,1008,3,8.7,11
2025-08-20T01:00:00-04:00,Georgia,33.68797,-84.29048,42,pm25,42,28,7.9,0.2,3.9,1.6,22.7,69.8,1015,1.5,1.1,
2025-08-20T00:00:00-07:00,Phoenix,33.403055555556,-112.07527777778,21,o3,12,10,4.7,,1.2,20.8,38,16,1011.5,3,8.7,8
2025-08-20T16:00:00+09:00,Daegu,35.8714354,128.601445,38,pm25,38,17,7.4,3.5,2.2,28.9,7.1,71,1016,3.9,,
2025-08-20T16:00:00+09:00,Gyeonggi,37.4112,127.2579,38,o3,25,15,10.3,3.3,4,38.4,32,62,1008.4,2,0.5,24
2025-08-20T15:00:00+09:00,Nagoya,35.1814464,136.906398,79,o3,76,30,14.9,2.9,1.2,78.9,37.2,47,1008.8,3.5,,
2025-08-20T16:00:00+09:00,Fukuoka,33.5903547,130.4017155,59,pm25,59,24,10.2,2.9,2.3,38.4,32,66.2,1010,10.8,,
2025-08-20T15:00:00+09:00,Kawasaki,35.5309058,139.7030511,46,pm25,46,23,13,1.5,1.2,38.4,34,66,1008.5,9.2,,
2025-08-20T15:00:00+08:00,Shenzhen,22.543099,114.057868,55,pm25,55,24,6.9,4.1,8.2,24,31.8,75.6,1010.1,6.6,,
2025-08-20T15:00:00+08:00,Zhongshan (Taiwan),25.062361,121.526528,21,pm10,74,21,16.7,1.5,3,17.7,24,94,1010,5.1,7.2,23
2025-08-20T15:00:00+08:00,Chongqing,29.56301,106.551557,42,pm25,42,12,2.3,2.6,2.8,28.1,35,46,1001,3.6,,
2025-08-20T09:00:00+03:00,Istanbul (Turkey),41.015278,29.025,38,pm25,38,17,11.6,1.6,13.6,28.9,25.8,73,1005,6.1,,20.6
2025-08-20T15:00:00+07:00,Hanoi,21.0491,105.8831,38,pm10,43,38,15,10,3,19,33,66,1004,5.1,,26
2025-08-20T15:00:00+07:00,Bangkok,13.7563309,100.5017651,58,pm25,58,30,0.6,0.6,0.1,4.8,35,7.9,1006.4,2.5,,
2025-08-20T14:00:00+05:30,Delhi,28.6341,77.2005,95,pm25,95,35,3.1,1.1,5.7,25.7,31.775,63.925000000000004,985.9250000000001,1.175,9.2,25
2025-08-20T14:00:00+05:30,Mumbai,19.0863,72.8888,98,pm25,98,58,1.3,14.9,0.5,11.5,28,99.92,1002.4200000000001,42.53666666666666,11.8,24
2025-08-20T17:00:00+09:00,Seoul,37.566535,126.9779692,28,o3,25,14,10.8,5,3.6,28.1,31.6,60.8,997.5,3,,
2025-08-20T16:00:00+08:00,Beijing,39.954592,116.468117,57,pm25,57,21,3.2,1.6,7.3,50,31,66,1005,0.5,,
2025-08-20T15:00:00+08:00,Shanghai,31.2047372,121.4489017,69,o3,57,34,9.6,1.6,5.5,68.8,30,84,1007,0.5,,
2025-08-20T16:00:00+09:00,Shinjuku (Tokyo),35.713889,139.705556,55,pm25,55,21,13,1.5,2.3,7.3,33.3,61.9,1006.2,4.1,,25
2025-08-20T07:00:00+02:00,Paris,48.856614,2.3522219,27,pm10,63,27,21.9,0.6,0.1,10.8,18.8,88,1013.1,1.8,,
2025-08-20T08:00:00+01:00,London,51.5073509,-0.1277583,42,pm25,42,20,11.5,0.7,0.9,22.7,16.5,76.8,1018.1,5.6,,
2025-08-20T10:00:00+02:00,Hamburg,53.564486,9.96834,18,o3,25,13,1,1.6,0.1,17.5,18.5,72,1012,4.3,8.2,13.5
2025-08-20T16:00:00+08:00,Wuhan,30.593099,114.305393,42,pm25,42,11,6.9,2.1,4.6,,36,53,1003,3.6,,
2025-08-20T10:00:00+02:00,Warsaw (Poland),52.225171,21.014783,44,pm25,44,26,33.7,2,0.1,12,23,43,1008,3.6,8.7,10
2025-08-20T17:00:00+09:30,Winnellie (Australia),-12.424323299931126,130.89335024356842,63,pm25,63,26,1.7,0.7,2.7,14.8,29.6,36.06666666666667,1008,6.286666666666666,,13.8
2025-08-20T14:00:00+05:30,Bangalore (India),13.0270199,77.494094,76,pm25,76,60,8,2.4,,10.2,27,57.474999999999994,951.4775,0.8425,,20
2025-08-20T13:00:00+05:30,Chennai (India),13.1278,80.2642,65,pm10,56,65,2.6,1.4,2.4,,29.623333333333335,66.72666666666667,82922.93333333333,2.66,10.2,24
2025-08-20T02:00:00-04:00,Boston,42.325184,-71.05608,18,o3,14,6,5.6,0.5,4.5,18.4,16.6,73,1022.1,,,
2025-08-20T02:00:00-04:00,Georgia,33.68797,-84.29048,42,pm25,42,27,5.4,0.2,3.4,1.6,22.3,69,1014.2,1.5,1.1,
2025-08-20T01:00:00-07:00,Phoenix,33.403055555556,-112.07527777778,25,pm10,19,25,4.7,,1.2,12.8,36,18,1011.5,3,8.7,8
2025-08-20T14:00:00+05:30,Hyderabad (India),17.417094,78.457437,113,pm25,113,63,5.9,7.3,3.2,10.2,27,70.17,1008,1.895,10.2,21
2025-08-20T17:00:00+09:00,Daegu,35.8714354,128.601445,50,pm25,50,18,6.6,3.5,2.3,30,7.1,71,1016,3.9,,
2025-08-20T17:00:00+09:00,Gyeonggi,37.4112,127.2579,32,o3,30,20,11.4,3.3,3.7,31.7,32,59,1008.4,2,0.5,23
2025-08-20T16:00:00+09:00,Nagoya,35.1814464,136.906398,95,pm25,95,30,24.1,4.3,5.6,71.2,36.1,50,1008.7,4.2,,
2025-08-20T17:00:00+09:00,Fukuoka,33.5903547,130.4017155,50,pm25,50,19,7.5,2.9,3.4,22.4,32,62,1010,6.1,,
2025-08-20T16:00:00+09:00,Kawasaki,35.5309058,139.7030511,46,pm25,46,15,11.2,1.5,1.2,32.8,33,72,1008.5,8.4,,
2025-08-20T16:00:00+08:00,Shenzhen,22.543099,114.057868,55,pm25,55,24,8.3,4.1,5.5,25.6,31.1,80.5,1009.8,5.6,,
2025-08-20T16:00:00+08:00,Zhongshan (Taiwan),25.062361,121.526528,14,pm10,74,14,29,0.9,3.9,8,24,97.6,1010,3.7,7.2,23.6
2025-08-20T16:00:00+08:00,Chongqing,29.56301,106.551557,46,pm25,46,12,2.8,3.1,3.7,28.5,35,46,1000,3.6,,
2025-08-20T11:00:00+03:00,Istanbul (Turkey),41.015278,29.025,39,pm25,39,17,8.7,1.5,13.5,25.9,26.5,67.9,1005.2,6.6,,20.1
2025-08-20T16:00:00+07:00,Hanoi,21.0491,105.8831,36,pm10,43,36,18,10,4,21,31,79,1004,3,,27
2025-08-20T16:00:00+07:00,Bangkok,13.7563309,100.5017651,47,pm25,47,27,0.6,0.6,0.1,4.8,34,65.6,1005,1.5,,
2025-08-20T15:00:00+05:30,Mumbai,19.0863,72.8888,98,pm25,98,58,1.3,14.9,0.7,11.5,27,99.92,1001.9966666666666,42.276666666666664,11.5,25
2025-08-20T18:00:00+09:00,Seoul,37.566535,126.9779692,25,o3,25,20,13.4,5.3,3.4,25.4,31.6,60.8,997.5,3,,
2025-08-20T17:00:00+08:00,Beijing,39.954592,116.468117,61,pm25,61,24,3.7,1.6,7.3,51.3,30,70,1005,1.5,,
2025-08-20T17:00:00+08:00,Shanghai,31.2047372,121.4489017,68,pm25,68,42,13.3,4.6,6.4,52.6,30,79,1007,2.5,,
2025-08-20T17:00:00+09:00,Shinjuku (Tokyo),35.713889,139.705556,57,pm25,57,18,9.3,1.5,2.3,7.3,31.5,68.1,1005.8,4.6,,24.9
2025-08-20T17:00:00+09:00,Osaka,34.6937378,135.5021651,66,pm10,65,66,23.2,5.8,0.1,40.8,33,65,1009,4.1,,
2025-08-20T11:00:00+02:00,Frankfurt,50.075464,8.576305,35,pm25,35,34,,0.5,0.1,31.8,22.5,53,1010,2.5,9.2,12.5
2025-08-20T11:00:00+02:00,Hamburg,53.564486,9.96834,21,o3,25,13,1,1.6,0.1,20.8,18.5,70,1012.5,4.1,8.2,13
2025-08-20T17:00:00+08:00,Wuhan,30.593099,114.305393,50,pm25,50,11,4.6,2.6,4.6,,35,59,1003,1.5,,
2025-08-20T11:00:00+02:00,Warsaw (Poland),52.225171,21.014783,38,pm25,38,22,28.2,2,0.1,12,24,41,1008,3.6,8.7,10
2025-08-20T18:00:00+09:30,Winnellie (Australia),-12.424323299931126,130.89335024356842,56,pm25,56,26,1.9,1,2.6,12.8,29,36.06666666666667,1008.2,6.286666666666666,,15.5
2025-08-20T15:00:00+05:30,Bangalore (India),13.0270199,77.494094,79,pm25,79,63,7.4,2.8,,10.2,26,60.675,951.34,0.7975,,20
2025-08-20T15:00:00+05:30,Chennai (India),13.1278,80.2642,59,pm25,59,50,2.2,1.7,1.1,,29.77,66.0125,82841.225,1.8375,10.2,24
2025-08-20T03:00:00-04:00,Boston,42.325184,-71.05608,18,o3,16,6,8.4,0.5,4.5,18.4,16.6,73,1022,,,
2025-08-20T03:00:00-04:00,Georgia,33.68797,-84.29048,46,pm25,46,29,4.1,0.2,3.4,1.6,22.6,69,1015.7,0.2,1.4,
2025-08-20T02:00:00-07:00,Phoenix,33.403055555556,-112.07527777778,31,pm10,30,31,4.7,,1.2,11.2,34,21,1011.1,3,8.7,9
2025-08-20T15:00:00+05:30,Hyderabad (India),17.417094,78.457437,101,pm25,101,62,5.7,8.1,3.4,10.4,26,75.7275,1007,2.0425,10.2,21
2025-08-20T18:00:00+09:00,Daegu,35.8714354,128.601445,61,pm25,61,18,8.1,4.6,3.5,43.2,7.1,71,1016,3.9,,
2025-08-20T18:00:00+09:00,Gyeonggi,37.4112,127.2579,31,o3,30,20,11.5,3.3,3.7,30.8,32,59,1008.4,2,0.5,23
2025-08-20T17:00:00+09:00,Nagoya,35.1814464,136.906398,91,pm25,91,30,20.4,2.9,3.4,54.5,35.7,50.6,1008.9,4.4,,
2025-08-20T18:00:00+09:00,Fukuoka,33.5903547,130.4017155,50,pm25,50,15,10.2,2.9,3.4,26.4,29,70,1010,5.1,,
2025-08-20T17:00:00+09:00,Kawasaki,35.5309058,139.7030511,51,pm10,46,51,14.9,1.5,2.3,35.2,30,74,1008,8.2,,
2025-08-20T17:00:00+08:00,Shenzhen,22.543099,114.057868,53,pm25,53,27,12.4,5.1,5.5,22.4,31.2,79.2,1009.7,6.6,,
2025-08-20T17:00:00+08:00,Zhongshan (Taiwan),25.062361,121.526528,18,pm10,74,18,32.7,1,5.4,4.4,25.6,90,1010,2.7,7.2,24
2025-08-20T17:00:00+08:00,Chongqing,29.56301,106.551557,46,pm25,46,12,2.8,3.1,2.8,27.3,35,46,1000,3.6,,
2025-08-20T12:00:00+03:00,Istanbul (Turkey),41.015278,29.025,39,pm25,39,17,8.8,1.5,13.4,24.9,25.8,77.2,1005.1,7.2,,21.5
2025-08-20T17:00:00+07:00,Hanoi,21.0491,105.8831,29,pm10,43,29,16,10,4,23,29,88,1005,2,,27
2025-08-20T17:00:00+07:00,Bangkok,13.7563309,100.5017651,36,pm25,36,17,0.6,0.6,0.1,4.8,33,8,1005.6,1,,
2025-08-20T16:00:00+05:30,Delhi,28.6341,77.2005,57,pm25,57,51,9.4,1.5,5.9,25.7,33.025,59.975,985.6,1.275,9.2,24
2025-08-20T16:00:00+05:30,Mumbai,19.0863,72.8888,96,pm25,96,56,1.4,14.9,0.9,11.6,28,99.92,1001.5966666666667,42.24,11.5,25
2025-08-20T19:00:00+09:00,Seoul,37.566535,126.9779692,34,pm25,34,23,14.7,5.6,4,20.5,30.5,66.7,997.7,3,,
2025-08-20T18:00:00+08:00,Beijing,39.954592,116.468117,65,pm25,65,24,5.5,1.6,7.3,48.8,29,74,1005,0.5,,
2025-08-20T18:00:00+08:00,Shanghai,31.2047372,121.4489017,59,pm25,59,35,9.6,4.1,5.5,44.7,31,74,1006,0.5,,
2025-08-20T18:00:00+09:00,Shinjuku (Tokyo),35.713889,139.705556,50,pm25,50,18,10.2,1.5,2.3,7.3,31.5,68.1,1005.8,4.6,,24.9
2025-08-20T19:00:00+09:00,Osaka,34.6937378,135.5021651,42,pm25,42,18,13,5.8,0.1,27.2,31.1,70,1011,4.1,,
2025-08-20T08:00:00+02:00,Paris,48.856614,2.3522219,30,pm10,72,30,17.5,0.6,0.1,11.5,18.8,86.5,1013.4,2.5,,
2025-08-20T10:00:00+01:00,London,51.5073509,-0.1277583,38,pm25,38,20,11.5,0.6,1,20.4,17.2,68.2,1018.5,5.2,,
2025-08-20T12:00:00+02:00,Frankfurt,50.075464,8.576305,37,o3,32,27,,0.5,0.1,37.3,24.5,47,1010,1.8,9.2,12.5
2025-08-20T12:00:00+02:00,Hamburg,53.564486,9.96834,23,o3,25,13,1,1.6,0.1,23.2,20.5,66,1013,3.8,8.2,14
2025-08-20T13:00:00+03:00,Moscow,55.791842,37.578405,63,pm25,63,7,25.6,1.2,7,7.1,21.3,56,1006.4,9,14,
2025-08-20T18:00:00+08:00,Wuhan,30.593099,114.305393,50,pm25,50,12,6.4,2.6,4.6,,35,63,1003,1.5,,
2025-08-20T12:00:00+02:00,Warsaw (Poland),52.225171,21.014783,35,pm25,35,23,26.6,2,0.1,12,25,38,1008,3.6,8.7,10
2025-08-20T19:00:00+09:30,Winnellie (Australia),-12.424323299931126,130.89335024356842,49,pm25,49,19,2,0.9,2.9,11,29,43.2,1008.2,6.5,,15.5
2025-08-20T04:00:00-04:00,Boston,42.325184,-71.05608,19,o3,16,6,5.6,0.5,3.4,19.2,17.2,72,1022.3,,,
2025-08-20T04:00:00-04:00,Georgia,33.68797,-84.29048,53,pm25,53,35,4.8,0.2,3.4,1.6,22.3,69,1015.5,1.5,1,
2025-08-20T03:00:00-07:00,Phoenix,33.403055555556,-112.07527777778,24,pm25,24,21,4.7,,2.3,7.3,34,20,1011.1,1.5,8.7,8
2025-08-20T02:00:00-06:00,Denver,39.732146,-105.015317,21,pm25,21,11,6.4,0.6,2.3,13.9,20.5556,62.6,1026.4,2,0.8,
2025-08-20T18:00:00+09:00,Nagoya,35.1814464,136.906398,85,pm25,85,24,17.6,2.9,3.4,42.4,33.3,55,1010.1,3.6,,
2025-08-20T19:00:00+09:00,Fukuoka,33.5903547,130.4017155,50,pm25,50,17,7.5,1.5,3.4,23.3,29,67.5,1010,5.6,,
2025-08-20T18:00:00+09:00,Kawasaki,35.5309058,139.7030511,55,pm25,55,20,14.9,1.5,3.4,35.2,32,74,1008,8.2,,
2025-08-20T18:00:00+08:00,Shenzhen,22.543099,114.057868,55,pm25,55,26,10.1,4.6,5.5,23.2,30,83.1,1010.2,4.6,,
2025-08-20T18:00:00+08:00,Zhongshan (Taiwan),25.062361,121.526528,18,pm10,74,18,37.5,1.6,8.5,2.4,26.5,85.5,1010.5,1.2,7.2,24
2025-08-20T18:00:00+08:00,Chongqing,29.56301,106.551557,59,pm25,59,12,2.3,3.1,3.7,27.3,35,46,1000,2.5,,
2025-08-20T13:00:00+03:00,Istanbul (Turkey),41.015278,29.025,39,pm25,39,17,9.5,1.4,13.4,24.2,25.8,77.2,1005.1,7.2,,21.5
2025-08-20T18:00:00+07:00,Bangkok,13.7563309,100.5017651,66,pm25,66,17,0.6,0.6,0.1,4.8,33,8,1005.7,1,,
2025-08-20T20:00:00+09:00,Seoul,37.566535,126.9779692,38,pm25,38,18,16,5,4,18.6,29.7,70.7,997.9,2.5,,
2025-08-20T19:00:00+08:00,Beijing,39.954592,116.468117,89,pm25,89,36,5.1,1.6,8.2,45.9,28,83,1005,0.5,,
2025-08-20T19:00:00+08:00,Shanghai,31.2047372,121.4489017,57,pm25,57,36,7.8,4.1,4.6,35.8,31,70,1007,3.6,,
2025-08-20T19:00:00+09:00,Shinjuku (Tokyo),35.713889,139.705556,55,pm25,55,20,8.4,1.5,2.3,7.3,29.5,68.1,1007.1,2.5,,23
2025-08-20T20:00:00+09:00,Osaka,34.6937378,135.5021651,46,pm25,46,21,18.6,7.2,0.1,20.8,30.5,70,1012,3.6,,
2025-08-20T09:00:00+02:00,Paris,48.856614,2.3522219,55,pm25,55,30,16.7,0.6,0.1,13.5,19,84.5,1013.2,1.6,,
2025-08-20T13:00:00+02:00,Hamburg,53.564486,9.96834,25,o3,25,13,1,1.6,0.1,25.2,22,58,1012,4.1,8.2,13.5
2025-08-20T14:00:00+03:00,Moscow,55.791842,37.578405,61,pm25,61,7,26.1,0.5,6.6,13.1,21.6,57,1006.2,9.5,13.5,
2025-08-20T19:00:00+08:00,Wuhan,30.593099,114.305393,55,pm25,55,15,22.4,4.1,2.8,,33,66,1004,0.5,,
2025-08-20T13:00:00+02:00,Warsaw (Poland),52.225171,21.014783,34,pm25,34,21,24.1,2,0.1,12,25,38,1007,4.1,8.7,10
2025-08-20T20:00:00+09:30,Winnellie (Australia),-12.424323299931126,130.89335024356842,59,pm25,59,18,2,1,3.1,10.5,25.4,61,1009.4,4.59,,14.2
2025-08-20T16:00:00+05:30,Bangalore (India),13.0270199,77.494094,69,pm25,69,65,7.5,3.2,,10.2,25,67.43333333333334,951.2033333333333,0.7600000000000001,,20
2025-08-20T16:00:00+05:30,Chennai (India),13.1278,80.2642,56,pm10,47,56,2.4,1.2,1.1,,30.036666666666665,64.72000000000001,82795.63333333335,1.5599999999999998,10.2,23
2025-08-20T06:00:00-04:00,Boston,42.325184,-71.05608,17,pm25,17,8,10.2,0.5,3.4,13.6,17.5,72,1022.2,,,
2025-08-20T05:00:00-04:00,Georgia,33.68797,-84.29048,51,pm25,51,30,5.9,0.2,3.4,1.6,22.2,69,1015.8,1.5,1.2,
2025-08-20T04:00:00-07:00,Phoenix,33.403055555556,-112.07527777778,20,pm10,19,20,4.7,,3.4,6.4,33,22,1011.1,1.5,8.7,9
2025-08-20T16:00:00+05:30,Hyderabad (India),17.417094,78.457437,98,pm25,98,60,5.8,7.3,2.6,11.3,26,75.24333333333334,1006,1.7699999999999998,10.2,22
2025-08-20T03:00:00-06:00,Denver,39.732146,-105.015317,21,pm25,21,10,6.9,0.6,2.3,14.3,20,63.5,1025.9,2,1.4,
2025-08-20T19:00:00+09:00,Daegu,35.8714354,128.601445,61,pm25,61,21,8.2,4.6,3.2,31.4,7.1,71,1016,3.9,,
2025-08-20T19:00:00+09:00,Gyeonggi,37.4112,127.2579,25,pm25,25,19,9.3,3.5,3.8,20.8,29,79,1009.8,2.5,0.5,25
2025-08-20T19:00:00+09:00,Nagoya,35.1814464,136.906398,72,pm25,72,20,16.7,5.8,5.6,30.4,32.7,58,1010.9,2.7,,
2025-08-20T20:00:00+09:00,Fukuoka,33.5903547,130.4017155,30,pm25,30,15,8.4,1.5,3.4,20,29.1,66,1011,5.6,,
2025-08-20T19:00:00+09:00,Kawasaki,35.5309058,139.7030511,53,pm25,53,29,21.3,1.5,3.4,37.6,31,74,1009,7.7,,
2025-08-20T19:00:00+08:00,Shenzhen,22.543099,114.057868,61,pm25,61,32,12.4,4.1,5.5,21.2,29.4,85,1010.8,5.6,,
2025-08-20T19:00:00+08:00,Zhongshan (Taiwan),25.062361,121.526528,-,,74,14,37.5,1.2,7.5,5.6,27,85.5,1011,1.2,7.2,24.5
2025-08-20T19:00:00+08:00,Chongqing,29.56301,106.551557,53,pm25,53,12,2.8,2.1,3.7,27.3,34,46,1000,2.5,,
2025-08-20T14:00:00+03:00,Istanbul (Turkey),41.015278,29.025,40,pm25,40,17,9.5,1.4,13.4,24.2,24.6,74.2,1005.2,7.7,,19.7
2025-08-20T18:00:00+05:30,Delhi,28.6341,77.2005,63,pm25,63,50,6.4,2.5,6.6,23.5,29.3,68.9,985.8,0.6,9.2,23.5
2025-08-20T18:00:00+05:30,Mumbai,19.0863,72.8888,95,pm25,95,56,1.9,14.9,1.9,11.5,26.5,99.92,1001.54,43.22,12.3,25
2025-08-20T21:00:00+09:00,Seoul,37.566535,126.9779692,34,pm25,34,18,14.9,4.9,3.6,16.3,28.8,76.7,1000,2.5,,
2025-08-20T20:00:00+08:00,Beijing,39.954592,116.468117,87,pm25,87,37,6.4,1.6,8.2,39.4,26,94,1006,0.5,,
2025-08-20T20:00:00+08:00,Shanghai,31.2047372,121.4489017,61,pm25,61,39,6,4.1,4.6,33.3,30,79,1008,4.1,,
2025-08-20T20:00:00+09:00,Shinjuku (Tokyo),35.713889,139.705556,55,pm25,55,20,8.4,1.5,2.3,7.3,29.5,68.1,1007.1,2.5,,23
2025-08-20T21:00:00+09:00,Osaka,34.6937378,135.5021651,40,pm10,34,40,15.8,10,0.1,14.5,29,79,1012,2,,
2025-08-20T11:00:00+02:00,Paris,48.856614,2.3522219,34,pm10,70,34,16.7,0.6,0.1,16.9,18.3,84.8,1013.5,4.4,,
2025-08-20T12:00:00+01:00,London,51.5073509,-0.1277583,38,pm25,38,20,10.6,0.6,1,19.5,17.2,66,1018.5,6.2,,
2025-08-20T14:00:00+02:00,Frankfurt,50.075464,8.576305,47,o3,31,25,,0.5,0.1,47.3,28.5,37,1009,2,9.2,12.5
2025-08-20T14:00:00+02:00,Hamburg,53.564486,9.96834,26,o3,25,13,1,1.6,0.1,26,21.5,58,1012,5.6,8.2,13
2025-08-20T20:00:00+08:00,Wuhan,30.593099,114.305393,53,pm25,53,20,10.1,3.6,5.5,,31,74,1004,0.5,,
2025-08-20T14:00:00+02:00,Warsaw (Poland),52.225171,21.014783,34,pm25,34,23,29.4,2,0.1,12,25,38,1007,4.6,8.7,10
2025-08-20T22:00:00+09:30,Winnellie (Australia),-12.424323299931126,130.89335024356842,68,pm25,68,23,2.4,0.7,3.2,9.5,23.8,70.6,1010.4,6.59,,18.4
2025-08-20T18:00:00+05:30,Bangalore (India),13.0270199,77.494094,62,pm10,52,62,7.7,2,,10.1,24.5,70.2,951.41,0.84,,20
2025-08-20T18:00:00+05:30,Chennai (India),13.1278,80.2642,63,pm10,60,63,3.4,0.9,2.4,,30.05,62.8,82806,1.51,10.2,24
2025-08-20T07:00:00-04:00,Boston,42.325184,-71.05608,18,pm25,18,11,8.4,0.5,3.4,9.6,18.3,72,1022.1,,,
2025-08-20T06:00:00-04:00,Georgia,33.68797,-84.29048,50,pm25,50,26,4.6,0.2,3.5,1.6,22.7,69,1016,1.5,1.4,
2025-08-20T05:00:00-07:00,Phoenix,33.403055555556,-112.07527777778,24,pm10,21,24,4.7,,4.5,2.4,32,29,1011.1,1.5,8.7,12
2025-08-20T18:00:00+05:30,Hyderabad (India),17.417094,78.457437,136,pm25,136,65,8.1,8.1,4.1,11,26,74.88,1006.5,1.56,10.2,21.5
2025-08-20T05:00:00-06:00,Denver,39.732146,-105.015317,30,pm25,30,16,11.9,0.6,3.5,12.6,18.8889,71.5,1025.7,3,1.3,
2025-08-20T21:00:00+09:00,Daegu,35.8714354,128.601445,55,pm25,55,15,7.5,3.8,3.2,25.6,7.1,71,1016,3.9,,
2025-08-20T21:00:00+09:00,Gyeonggi,37.4112,127.2579,34,pm25,34,19,13.4,3.5,3.8,16.6,29,79,1010.8,2.5,0.5,25
2025-08-20T20:00:00+09:00,Nagoya,35.1814464,136.906398,50,pm25,50,17,19.5,1.5,1.2,24.1,32.2,65,1011.4,3.2,,
2025-08-20T21:00:00+09:00,Fukuoka,33.5903547,130.4017155,30,pm25,30,10,6.5,5.8,2.3,16.8,29,65,1011,3.6,,
2025-08-20T20:00:00+09:00,Kawasaki,35.5309058,139.7030511,70,pm25,70,34,27.8,2.9,3.4,36.8,30,66,1010,6.1,,
2025-08-20T20:00:00+08:00,Shenzhen,22.543099,114.057868,55,pm25,55,33,14.7,4.1,6.4,23.2,29.4,88.9,1011.7,3.6,,
2025-08-20T20:00:00+08:00,Zhongshan (Taiwan),25.062361,121.526528,13,pm10,74,13,31.3,1.2,8.4,1,26.5,80.5,1011,0.7,7.2,23
2025-08-20T20:00:00+08:00,Chongqing,29.56301,106.551557,63,pm25,63,25,2.8,2.1,3.7,25.2,33,52,1001,1.5,,
2025-08-20T15:00:00+03:00,Istanbul (Turkey),41.015278,29.025,40,pm25,40,17,8.1,1.4,13.3,23.2,24,82.8,1005.2,4.6,,20.9
2025-08-20T20:00:00+07:00,Bangkok,13.7563309,100.5017651,65,pm25,65,14,0.6,0.6,0.1,4.8,30.9,85.2,1007.9,0.5,,
2025-08-20T19:00:00+05:30,Delhi,28.6341,77.2005,70,pm10,65,70,7.3,2.3,7.7,26.1,28.825,70.075,985.7249999999999,0.6749999999999999,9.2,24
2025-08-20T19:00:00+05:30,Mumbai,19.0863,72.8888,98,pm25,98,58,1.9,14.8,1.9,11.5,27,99.92,1001.71,43.03666666666667,12.3,25
2025-08-20T22:00:00+09:00,Seoul,37.566535,126.9779692,34,pm25,34,20,14.1,4.8,3.2,14.6,28.8,76.7,1000,2.5,,
2025-08-20T21:00:00+08:00,Beijing,39.954592,116.468117,107,pm25,107,45,6.4,1.6,10,39.8,27,88,1006,0.5,,
2025-08-20T21:00:00+08:00,Shanghai,31.2047372,121.4489017,63,pm25,63,40,7.4,4.1,5.5,33.3,30,79,1008,4.6,,
2025-08-20T21:00:00+09:00,Shinjuku (Tokyo),35.713889,139.705556,55,pm25,55,21,8.4,1.5,2.3,34.4,29.6,69,1007.3,3.6,,23.3
2025-08-20T12:00:00+02:00,Paris,48.856614,2.3522219,78,pm25,78,34,16.7,0.6,0.1,16.9,18.3,84.8,1013.5,1,,
2025-08-20T13:00:00+01:00,London,51.5073509,-0.1277583,33,pm25,33,21,10.6,0.7,1,26.9,17.3,66,1018.5,6.2,,
2025-08-20T15:00:00+02:00,Frankfurt,50.075464,8.576305,51,o3,26,17,,0.5,0.1,50.8,29,37,1008.5,2.5,9.2,13
2025-08-20T15:00:00+02:00,Hamburg,53.564486,9.96834,29,o3,25,13,1,1.6,0.1,28.9,21.5,58,1012,5.6,8.2,13
2025-08-20T21:00:00+08:00,Wuhan,30.593099,114.305393,42,pm25,42,15,9.2,2.6,5.5,,31,79,1006,0.5,,
2025-08-20T15:00:00+02:00,Warsaw (Poland),52.225171,21.014783,35,pm25,35,24,28.4,2,0.1,12,25,41,1007,5.1,8.7,11
2025-08-20T23:00:00+09:30,Winnellie (Australia),-12.424323299931126,130.89335024356842,61,pm25,61,20,2.5,0.9,3.6,9.6,20.8,81,1010.6,6.59,,17.8
2025-08-20T19:00:00+05:30,Chennai (India),13.1278,80.2642,78,pm25,78,71,4.6,1.2,6.2,,30.037499999999998,64.75750000000001,82831,1.6624999999999999,10.2,24
2025-08-20T08:00:00-04:00,Boston,42.325184,-71.05608,15,pm25,15,11,6.5,0.6,2.3,12.8,17.5,81.5,1022.4,,,
2025-08-20T07:00:00-04:00,Georgia,33.68797,-84.29048,48,pm25,48,23,5.8,0.2,3.4,0.8,23.3,69,1016.1,1.5,0.3,
2025-08-20T06:00:00-07:00,Phoenix,33.403055555556,-112.07527777778,30,pm10,27,30,4.7,,5.6,2.4,32,24,1011.5,3,8.7,9
2025-08-20T06:00:00-06:00,Denver,39.732146,-105.015317,38,pm25,38,25,15.6,0.6,7.4,10.2,18.8889,67.7,1025.9,2,3,
2025-08-20T22:00:00+09:00,Daegu,35.8714354,128.601445,50,pm25,50,12,6.5,3.3,2.2,25.6,7.1,71,1016,3.9,,
2025-08-20T22:00:00+09:00,Gyeonggi,37.4112,127.2579,42,pm25,42,20,11.7,3.8,4,16.6,29,79,1011.1,2.5,0.5,25
2025-08-20T21:00:00+09:00,Nagoya,35.1814464,136.906398,50,pm25,50,17,14.9,2.9,1.2,13.6,32.2,65,1011.1,2.4,,
2025-08-20T22:00:00+09:00,Fukuoka,33.5903547,130.4017155,34,pm25,34,15,14.9,10,3.4,17.6,29.1,74,1011,2.5,,
2025-08-20T21:00:00+09:00,Kawasaki,35.5309058,139.7030511,61,pm25,61,20,17.6,1.5,2.3,36.1,30,71,1010,5.6,,
2025-08-20T21:00:00+08:00,Shenzhen,22.543099,114.057868,50,pm25,50,36,21.1,4.6,6.4,19.5,29.5,84,1012.1,3.6,,
2025-08-20T21:00:00+08:00,Zhongshan (Taiwan),25.062361,121.526528,16,pm10,74,16,27.1,1.3,7.8,1,26,83,1011,1,7.2,23
2025-08-20T21:00:00+08:00,Chongqing,29.56301,106.551557,57,pm25,57,21,3.7,2.6,3.7,25.2,33,52,1002,2.5,,
2025-08-20T16:00:00+03:00,Istanbul (Turkey),41.015278,29.025,40,pm25,40,17,10.1,1.4,13.3,26.4,24.3,79.4,1004.8,6.1,,20.5
2025-08-20T21:00:00+07:00,Bangkok,13.7563309,100.5017651,53,pm25,53,15,1.2,2.7,0.1,4.8,30.7,8.7,1008.9,1.5,,
2025-08-20T20:00:00+05:30,Delhi,28.6341,77.2005,55,pm25,55,51,11.5,1.6,7.1,14.6,27.575000000000003,73.625,985.55,0.95,9.2,25
2025-08-20T23:00:00+09:00,Seoul,37.566535,126.9779692,38,pm25,38,21,12.1,4.8,3.2,15.2,28.4,77.6,1000,1.5,,
2025-08-20T22:00:00+08:00,Beijing,39.954592,116.468117,109,pm25,109,45,4.6,1.6,10,44.3,27,88,1007,1.5,,
2025-08-20T22:00:00+08:00,Shanghai,31.2047372,121.4489017,59,pm25,59,42,8.3,1.6,5.5,32.5,29,83,1009,3.6,,
2025-08-20T22:00:00+09:00,Osaka,34.6937378,135.5021651,30,pm25,30,17,12.1,7.2,3.4,13.6,30,79,1012,3,,
2025-08-20T14:00:00+02:00,Paris,48.856614,2.3522219,26,pm10,78,26,13.6,0.6,0.1,16.9,18.3,81.2,1013.5,1.7,,
2025-08-20T14:00:00+01:00,London,51.5073509,-0.1277583,38,pm25,38,20,9.2,1.6,1,19.5,18.9,60.3,1018,5.3,,
2025-08-20T16:00:00+02:00,Frankfurt,50.075464,8.576305,55,o3,26,16,,0.5,0.1,54.8,28.5,33,1008,2.3,9.2,11
2025-08-20T16:00:00+02:00,Hamburg,53.564486,9.96834,31,o3,25,13,1,1.6,0.1,30.9,22,56,1012,7.2,8.2,13
2025-08-20T22:00:00+08:00,Wuhan,30.593099,114.305393,53,pm25,53,19,20.6,2.6,5.5,,30,84,1006,0.5,,
2025-08-20T16:00:00+02:00,Warsaw (Poland),52.225171,21.014783,36,pm25,36,26,29.8,2,0.1,12,25,41,1006,3.6,8.7,11
2025-08-20T19:00:00+05:30,Bangalore (India),13.0270199,77.494094,75,pm25,75,62,7.6,0.9,,10.1,23,85.83333333333333,951.73,0.8966666666666666,,20
2025-08-20T09:00:00-04:00,Boston,42.325184,-71.05608,15,pm25,15,11,4.7,0.6,2.3,11.2,16.6,82.5,1022.7,,,
2025-08-20T08:00:00-04:00,Georgia,33.68797,-84.29048,43,pm25,43,18,2.9,0.2,2.3,9.6,24.8,67,1015.2,1.5,2,
2025-08-20T07:00:00-07:00,Phoenix,33.403055555556,-112.07527777778,54,pm25,54,48,4.7,,6.7,1.6,33,24,1012.1,2,8.7,10
2025-08-20T19:00:00+05:30,Hyderabad (India),17.417094,78.457437,156,pm25,156,69,7.8,8.6,4.8,10.9,25,77.13000000000001,1009,1.7933333333333332,10.2,22
2025-08-20T07:00:00-06:00,Denver,39.732146,-105.015317,38,pm25,38,30,16,0.6,6.9,8.6,20,61.5,1026,2,6,
2025-08-20T22:00:00+09:00,Nagoya,35.1814464,136.906398,42,pm25,42,16,11.2,1.5,1.2,12.1,31.6,64,1011,2.8,,
2025-08-20T23:00:00+09:00,Fukuoka,33.5903547,130.4017155,34,pm25,34,13,4.7,5.8,3.4,15.2,28.7,74,1011,2.5,,
2025-08-20T22:00:00+09:00,Kawasaki,35.5309058,139.7030511,55,pm25,55,20,16.7,1.5,2.3,32,30,71,1009.5,5.4,,
2025-08-20T22:00:00+08:00,Shenzhen,22.543099,114.057868,53,pm25,53,42,17.4,4.1,7.3,11.4,29.4,85,1012.5,2.5,,
2025-08-20T22:00:00+08:00,Zhongshan (Taiwan),25.062361,121.526528,16,pm10,74,16,22.9,0.9,5.8,0.6,26,88,1011,1,7.2,24
2025-08-20T22:00:00+08:00,Chongqing,29.56301,106.551557,70,pm25,70,20,3.7,2.6,3.7,23.6,32,55,1003,2.5,,
2025-08-20T17:00:00+03:00,Istanbul (Turkey),41.015278,29.025,41,pm25,41,17,9.1,1.4,13.3,27.9,23.9,77.9,1004.7,6.6,,19.8
2025-08-20T20:00:00+05:30,Mumbai,19.0863,72.8888,95,pm25,95,56,1.5,14.9,1.1,11.6,26,99.92,1002.95,42.91,13.3,24
2025-08-21T00:00:00+09:00,Seoul,37.566535,126.9779692,38,pm25,38,16,9.7,4.5,3,14.6,28.4,78.5,1000,1.5,,
2025-08-20T23:00:00+08:00,Beijing,39.954592,116.468117,109,pm25,109,46,5.1,1.6,10,41.5,27,88,1006,1.5,,
2025-08-20T23:00:00+08:00,Shanghai,31.2047372,121.4489017,68,pm25,68,48,8.3,1.6,5.5,28.9,29,83,1008,2.5,,
2025-08-20T23:00:00+09:00,Shinjuku (Tokyo),35.713889,139.705556,53,pm25,53,25,7.5,1.5,2.3,7.3,28.8,72.2,1007.2,1.5,,23.3
2025-08-20T23:00:00+09:00,Osaka,34.6937378,135.5021651,21,pm25,21,12,10.2,7.2,3.4,12.8,29.5,79,1012,2.5,,
2025-08-20T13:00:00+02:00,Paris,48.856614,2.3522219,68,pm25,68,31,17.2,0.6,0.1,16.9,18.3,81.6,1013.5,1.4,,
2025-08-20T15:00:00+01:00,London,51.5073509,-0.1277583,38,pm25,38,20,11.5,0.6,1,20.4,20.3,53.1,1017.6,4.5,,
2025-08-20T17:00:00+02:00,Frankfurt,50.075464,8.576305,52,o3,28,18,,0.5,0.1,52.3,30,31.5,1007.5,2,9.2,11.5
2025-08-20T17:00:00+02:00,Hamburg,53.564486,9.96834,31,o3,25,13,1,1.6,0.1,30.5,21.5,56,1012,6.6,8.2,12.5
2025-08-20T23:00:00+08:00,Wuhan,30.593099,114.305393,53,pm25,53,28,6.9,2.1,3.7,,28,100,1006,1.5,,
2025-08-20T17:00:00+02:00,Warsaw (Poland),52.225171,21.014783,44,pm25,44,31,35.6,2,0.1,12,24,50,1007,7.2,8.7,13
2025-08-20T20:00:00+05:30,Bangalore (India),13.0270199,77.494094,65,pm25,65,65,7.7,1.3,,10.2,23,93.10000000000001,951.9166666666666,0.9166666666666666,,20
2025-08-20T20:00:00+05:30,Chennai (India),13.1278,80.2642,104,pm25,104,75,6.4,1.5,3,,29.843333333333334,64.67333333333333,82967.70000000001,3.4000000000000004,10.2,26
2025-08-20T09:00:00-04:00,Georgia,33.68797,-84.29048,44,pm25,44,18,2.6,0.2,2.3,16.8,27.8,55.2,1014.5,0.1,2.6,
2025-08-20T08:00:00-07:00,Phoenix,33.403055555556,-112.07527777778,57,pm10,52,57,4.7,,5.6,9.6,34,21,1012.5,3,8.7,9
2025-08-20T20:00:00+05:30,Hyderabad (India),17.417094,78.457437,156,pm25,156,73,8,8.4,5.4,9.5,24,92.78666666666668,1010,2.07,10.2,22
2025-08-20T23:00:00+09:00,Daegu,35.8714354,128.601445,21,o3,25,10,8.1,3.8,2.2,20.9,7.1,71,1016,3.9,,
2025-08-21T00:00:00+09:00,Gyeonggi,37.4112,127.2579,46,pm25,46,20,13.9,3.9,4,10.8,27,88,1011.1,0.5,0.5,25
2025-08-20T23:00:00+09:00,Nagoya,35.1814464,136.906398,50,pm25,50,16,16.7,1.5,1.2,12.8,31.6,62,1010.7,1.6,,
2025-08-21T00:00:00+09:00,Fukuoka,33.5903547,130.4017155,34,pm25,34,12,4.7,8.6,3.4,11.2,27,74,1011,2,,
2025-08-20T23:00:00+09:00,Kawasaki,35.5309058,139.7030511,46,pm25,46,34,11.2,1.5,2.3,27.2,30,75,1009,4.6,,
2025-08-20T23:00:00+08:00,Shenzhen,22.543099,114.057868,50,pm25,50,37,15.6,4.1,7.3,14.7,29.4,94.3,1012.8,2.5,,
2025-08-20T23:00:00+08:00,Zhongshan (Taiwan),25.062361,121.526528,10,pm10,74,10,15.7,0.6,4,3.4,26,88,1011,0.5,7.2,24
2025-08-20T23:00:00+08:00,Chongqing,29.56301,106.551557,65,pm25,65,30,6.9,2.1,3.7,21.6,31,58,1003,3.6,,
2025-08-20T18:00:00+03:00,Istanbul (Turkey),41.015278,29.025,41,pm25,41,16,12.1,1.5,13.4,27.9,23.4,82.8,1004.6,5.1,,20.3
2025-08-20T23:00:00+07:00,Hanoi,21.0491,105.8831,8,pm25,8,3,14,10,4,12,28,94,1009,2.5,,27
2025-08-20T22:00:00+07:00,Bangkok,13.7563309,100.5017651,45,pm25,45,13,0.6,2.7,0.1,4.8,30.2,76.9,1009.4,1.5,,
2025-08-20T22:00:00+05:30,Delhi,28.6341,77.2005,82,pm25,82,52,8.1,0.5,5.5,11.7,26.125,78.875,985.8499999999999,0.7250000000000001,9.2,25
2025-08-20T22:00:00+05:30,Mumbai,19.0863,72.8888,92,pm25,92,54,1.9,14.9,2.1,11.6,26,99.92,1003.9133333333333,43.15,11,25
2025-08-21T01:00:00+09:00,Seoul,37.566535,126.9779692,42,pm25,42,18,9.8,4.3,2.8,16.7,28.2,78.9,999.9,1,,
2025-08-21T00:00:00+08:00,Beijing,39.954592,116.468117,102,pm25,102,42,5.5,2.1,10.9,33.3,27,88,1007,2.5,,
2025-08-21T00:00:00+08:00,Shanghai,31.2047372,121.4489017,72,pm25,72,40,7.8,2.1,5.5,27.3,29,83,1008,1.5,,
2025-08-21T00:00:00+09:00,Shinjuku (Tokyo),35.713889,139.705556,50,pm25,50,22,10.2,1.5,2.3,33.6,28,78,1007.1,1.5,,23.8
2025-08-21T01:00:00+09:00,Osaka,34.6937378,135.5021651,30,pm25,30,19,13,7.2,0.1,9.6,29.1,78,1012,3,,
2025-08-20T16:00:00+01:00,London,51.5073509,-0.1277583,38,pm25,38,20,12.4,0.6,1,21.6,20.3,51,1017.3,6.2,,
2025-08-20T18:00:00+02:00,Frankfurt,50.075464,8.576305,51,o3,32,27,,0.5,0.1,50.8,28.5,36,1007,3,9.2,12
2025-08-20T18:00:00+02:00,Hamburg,53.564486,9.96834,29,o3,25,13,1,1.6,0.1,29.3,21,54,1012,5.9,8.2,11.5
2025-08-20T18:00:00+03:00,Moscow,55.791842,37.578405,53,pm25,53,7,26.1,0.4,4.6,13,21.5,59.1,1004.9,5.3,8.6,
2025-08-21T00:00:00+08:00,Wuhan,30.593099,114.305393,46,pm25,46,22,14.7,2.1,3.7,,28,100,1006,0.5,,
2025-08-20T18:00:00+02:00,Warsaw (Poland),52.225171,21.014783,45,pm25,45,31,26.6,2,0.1,12,22,60,1007,6.6,,14
2025-08-21T01:00:00+09:30,Winnellie (Australia),-12.424323299931126,130.89335024356842,40,pm25,40,16,2.2,1.1,2.8,8.4,21.6,88.4,1011.1,4.39,,18.4
2025-08-20T22:00:00+05:30,Bangalore (India),13.0270199,77.494094,60,pm10,56,60,6.7,5.8,,10.2,22,93.5,952.0925000000001,0.9025000000000001,,20
2025-08-20T22:00:00+05:30,Chennai (India),13.1278,80.2642,129,pm25,129,66,4,1.3,2.7,,29.8125,66.005,83041.6,2.5225,10.2,26
2025-08-20T11:00:00-04:00,Boston,42.325184,-71.05608,16,pm25,16,10,3.8,0.6,2.3,12.8,18.6,72,1022.6,,,
2025-08-20T10:00:00-04:00,Georgia,33.68797,-84.29048,48,pm25,48,20,4.2,0.2,2.5,24.1,29.3,48.3,1015.2,0.6,5.3,
2025-08-20T09:00:00-07:00,Phoenix,33.403055555556,-112.07527777778,39,pm10,24,39,4.7,,2.3,25.6,37,17,1012.8,2.5,8.7,8
2025-08-20T22:00:00+05:30,Hyderabad (India),17.417094,78.457437,122,pm25,122,68,7.2,8.3,4.4,8.4,24,88.5875,1010,1.64,10.2,22
2025-08-20T09:00:00-06:00,Denver,39.732146,-105.015317,28,pm10,25,28,10.1,0.6,3.3,13,25,43.3,1025.6,2,4.6,
2025-08-21T00:00:00+09:00,Daegu,35.8714354,128.601445,25,pm25,25,8,9.9,4.8,2.7,13.6,7.1,71,1016,3.9,,
2025-08-21T00:00:00+09:00,Nagoya,35.1814464,136.906398,38,pm25,38,29,13.9,1.5,2.3,19.2,31.6,66.1,1010.5,1.4,,
2025-08-21T01:00:00+09:00,Fukuoka,33.5903547,130.4017155,30,pm25,30,13,5.6,5.8,2.3,8.8,27.9,78,1011,1.5,,
2025-08-21T01:00:00+09:00,Kawasaki,35.5309058,139.7030511,19,pm10,1,19,17.6,1.5,2.3,17.6,29,70,1009,2.5,,
2025-08-21T00:00:00+08:00,Shenzhen,22.543099,114.057868,59,pm25,59,35,15.1,4.1,7.3,13.9,29.4,96.5,1012,3,,
2025-08-21T00:00:00+08:00,Zhongshan (Taiwan),25.062361,121.526528,9,pm10,74,9,17.3,0.8,3.8,1.6,26,88,1011,1.2,7.2,24
2025-08-21T00:00:00+08:00,Chongqing,29.56301,106.551557,80,pm25,80,32,4.6,2.1,3.7,17.5,31,58,1004,3.6,,
2025-08-20T19:00:00+03:00,Istanbul (Turkey),41.015278,29.025,42,pm25,42,16,12.1,1.5,13.5,28.1,23.4,82.8,1004.6,5.1,,20.3
2025-08-21T00:00:00+07:00,Hanoi,21.0491,105.8831,23,pm25,23,10,9,9,3,16,28,94,1009,4.1,,27
2025-08-20T23:00:00+07:00,Bangkok,13.7563309,100.5017651,41,pm25,41,13,0.6,2.7,0.1,4.8,30.1,76.9,1010.5,1,,
2025-08-20T23:00:00+05:30,Mumbai,19.0863,72.8888,81,pm25,81,46,2.3,14.9,2.5,11.6,26,99.92,1004.3466666666667,43.173333333333325,11.3,25
2025-08-21T02:00:00+09:00,Seoul,37.566535,126.9779692,38,pm25,38,19,8.8,4.3,2.7,16.4,28.2,78.9,999.9,1,,
2025-08-21T01:00:00+08:00,Beijing,39.954592,116.468117,97,pm25,97,41,5.5,1.6,10.9,28.9,26,94,1006,2.5,,
2025-08-21T01:00:00+08:00,Shanghai,31.2047372,121.4489017,70,pm25,70,40,6.4,2.1,5.5,27.7,29,83,1008,1.5,,
2025-08-21T01:00:00+09:00,Shinjuku (Tokyo),35.713889,139.705556,57,pm25,57,22,10.2,1.5,2.3,25.6,27.7,79.8,1007,2.5,,23.9
2025-08-21T02:00:00+09:00,Osaka,34.6937378,135.5021651,25,pm25,25,21,12.1,7.2,0.1,11.2,29.1,83,1012,3,,
2025-08-20T15:00:00+02:00,Paris,48.856614,2.3522219,68,pm25,68,31,22.4,0.6,0.1,21.8,18.5,78,1013.2,2.8,,
2025-08-20T19:00:00+02:00,Frankfurt,50.075464,8.576305,49,o3,38,41,,0.5,0.1,49.1,28,35.5,1007,3.3,9.2,11.5
2025-08-20T19:00:00+02:00,Hamburg,53.564486,9.96834,29,o3,25,13,1,1.6,0.1,28.9,20.5,50.5,1012,5.1,8.2,10
2025-08-20T19:00:00+03:00,Moscow,55.791842,37.578405,55,pm25,55,7,29.8,0.4,4.8,9.6,20.3,64.8,1004.9,4,7.4,
2025-08-21T01:00:00+08:00,Wuhan,30.593099,114.305393,34,pm25,34,16,19.7,2.1,3.7,,29,94,1006,1.5,,
2025-08-20T19:00:00+02:00,Warsaw (Poland),52.225171,21.014783,34,pm25,34,25,24.1,2,0.1,12,21,56,1008,5.1,12.3,12
2025-08-21T02:00:00+09:30,Winnellie (Australia),-12.424323299931126,130.89335024356842,52,pm25,52,20,3.4,0.9,3.2,8.4,19.8,81.6,1010.8,3.39,,17.8
2025-08-20T11:00:00-04:00,Georgia,33.68797,-84.29048,48,pm25,48,18,1.9,0.2,2.3,29.6,30,46.3,1014.2,1.3,6.8,
2025-08-20T10:00:00-07:00,Phoenix,33.403055555556,-112.07527777778,40,pm25,40,21,4.7,,1.2,36.1,39,16,1012.8,2,8.7,9
2025-08-21T02:00:00+09:00,Daegu,35.8714354,128.601445,25,pm25,25,8,9.9,4.8,2.6,11,7.1,71,1016,3.9,,
2025-08-21T01:00:00+09:00,Gyeonggi,37.4112,127.2579,18,pm10,72,18,12.5,3,4.3,2.9,27,88,1011.1,0.5,0.5,25
2025-08-21T01:00:00+09:00,Nagoya,35.1814464,136.906398,68,pm25,68,29,11.2,1.5,2.3,19.2,31.1,65,1010.7,3,,
2025-08-21T02:00:00+09:00,Fukuoka,33.5903547,130.4017155,25,pm25,25,12,7.5,5.8,2.3,10.4,28,83,1011,2.5,,
2025-08-21T02:00:00+09:00,Kawasaki,35.5309058,139.7030511,29,pm10,1,29,19.5,1.5,3.4,14.5,29,70,1009,2.5,,
2025-08-21T01:00:00+08:00,Shenzhen,22.543099,114.057868,55,pm25,55,31,17.4,3.6,8.2,14.7,29.4,88,1011.1,2.5,,
2025-08-21T01:00:00+08:00,Zhongshan (Taiwan),25.062361,121.526528,13,pm10,74,13,15.4,0.8,3.6,2,26,83,1011,0.5,7.2,23
2025-08-21T01:00:00+08:00,Chongqing,29.56301,106.551557,65,pm25,65,27,11,2.6,3.7,18.3,30,62,1003,0.5,,
2025-08-20T20:00:00+03:00,Istanbul (Turkey),41.015278,29.025,42,pm25,42,16,12.1,1.5,13.6,29.1,23.4,82.8,1004.6,5.1,,20.3
2025-08-21T01:00:00+07:00,Hanoi,21.0491,105.8831,31,pm25,31,16,7,9,2,19,28,94,1008,3,,27
2025-08-21T01:00:00+07:00,Bangkok,13.7563309,100.5017651,35,pm25,35,13,0.6,2.7,0.1,4.8,28.7,76.2,1008.6,1.5,,
2025-08-21T00:00:00+05:30,Delhi,28.6341,77.2005,82,pm25,82,53,8.6,0.6,7.1,7.9,25.125,82.1,985.5749999999999,0.5750000000000001,9.2,26
2025-08-21T00:00:00+05:30,Mumbai,19.0863,72.8888,88,pm25,88,52,2.1,14.7,2.3,11.6,26,99.92,1004.6166666666667,42.77,10.2,25
2025-08-21T03:00:00+09:00,Seoul,37.566535,126.9779692,38,pm25,38,19,7.5,4.6,2.8,15.3,27.9,82.8,1000.1,1.5,,
2025-08-21T02:00:00+08:00,Beijing,39.954592,116.468117,93,pm25,93,41,6.9,1.1,10.9,22.4,26,94,1005,1.5,,
2025-08-21T02:00:00+08:00,Shanghai,31.2047372,121.4489017,70,pm25,70,41,6.9,2.1,5.5,28.9,29,83,1008,1.5,,
2025-08-21T02:00:00+09:00,Shinjuku (Tokyo),35.713889,139.705556,46,pm25,46,16,7.5,1.5,2.3,25.6,28.3,76.2,1007,3,,23.7
2025-08-21T03:00:00+09:00,Osaka,34.6937378,135.5021651,25,pm25,25,20,11.2,7.2,0.1,12.8,29.1,83,1012,3,,
2025-08-20T18:00:00+02:00,Paris,48.856614,2.3522219,29,o3,62,24,19,0.6,0.1,29.2,18.8,73,1012.9,5,,
2025-08-20T18:00:00+01:00,London,51.5073509,-0.1277583,37,pm25,37,30,9.2,0.3,1.1,28.5,19.2,54,1017.3,4.8,,
2025-08-20T20:00:00+02:00,Frankfurt,50.075464,8.576305,53,pm10,46,53,,0.5,0.1,47.6,26.5,38.5,1007,5.9,9.2,11.5
2025-08-20T20:00:00+02:00,Hamburg,53.564486,9.96834,29,o3,25,13,1,1.6,0.1,28.5,19.5,53.5,1012,4.1,8.2,10
2025-08-20T21:00:00+03:00,Moscow,55.791842,37.578405,57,pm25,57,7,27.5,0.1,8.2,6.4,16.1,90,1006.1,4,8,
2025-08-21T02:00:00+08:00,Wuhan,30.593099,114.305393,34,pm25,34,10,22,2.1,6.4,,28,94,1006,0.5,,
2025-08-20T20:00:00+02:00,Warsaw (Poland),52.225171,21.014783,28,pm25,28,22,17,2,0.1,12,20,52,1009,6.6,12.3,10
2025-08-21T04:00:00+09:30,Winnellie (Australia),-12.424323299931126,130.89335024356842,88,pm25,88,31,2.7,1,4.7,8.6,18.1,86.6,1010.5,3.79,,15.9
2025-08-21T00:00:00+05:30,Bangalore (India),13.0270199,77.494094,61,pm10,45,61,8.6,3,,10.2,20,93.6,952.1925,0.905,,19
2025-08-21T00:00:00+05:30,Chennai (India),13.1278,80.2642,88,pm25,88,59,3.9,0.8,2.4,,29.9125,63.9525,83073.8,2.31,10.2,26
2025-08-20T13:00:00-04:00,Boston,42.325184,-71.05608,17,o3,13,10,3.8,0.6,2.3,16.8,17.9,67.3,1022,,,
2025-08-20T12:00:00-04:00,Georgia,33.68797,-84.29048,47,pm25,47,16,1.7,0.2,2.3,35.2,31.1,46.6,1013.8,0.8,5.6,
2025-08-20T11:00:00-07:00,Phoenix,33.403055555556,-112.07527777778,45,o3,21,15,4.7,,1.2,44.8,40,18,1012.5,2,8.7,12
2025-08-21T00:00:00+05:30,Hyderabad (India),17.417094,78.457437,122,pm25,122,71,6.1,6.8,1.7,9.3,24,86.78,1010,1.6925,10.2,22
2025-08-20T10:00:00-06:00,Denver,39.732146,-105.015317,35,pm10,30,35,9.2,0.6,3.1,17.5,27.2222,35.3,1024.8,2,5.8,
2025-08-21T03:00:00+09:00,Daegu,35.8714354,128.601445,30,pm25,30,12,9,4.8,2.5,11,7.1,71,1016,3.9,,
2025-08-21T03:00:00+09:00,Gyeonggi,37.4112,127.2579,63,pm25,63,25,11.3,2.8,4.2,1.9,26,94,1011.5,0.5,0.5,25
2025-08-21T02:00:00+09:00,Nagoya,35.1814464,136.906398,78,pm25,78,34,8.4,2.9,2.3,20.8,30.9,65.6,1010.8,2.7,,
2025-08-21T03:00:00+09:00,Fukuoka,33.5903547,130.4017155,30,pm25,30,13,7.5,5.8,3.4,10.4,26,83,1011,3,,
2025-08-21T03:00:00+09:00,Kawasaki,35.5309058,139.7030511,31,o3,1,20,23.2,1.5,3.4,31.2,29,70,1009,3,,
2025-08-21T02:00:00+08:00,Shenzhen,22.543099,114.057868,57,pm25,57,33,12.8,3.1,8.2,14.3,28.8,97.7,1011,4,,
2025-08-21T02:00:00+08:00,Zhongshan (Taiwan),25.062361,121.526528,10,pm10,74,10,6.3,0.9,1.8,8.7,26,83,1011,1,7.2,23
2025-08-21T02:00:00+08:00,Chongqing,29.56301,106.551557,63,pm25,63,25,18.8,2.6,3.7,4.9,30,62,1004,1.5,,
2025-08-21T02:00:00+07:00,Hanoi,21.0491,105.8831,34,pm25,34,24,7,9,2,19,28,94,1008,2,,27
2025-08-21T02:00:00+07:00,Bangkok,13.7563309,100.5017651,62,pm25,62,28,0.6,2.7,0.1,4.8,28.7,76.2,1008.6,1.5,,
2025-08-21T04:00:00+09:00,Seoul,37.566535,126.9779692,34,pm25,34,17,7.5,4.5,2.5,14.3,27.9,82.8,1000.1,1.5,,
2025-08-21T03:00:00+08:00,Beijing,39.954592,116.468117,89,pm25,89,42,6,1.1,10,22,26,94,1006,2.5,,
2025-08-21T03:00:00+09:00,Shinjuku (Tokyo),35.713889,139.705556,46,pm25,46,18,6.5,1.5,2.3,25.6,28.7,70.1,1007.5,3.6,,22.7
2025-08-20T17:00:00+02:00,Paris,48.856614,2.3522219,63,pm25,63,27,17,0.6,0.1,29.2,18.8,73,1012.9,4.7,,
2025-08-20T21:00:00+02:00,Frankfurt,50.075464,8.576305,42,o3,39,31,,0.5,0.1,42,25.5,44,1008,6.9,9.2,12.5
2025-08-20T21:00:00+02:00,Hamburg,53.564486,9.96834,28,o3,25,14,1,1.6,0.1,27.7,17.5,59,1012.5,2.8,8.2,9.5
2025-08-20T11:00:00-06:00,Denver,39.732146,-105.015317,27,pm10,25,27,8.3,0.6,3,22.4,28.8889,28,1024,3,9.7,
2025-08-21T04:00:00+09:00,Daegu,35.8714354,128.601445,21,pm25,21,13,8.5,4.8,2.4,11,7.1,71,1016,3.9,,
2025-08-21T04:00:00+09:00,Gyeonggi,37.4112,127.2579,55,pm25,55,24,11.9,2.8,4.3,1.9,26,94,1011.5,0.5,0.5,25
2025-08-21T03:00:00+09:00,Nagoya,35.1814464,136.906398,76,pm25,76,34,8.4,2.9,2.3,20.8,28.8,70.9,1005.3,2.9,,
2025-08-21T04:00:00+09:00,Fukuoka,33.5903547,130.4017155,34,pm25,34,12,7.5,4.3,2.3,9.6,26,83,1011,2.5,,
2025-08-21T04:00:00+09:00,Kawasaki,35.5309058,139.7030511,34,o3,1,24,34.3,1.5,3.4,34.4,29,70,1010,1.5,,
2025-08-21T03:00:00+08:00,Zhongshan (Taiwan),25.062361,121.526528,13,pm10,74,13,5.8,0.6,1.8,10,26,83,1011,1.5,7.2,23
2025-08-21T03:00:00+08:00,Chongqing,29.56301,106.551557,70,pm25,70,28,9.2,3.1,3.7,11.8,30,62,1004,1.5,,
2025-08-20T21:00:00+03:00,Istanbul (Turkey),41.015278,29.025,41,pm25,41,16,13.2,1.5,13.8,28.8,22.4,82.1,1004.8,1.5,,19.2
2025-08-21T03:00:00+07:00,Hanoi,21.0491,105.8831,36,pm25,36,27,7,9,2,19,28,94,1008,2,,27
2025-08-21T03:00:00+07:00,Bangkok,13.7563309,100.5017651,41,pm25,41,15,0.6,2.7,0.1,4.8,28.6,9.6,1008.8,1.5,,
2025-08-21T01:00:00+05:30,Delhi,28.6341,77.2005,52,pm10,30,52,9.3,1.7,6.1,11.1,24.96666666666667,82.86666666666666,985.9666666666667,0.9,9.2,26
2025-08-21T02:00:00+05:30,Mumbai,19.0863,72.8888,87,pm25,87,51,2.1,14.7,2.2,11.8,27,99.92,1004.1866666666666,42.90333333333333,10.8,25
2025-08-21T05:00:00+09:00,Seoul,37.566535,126.9779692,46,pm25,46,17,8.8,3.8,2.8,13.2,26,100,1011.1,1.5,,
2025-08-21T04:00:00+08:00,Beijing,39.954592,116.468117,93,pm25,93,44,4.2,1.1,9.1,25.6,25,94,1005,2.5,,
2025-08-21T04:00:00+08:00,Shanghai,31.2047372,121.4489017,80,pm25,80,53,7.8,3.6,5.5,23.6,29,83,1008,1.5,,
2025-08-21T04:00:00+09:00,Shinjuku (Tokyo),35.713889,139.705556,50,pm25,50,18,5.6,1.5,2.3,25.6,28.7,70.1,1007.5,3.6,,22.7
2025-08-21T04:00:00+09:00,Osaka,34.6937378,135.5021651,25,pm25,25,12,12.1,7.2,2.3,12.1,29,83,1012,2.8,,
2025-08-20T19:00:00+01:00,London,51.5073509,-0.1277583,42,pm25,42,31,10.6,0.3,1,27.6,18.1,57.6,1017.4,4.5,,
2025-08-20T22:00:00+02:00,Frankfurt,50.075464,8.576305,45,pm25,45,39,,0.5,0.1,39.7,24,47,1008,6.1,9.2,12
2025-08-20T22:00:00+02:00,Hamburg,53.564486,9.96834,26,o3,25,14,2.8,1.6,0.1,26,16,63,1013,1.5,8.2,9
2025-08-20T22:00:00+03:00,Moscow,55.791842,37.578405,53,pm25,53,8,33.4,0.1,12.4,6.8,16.1,90,1006.1,4,8,
2025-08-21T03:00:00+08:00,Wuhan,30.593099,114.305393,34,pm25,34,10,8.3,1.1,6.4,,29,88,1006,1.5,,
2025-08-20T21:00:00+02:00,Warsaw (Poland),52.225171,21.014783,22,pm25,22,17,15.8,2,0.1,12,19,52,1009,5.6,12.3,9
2025-08-21T05:00:00+09:30,Winnellie (Australia),-12.424323299931126,130.89335024356842,130,pm25,130,47,3.2,1.1,5.6,8,18.1,81,1010.5,4.79,,15.5
2025-08-21T01:00:00+05:30,Bangalore (India),13.0270199,77.494094,60,pm10,58,60,7.4,3.3,,10.1,20,93.59999999999998,951.9666666666666,0.8533333333333334,,18
2025-08-21T01:00:00+05:30,Chennai (India),13.1278,80.2642,69,pm25,69,53,3.3,0.2,2.7,,29.85666666666667,65.55666666666667,83024.33333333333,2.11,10.2,26
2025-08-20T14:00:00-04:00,Boston,42.325184,-71.05608,17,o3,13,7,3.8,0.6,2.3,16.8,16.1,75,1022,,,
2025-08-20T14:00:00-04:00,Georgia,33.68797,-84.29048,50,pm25,50,18,1.3,0.2,2.3,41.6,33.4,42.3,1010.1,0.1,2.6,
2025-08-20T13:00:00-07:00,Phoenix,33.403055555556,-112.07527777778,56,o3,13,13,4.7,,1.2,55.8,42,17,1010.8,1.5,8.7,12
2025-08-21T01:00:00+05:30,Hyderabad (India),17.417094,78.457437,153,pm25,153,76,4.7,5.6,2.5,9.9,24,85.42999999999999,1010,1.883333333333333,10.2,22
2025-08-20T13:00:00-06:00,Denver,39.732146,-105.015317,23,o3,13,14,1.9,0.6,1.4,22.8,32.7778,23.5,1022.8,4,8.6,
2025-08-21T04:00:00+09:00,Nagoya,35.1814464,136.906398,74,pm25,74,30,8.4,1.5,2.3,20.8,30.5,67,1011.3,3.1,,
2025-08-21T05:00:00+09:00,Fukuoka,33.5903547,130.4017155,38,pm25,38,13,7.5,2.9,2.3,8.8,27,74.1,1009.9,2,,
2025-08-21T05:00:00+09:00,Kawasaki,35.5309058,139.7030511,28,o3,1,27,36.2,1.5,4.5,28.1,28,74,1010,3,,
2025-08-21T04:00:00+08:00,Shenzhen,22.543099,114.057868,46,pm25,46,27,13.8,4.1,6.4,10.2,28.4,88.6,1011,2.5,,
2025-08-21T04:00:00+08:00,Zhongshan (Taiwan),25.062361,121.526528,9,pm10,74,9,6.6,0.6,1.9,8.5,25,83,1011,1,7.2,22
2025-08-21T04:00:00+08:00,Chongqing,29.56301,106.551557,57,pm25,57,27,11.5,2.6,3.7,9.8,29,65,1004,2.5,,
2025-08-20T23:00:00+03:00,Istanbul (Turkey),41.015278,29.025,40,pm25,40,16,17.6,1.6,14.4,26.4,21.5,83.6,1005,1,,18.6
2025-08-21T04:00:00+07:00,Hanoi,21.0491,105.8831,39,pm25,39,28,5,9,2,19,28,94,1008,2.3,,27
2025-08-21T04:00:00+07:00,Bangkok,13.7563309,100.5017651,25,pm25,25,20,0.6,2.7,0.1,4.8,27.5,81.3,1007.4,2,,
2025-08-21T02:00:00+05:30,Delhi,28.6341,77.2005,95,pm25,95,46,5.1,1.7,4.6,16.6,24.5,84.16666666666667,985.9666666666667,0.6666666666666666,9.2,26
2025-08-21T06:00:00+09:00,Seoul,37.566535,126.9779692,42,pm25,42,22,11.9,4,3.2,9.5,27,100,1011.1,2,,
2025-08-21T05:00:00+08:00,Beijing,39.954592,116.468117,82,pm25,82,38,4.6,1.1,9.1,23.2,25,100,1005,1.5,,
2025-08-21T05:00:00+09:00,Shinjuku (Tokyo),35.713889,139.705556,57,pm25,57,20,5.6,1.5,2.3,25.6,27.8,73.8,1007.7,2,,22.7
2025-08-21T06:00:00+09:00,Osaka,34.6937378,135.5021651,34,pm25,34,14,16.7,4.3,0.1,12.1,28.7,83,1013,2.5,,
2025-08-20T19:00:00+02:00,Paris,48.856614,2.3522219,63,pm25,63,27,17,0.6,0.1,29.2,17.8,76.6,1013.8,6.5,,
2025-08-20T20:00:00+01:00,London,51.5073509,-0.1277583,69,pm10,58,69,20.9,0.6,1,27.6,16.9,61.6,1017.6,4.3,,
2025-08-20T23:00:00+02:00,Frankfurt,50.075464,8.576305,35,pm25,35,20,,0.5,0.1,34.9,22.5,49,1009,6.4,9.2,11.5
2025-08-20T23:00:00+02:00,Hamburg,53.564486,9.96834,23,o3,25,14,4.6,1.6,0.1,22.8,14.5,69,1013,1.5,8.2,9
2025-08-20T23:00:00+03:00,Moscow,55.791842,37.578405,42,pm25,42,8,31.1,0.3,11.8,8.3,15.5,88,1005.9,5,7,
2025-08-20T23:00:00+02:00,Warsaw (Poland),52.225171,21.014783,21,pm25,21,16,14.3,2,0.1,12,17,55,1010,3.6,12.3,8
2025-08-21T06:00:00+09:30,Winnellie (Australia),-12.424323299931126,130.89335024356842,143,pm25,143,51,4.2,1.2,4.5,7.2,18.3,65.5,1010.7,4.99,,14
2025-08-21T02:00:00+05:30,Bangalore (India),13.0270199,77.494094,66,pm25,66,61,7.2,2.5,,9.9,20,93.7,951.82,0.79,,18
2025-08-21T02:00:00+05:30,Chennai (India),13.1278,80.2642,64,pm25,64,50,3.1,0.1,1.6,,29.810000000000002,67.14,82987.3,1.5966666666666667,10.2,25
2025-08-20T16:00:00-04:00,Boston,42.325184,-71.05608,14,pm25,14,7,6.5,0.6,2.3,16.8,16.1,80,1022.4,,,
2025-08-20T15:00:00-04:00,Georgia,33.68797,-84.29048,52,pm25,52,17,1.5,0.2,2.3,47.2,31.9,44.5,1009.6,0.1,2.6,
2025-08-20T14:00:00-07:00,Phoenix,33.403055555556,-112.07527777778,64,o3,31,17,4.7,,1.2,63.5,43,15,1009.8,2.5,8.7,11
2025-08-21T02:00:00+05:30,Hyderabad (India),17.417094,78.457437,149,pm25,149,75,4.1,5.3,2.1,10,24,84.86333333333334,1010,1.9866666666666666,10.2,22
2025-08-20T14:00:00-06:00,Denver,39.732146,-105.015317,23,o3,17,18,1.9,0.6,1.5,23.2,33.8889,21.5,1022,4,9.7,
2025-08-21T05:00:00+09:00,Daegu,35.8714354,128.601445,21,pm25,21,12,11.3,4.3,2.7,7.6,7.1,71,1016,3.9,,
2025-08-21T05:00:00+09:00,Gyeonggi,37.4112,127.2579,46,pm25,46,23,10.9,2.9,4.3,0.2,26,94,1011.1,1.5,0.5,25
2025-08-21T05:00:00+09:00,Nagoya,35.1814464,136.906398,76,pm25,76,33,10.2,2.9,2.3,20,30.5,68,1011.9,1.9,,
2025-08-21T06:00:00+09:00,Fukuoka,33.5903547,130.4017155,42,pm25,42,17,8.4,2.9,2.3,8.8,26,83,1011,1.5,,
2025-08-21T06:00:00+09:00,Kawasaki,35.5309058,139.7030511,33,pm10,1,33,34.3,1.5,4.5,16.8,29,70,1010,3.6,,
2025-08-21T05:00:00+08:00,Zhongshan (Taiwan),25.062361,121.526528,8,o3,74,7,5.3,0.8,1.8,8,25,83,1011,1,7.2,22
2025-08-21T05:00:00+08:00,Chongqing,29.56301,106.551557,50,pm25,50,26,7.4,2.6,3.7,13,29,65,1004,1.5,,
2025-08-21T00:00:00+03:00,Istanbul (Turkey),41.015278,29.025,39,pm25,39,16,19.2,1.6,14.6,24.8,21,87.8,1005.1,0.5,,18.9
2025-08-21T05:00:00+07:00,Hanoi,21.0491,105.8831,41,pm25,41,29,5,9,2,25,28,94,1007,3,,27
2025-08-21T05:00:00+07:00,Bangkok,13.7563309,100.5017651,46,pm25,46,16,0.6,2.7,0.1,4.8,27.8,87.3,1008.2,1,,
2025-08-21T03:00:00+05:30,Delhi,28.6341,77.2005,97,pm25,97,48,9.3,2.3,5.5,13.1,23.8,86.2,985.5,0.5333333333333333,9.2,25
2025-08-21T03:00:00+05:30,Mumbai,19.0863,72.8888,91,pm25,91,54,1.5,14.8,1.1,11.6,27,99.92,1003.755,43.22,9.2,24
2025-08-21T07:00:00+09:00,Seoul,37.566535,126.9779692,38,pm25,38,25,15.4,5,3.5,7.7,28,100,1011.8,1,,
2025-08-21T06:00:00+08:00,Beijing,39.954592,116.468117,72,pm25,72,30,4.6,1.1,8.2,20.8,25,100,1005,0.5,,
2025-08-21T06:00:00+08:00,Shanghai,31.2047372,121.4489017,85,pm25,85,53,7.8,4.1,4.6,21.2,29,83,1009,1.5,,
2025-08-21T06:00:00+09:00,Shinjuku (Tokyo),35.713889,139.705556,53,pm25,53,20,8.4,1.5,1.2,25.6,27.7,77.9,1008.4,1.5,,23.5
2025-08-21T07:00:00+09:00,Osaka,34.6937378,135.5021651,38,pm25,38,32,18.6,4.3,0.1,11.2,29.1,79,1012,1.5,,
2025-08-20T20:00:00+02:00,Paris,48.856614,2.3522219,64,pm25,64,29,19.4,0.6,0.1,29.8,17.2,80.2,1014.1,5.2,,
2025-08-20T21:00:00+01:00,London,51.5073509,-0.1277583,34,pm25,34,23,8.6,0.5,1.2,26.7,15.8,65.6,1017.7,4.5,,
2025-08-21T00:00:00+02:00,Frankfurt,50.075464,8.576305,33,pm25,33,17,,0.5,0.1,32.1,22,49,1009,5.9,9.2,11
2025-08-21T00:00:00+02:00,Hamburg,53.564486,9.96834,23,o3,25,15,3.2,1.6,0.1,22.8,13.5,73.5,1013,1.8,8.2,9
2025-08-21T00:00:00+03:00,Moscow,55.791842,37.578405,46,pm25,46,7,30.7,0.2,10.3,7.8,15.5,88,1005.9,5,7,
2025-08-21T06:00:00+08:00,Wuhan,30.593099,114.305393,42,pm25,42,13,10.6,2.6,4.6,,30,79,1006,2.5,,
2025-08-21T00:00:00+02:00,Warsaw (Poland),52.225171,21.014783,23,pm25,23,15,12.3,2,0.1,12,16,59,1010,4.6,12.3,8
2025-08-21T07:00:00+09:30,Winnellie (Australia),-12.424323299931126,130.89335024356842,112,pm25,112,45,6.5,1.2,3.7,4.8,18.4,59.2,1011.1,5.79,,12.2
2025-08-21T03:00:00+05:30,Bangalore (India),13.0270199,77.494094,60,pm10,55,60,7.8,0.1,,10.2,20,93.7,951.7533333333334,0.8433333333333333,,18
2025-08-21T03:00:00+05:30,Chennai (India),13.1278,80.2642,59,pm25,59,42,3.3,0.1,2.2,,29.636666666666667,68.82,82982.86666666665,0.9633333333333334,10.2,26
2025-08-20T16:00:00-04:00,Georgia,33.68797,-84.29048,52,pm25,52,19,1.7,0.2,2.5,47.2,32.8,41.6,1009.2,0.4,3,
2025-08-20T15:00:00-07:00,Phoenix,33.403055555556,-112.07527777778,73,o3,30,19,4.7,,1.2,72.5,43,15,1008.4,2.5,8.7,11
2025-08-21T03:00:00+05:30,Hyderabad (India),17.417094,78.457437,135,pm25,135,70,3.5,5.2,2.6,9.1,24,85.73666666666666,1010,1.7,10.2,22
2025-08-20T15:00:00-06:00,Denver,39.732146,-105.015317,23,o3,17,18,2.3,0.6,1.4,23.2,34.4444,20,1021.7,4,12,
2025-08-21T06:00:00+09:00,Daegu,35.8714354,128.601445,38,pm25,38,15,13,4.8,2.8,6.3,7.1,71,1016,3.9,,
2025-08-21T06:00:00+09:00,Gyeonggi,37.4112,127.2579,53,pm25,53,27,9.8,2.8,4.4,0.5,27,94,1011.8,1,0.5,26
2025-08-21T06:00:00+09:00,Nagoya,35.1814464,136.906398,76,pm25,76,32,11.2,2.9,2.3,18.4,31.6,64,1011.9,2.6,,
2025-08-21T07:00:00+09:00,Fukuoka,33.5903547,130.4017155,34,pm25,34,16,8.4,2.9,2.3,8.8,27.9,78,1011,1.5,,
2025-08-21T07:00:00+09:00,Kawasaki,35.5309058,139.7030511,40,pm10,1,40,38.9,1.5,5.6,20,30,66,1011,3,,
2025-08-21T06:00:00+08:00,Shenzhen,22.543099,114.057868,42,pm25,42,33,12.8,4.1,10,7,28.8,87.5,1011,2.5,,
2025-08-21T06:00:00+08:00,Zhongshan (Taiwan),25.062361,121.526528,12,pm10,74,12,6.4,0.6,2.2,5.4,25,83,1011,1,7.2,22
2025-08-21T06:00:00+08:00,Chongqing,29.56301,106.551557,42,pm25,42,23,5.1,2.6,3.7,13,29,65,1004,1.5,,
2025-08-21T01:00:00+03:00,Istanbul (Turkey),41.015278,29.025,39,pm25,39,16,24.4,1.6,14.9,24.8,21,87.8,1005.1,0.5,,18.9
2025-08-21T06:00:00+07:00,Hanoi,21.0491,105.8831,43,pm25,43,30,6,10,3,30,28,94,1007,3,,27
2025-08-21T04:00:00+05:30,Delhi,28.6341,77.2005,85,pm25,85,56,6.6,1.9,5.5,14.6,23.400000000000002,87.36666666666667,985.6,0.3,9.2,25
2025-08-21T04:00:00+05:30,Mumbai,19.0863,72.8888,90,pm25,90,53,1.2,14.8,0.5,11.4,26,99.92,1003.865,43.295,10.2,25
2025-08-21T08:00:00+09:00,Seoul,37.566535,126.9779692,42,pm25,42,24,14.9,5,3.6,8.8,29,94,1011.8,2.5,,
2025-08-21T07:00:00+08:00,Beijing,39.954592,116.468117,74,pm25,74,30,4.6,1.6,8.2,18.3,25,100,1005,1.5,,
2025-08-21T07:00:00+08:00,Shanghai,31.2047372,121.4489017,91,pm25,91,52,8.7,4.1,5.5,21.2,30,84,1009,2.5,,
2025-08-21T07:00:00+09:00,Shinjuku (Tokyo),35.713889,139.705556,53,pm25,53,19,13.9,1.5,2.3,7.3,29.8,66.1,1008.9,1.5,,22.8
2025-08-21T08:00:00+09:00,Osaka,34.6937378,135.5021651,55,pm25,55,20,17.6,5.8,0.1,14.5,29.1,80,1012,1.9,,
2025-08-20T21:00:00+02:00,Paris,48.856614,2.3522219,54,pm25,54,21,19.4,0.6,0.1,29.8,16.6,80.8,1014.1,4.6,,
2025-08-20T22:00:00+01:00,London,51.5073509,-0.1277583,34,pm25,34,20,9.2,0.7,1.1,26.1,15,68.8,1017.9,4.7,,
2025-08-21T07:00:00+08:00,Wuhan,30.593099,114.305393,55,pm25,55,16,10.6,2.6,5.5,,31,74,1007,2.5,,
2025-08-21T08:00:00+09:30,Winnellie (Australia),-12.424323299931126,130.89335024356842,72,pm25,72,32,2.6,1,2.8,9.3,19.6,51,1011.9,8.39,,10.9
2025-08-21T04:00:00+05:30,Bangalore (India),13.0270199,77.494094,67,pm25,67,60,7.7,0.8,,10.1,19,93.8,951.8033333333333,0.8000000000000002,,18
2025-08-21T04:00:00+05:30,Chennai (India),13.1278,80.2642,51,pm25,51,49,3.5,0.1,2.6,,29.483333333333334,67.83666666666667,83037.99999999999,1.1333333333333335,10.2,25
2025-08-20T17:00:00-04:00,Boston,42.325184,-71.05608,15,pm25,15,6,3.8,0.6,3.4,16.8,15,75.3,1022.3,,,
2025-08-20T17:00:00-04:00,Georgia,33.68797,-84.29048,52,pm25,52,19,2.4,0.2,2.6,44.8,30.6,47.5,1009.9,0.2,4,
2025-08-20T16:00:00-07:00,Phoenix,33.403055555556,-112.07527777778,82,o3,40,23,4.7,,2.3,81.5,43,15,1007.4,2.5,8.7,11
2025-08-21T04:00:00+05:30,Hyderabad (India),17.417094,78.457437,134,pm25,134,66,2.9,5.2,2.8,9.2,24,86.04333333333334,1010,1.7866666666666668,10.2,22
2025-08-20T16:00:00-06:00,Denver,39.732146,-105.015317,23,o3,17,16,2.8,0.6,1.8,22.8,34.4444,19,1021.5,4,7.3,
2025-08-21T08:00:00+09:00,Daegu,35.8714354,128.601445,42,pm25,42,17,14,5.8,3,7.9,7.1,71,1016,3.9,,
2025-08-21T08:00:00+09:00,Gyeonggi,37.4112,127.2579,50,pm25,50,25,10.7,2.8,4.6,1.9,27,94,1011.8,1,0.5,26
2025-08-21T07:00:00+09:00,Nagoya,35.1814464,136.906398,74,pm25,74,30,13,2.9,2.3,17.6,33.8,58,1011.7,2.6,,
2025-08-21T08:00:00+09:00,Fukuoka,33.5903547,130.4017155,38,pm25,38,18,9.3,4.3,3.4,11.2,29.3,70.2,1011,2,,
2025-08-21T08:00:00+09:00,Kawasaki,35.5309058,139.7030511,30,pm10,1,30,45.4,1.5,5.6,29.6,31,62,1011,2,,
2025-08-21T07:00:00+08:00,Shenzhen,22.543099,114.057868,55,pm25,55,41,13.3,4.1,10,6.5,28.8,99.4,1011.8,3.6,,
2025-08-21T07:00:00+08:00,Zhongshan (Taiwan),25.062361,121.526528,16,pm10,74,16,8.8,0.8,3.2,3.8,26,78,1012,1,7.2,22
2025-08-21T07:00:00+08:00,Chongqing,29.56301,106.551557,53,pm25,53,25,6,2.6,3.7,13.5,28,74,1004,2.5,,
2025-08-21T08:00:00+07:00,Hanoi,21.0491,105.8831,49,pm25,49,34,8,10,7,25,28,94,1008,3.3,,27
2025-08-21T08:00:00+07:00,Bangkok,13.7563309,100.5017651,58,pm25,58,16,0.6,2.7,0.1,4.8,27.4,82.2,1008.7,2,,
2025-08-21T07:00:00+05:30,Delhi,28.6341,77.2005,87,pm25,87,51,7.6,1.6,8.5,14.5,24.549999999999997,86.6,985.55,0.5,9.2,25.5
2025-08-21T07:00:00+05:30,Mumbai,19.0863,72.8888,86,pm25,86,51,1.2,14.9,0.4,11.6,27,99.92,1004.95,43.04,8.7,25
2025-08-21T11:00:00+09:00,Seoul,37.566535,126.9779692,34,pm25,34,18,10.8,4.9,3.4,29.1,32,66,1012,2,,
2025-08-21T09:00:00+08:00,Beijing,39.954592,116.468117,70,pm25,70,26,6,1.1,8.2,17.1,26,94,1005,2.5,,
2025-08-21T09:00:00+08:00,Shanghai,31.2047372,121.4489017,91,pm25,91,40,9.6,4.6,6.4,34.6,33,70,1009,1.5,,
2025-08-21T10:00:00+09:00,Shinjuku (Tokyo),35.713889,139.705556,42,pm25,42,17,10.2,1.5,2.3,28.1,34.7,46,1007.8,1,,21.4
2025-08-21T10:00:00+09:00,Osaka,34.6937378,135.5021651,59,pm25,59,20,19.5,10,2.3,23.3,32,66,1012,3,,
2025-08-21T00:00:00+02:00,Paris,48.856614,2.3522219,25,o3,25,14,7.4,0.6,0.1,25.4,15.5,88.6,1013.5,4,,
2025-08-21T01:00:00+01:00,London,51.5073509,-0.1277583,38,pm25,38,23,2.6,0.5,1,20.5,13.8,78,1017.9,5,,
2025-08-21T03:00:00+02:00,Frankfurt,50.075464,8.576305,34,pm25,34,16,,0.5,0.1,29.5,19,59,1008,2.5,9.2,11
2025-08-21T03:00:00+02:00,Hamburg,53.564486,9.96834,21,pm25,21,14,2.3,1.6,0.1,20.4,9.5,93,1012,1.2,8.2,8.5
2025-08-21T04:00:00+03:00,Moscow,55.791842,37.578405,30,pm25,30,8,17.9,0.2,4.3,10.8,14.9,91.1,1005.7,4.1,6,
2025-08-21T09:00:00+08:00,Wuhan,30.593099,114.305393,30,pm25,30,18,7.8,2.6,2.8,,33,66,1007,3.6,,
2025-08-21T03:00:00+02:00,Warsaw (Poland),52.225171,21.014783,16,pm25,16,8,5.1,2,0.1,12,13,76,1010,3.6,12.3,9
2025-08-21T10:00:00+09:30,Winnellie (Australia),-12.424323299931126,130.89335024356842,59,pm25,59,31,1.6,1,3,11.9,27.6,47.133333333333326,1012.7,9.086666666666666,,17.2
2025-08-21T07:00:00+05:30,Bangalore (India),13.0270199,77.494094,60,pm25,60,58,8.2,1.9,,10,20,93.8,952.24,0.85,,18
2025-08-21T07:00:00+05:30,Chennai (India),13.1278,80.2642,73,pm25,73,53,3.9,1.3,3.5,,29.625,68.03999999999999,83192.85,1.73,10.2,26
2025-08-20T19:00:00-04:00,Boston,42.325184,-71.05608,25,o3,12,5,2.8,0.6,4.5,24.8,13.8,81.5,1022.5,,,
2025-08-20T19:00:00-04:00,Georgia,33.68797,-84.29048,23,pm25,23,11,4.9,0.2,2.3,22.4,23.1,66.3,1012.6,2,2,
2025-08-20T18:00:00-07:00,Phoenix,33.403055555556,-112.07527777778,79,o3,2,14,4.7,,1.2,78.9,44,14,1006.7,2.5,8.7,11
2025-08-21T07:00:00+05:30,Hyderabad (India),17.417094,78.457437,109,pm25,109,64,5.7,6.2,2.7,8.4,24,84.92,1012,1.4249999999999998,10.2,21
2025-08-20T18:00:00-06:00,Denver,39.732146,-105.015317,22,o3,17,14,1.4,0.6,1.6,21.6,33.3333,28.6,1021.7,7,8.6,
2025-08-21T10:00:00+09:00,Daegu,35.8714354,128.601445,25,pm25,25,11,10.3,5.6,2.6,20.7,7.1,71,1016,3.9,,
2025-08-21T10:00:00+09:00,Gyeonggi,37.4112,127.2579,55,pm25,55,27,9.9,3.2,4,20,31,66,1011.8,1.5,0.5,24
2025-08-21T10:00:00+09:00,Nagoya,35.1814464,136.906398,91,pm25,91,30,13,2.9,1.2,35.2,37.2,47,1010.9,2.7,,
2025-08-21T10:00:00+09:00,Fukuoka,33.5903547,130.4017155,46,pm25,46,11,13,7.2,3.4,18.4,33,57,1010,3.1,,
2025-08-21T10:00:00+09:00,Kawasaki,35.5309058,139.7030511,70,pm25,70,56,26,1.5,3.4,33.6,35,60.5,1010,5.1,,
2025-08-21T09:00:00+08:00,Shenzhen,22.543099,114.057868,57,pm25,57,39,14.2,5.6,9.1,8.2,30,84.6,1012,2.5,,
2025-08-21T10:00:00+08:00,Zhongshan (Taiwan),25.062361,121.526528,16,o3,74,16,20.4,1.3,6,16.4,34,49,1012,2.5,7.2,22
2025-08-21T09:00:00+08:00,Chongqing,29.56301,106.551557,50,pm25,50,24,9.2,3.6,4.6,15.1,31,62,1005,2.5,,
2025-08-21T04:00:00+03:00,Istanbul (Turkey),41.015278,29.025,38,pm25,38,16,20.2,1.7,15.4,15.6,19.1,94.5,1005.2,0.5,,18.2
2025-08-21T09:00:00+07:00,Hanoi,21.0491,105.8831,53,pm25,53,39,7,10,7,24,28,94,1009,3.6,,27
2025-08-21T10:00:00+07:00,Bangkok,13.7563309,100.5017651,63,pm25,63,22,0.6,2.7,0.1,4.8,29.5,9.4,1009.4,2.5,,
2025-08-21T08:00:00+05:30,Delhi,28.6341,77.2005,102,pm25,102,59,8.2,1.4,5.9,10,26.549999999999997,82.65,985.5,0.5,9.2,25
2025-08-21T08:00:00+05:30,Mumbai,19.0863,72.8888,170,pm25,170,130,1.3,14.8,0.6,11.6,28,99.92,1005.55,43.72,10.5,25
2025-08-21T12:00:00+09:00,Seoul,37.566535,126.9779692,43,o3,42,21,11.5,4.9,3.9,42.5,32,62,1011.5,2.5,,
2025-08-21T10:00:00+08:00,Beijing,39.954592,116.468117,72,pm25,72,24,5.5,1.1,7.3,17.5,26,94,1006,2.5,,
2025-08-21T10:00:00+08:00,Shanghai,31.2047372,121.4489017,89,pm25,89,40,9.2,4.6,6.4,50,34.5,66,1009,1,,
2025-08-21T11:00:00+09:00,Shinjuku (Tokyo),35.713889,139.705556,46,pm25,46,14,13.9,1.5,2.3,28.1,34.7,46,1007.8,1,,21.4
2025-08-21T11:00:00+09:00,Osaka,34.6937378,135.5021651,57,pm25,57,38,19.5,8.6,2.3,30.4,33,59,1012,3.2,,
2025-08-21T01:00:00+02:00,Paris,48.856614,2.3522219,34,pm25,34,17,5.3,0.6,0.1,21.3,15.5,88,1013.1,3,,
2025-08-21T02:00:00+01:00,London,51.5073509,-0.1277583,34,pm25,34,18,2.3,0.5,0.7,20.1,13.8,78,1017.6,5.1,,
2025-08-21T05:00:00+02:00,Frankfurt,50.075464,8.576305,37,pm25,37,18,,0.5,0.1,24.6,18,63,1008,3.6,9.2,11
2025-08-21T04:00:00+02:00,Hamburg,53.564486,9.96834,18,o3,17,14,3.2,1.6,0.1,18.3,8.5,96.5,1012,1.2,8.2,8
2025-08-21T05:00:00+03:00,Moscow,55.791842,37.578405,30,pm25,30,6,19.2,0.2,4.6,10.5,14.4,92,1006,1,3,
2025-08-21T10:00:00+08:00,Wuhan,30.593099,114.305393,34,pm25,34,18,5.1,2.6,2.8,,33,66,1008,5.6,,
2025-08-21T04:00:00+02:00,Warsaw (Poland),52.225171,21.014783,17,pm25,17,8,6.8,2,0.1,12,13,76,1010,2.5,12.3,9
2025-08-21T12:00:00+09:30,Winnellie (Australia),-12.424323299931126,130.89335024356842,39,pm25,39,13,1.4,0.8,2.2,12.1,29.8,27.8,1011.1,2.46,,10.4
2025-08-21T08:00:00+05:30,Bangalore (India),13.0270199,77.494094,84,pm25,84,58,7.8,1.1,,10,21,93.7,952.4,0.825,,19
2025-08-21T08:00:00+05:30,Chennai (India),13.1278,80.2642,93,pm25,93,65,3.8,1.5,2.1,,29.705,67.695,83263.35,2.29,10.2,23
2025-08-20T20:00:00-04:00,Boston,42.325184,-71.05608,27,o3,20,4,9.3,0.6,5.6,27.2,13.8,84,1022.1,,,
2025-08-20T20:00:00-04:00,Georgia,33.68797,-84.29048,29,pm25,29,14,4.7,0.2,2.3,15.2,21.9,68,1013,2,6.5,
2025-08-20T19:00:00-07:00,Phoenix,33.403055555556,-112.07527777778,64,o3,10,12,4.7,,1.2,63.5,43,15,1007.1,2,8.7,11
2025-08-21T08:00:00+05:30,Hyderabad (India),17.417094,78.457437,152,pm25,152,69,5.5,6.3,3.4,9,25,83.385,1012,1.455,10.2,21
2025-08-20T19:00:00-06:00,Denver,39.732146,-105.015317,21,o3,17,12,4.6,0.6,2.5,20.8,30,36,1023.1,6,7,
2025-08-21T11:00:00+09:00,Daegu,35.8714354,128.601445,38,pm25,38,16,9.1,4.6,2.2,30.5,7.1,71,1016,3.9,,
2025-08-21T11:00:00+09:00,Gyeonggi,37.4112,127.2579,38,pm25,38,24,8.8,3,4,32.7,32,62,1011.5,0.5,0.5,24
2025-08-21T11:00:00+09:00,Nagoya,35.1814464,136.906398,80,pm25,80,29,13.9,1.5,1.2,42.4,37.2,47,1010.6,2.1,,
2025-08-21T11:00:00+09:00,Fukuoka,33.5903547,130.4017155,53,pm25,53,17,7.5,8.6,3.4,24.1,34.2,55,1010,4.7,,
2025-08-21T12:00:00+09:00,Kawasaki,35.5309058,139.7030511,71,o3,1,24,24.1,17.2,3.4,71.2,35,53,1009,5.1,,
2025-08-21T10:00:00+08:00,Shenzhen,22.543099,114.057868,50,pm25,50,30,10.6,5.1,8.2,12.6,31.2,84,1012,2.5,,
2025-08-21T11:00:00+08:00,Zhongshan (Taiwan),25.062361,121.526528,33,o3,74,10,19.4,1.3,5.5,32.9,34,50.5,1012,2.8,7.2,22.5
2025-08-21T10:00:00+08:00,Chongqing,29.56301,106.551557,38,pm25,38,29,8.7,3.6,4.6,23.2,32,59,1005,2.5,,
2025-08-21T06:00:00+03:00,Istanbul (Turkey),41.015278,29.025,39,pm25,39,15,16.3,1.7,15.1,11.2,20,72,1012,1.8,15.4,15
2025-08-21T10:00:00+07:00,Hanoi,21.0491,105.8831,51,pm25,51,45,6,10,8,23,28,94,1009,3,,27
2025-08-21T09:00:00+05:30,Delhi,28.6341,77.2005,82,pm25,82,57,8.9,1.6,6.4,13.7,26.700000000000003,81.475,985.6,0.8500000000000001,9.2,26
2025-08-21T09:00:00+05:30,Mumbai,19.0863,72.8888,424,pm10,268,424,1.2,14.9,0.4,11.6,28,99.92,1005.8525,43.62,10.5,25
2025-08-21T11:00:00+08:00,Beijing,39.954592,116.468117,78,pm25,78,27,5.1,1.6,6.4,20.4,27.5,88,1005,1.5,,
2025-08-21T11:00:00+08:00,Shanghai,31.2047372,121.4489017,97,pm25,97,36,6.4,4.6,6.4,50,36,59,1009,1.5,,
2025-08-21T12:00:00+09:00,Osaka,34.6937378,135.5021651,50,pm25,50,14,25.1,8.6,0.1,36.8,34,52,1011,3,,
2025-08-21T02:00:00+02:00,Paris,48.856614,2.3522219,31,pm25,31,17,5.5,0.6,0.1,21.3,15.5,88.3,1012.9,3.6,,
2025-08-21T03:00:00+01:00,London,51.5073509,-0.1277583,28,pm25,28,14,3.6,0.5,0.7,21.2,13.8,77,1017.4,5,,
2025-08-21T05:00:00+02:00,Hamburg,53.564486,9.96834,17,pm25,17,14,4.2,1.6,0.1,16.7,8.5,96.5,1012,1.2,8.2,8
2025-08-21T11:00:00+08:00,Wuhan,30.593099,114.305393,38,pm25,38,14,6,2.1,2.8,,34,66,1007,4.6,,
2025-08-21T05:00:00+02:00,Warsaw (Poland),52.225171,21.014783,18,pm25,18,8,7.5,2,0.1,12,10,87,1010,1.5,12.3,8
2025-08-21T09:00:00+05:30,Bangalore (India),13.0270199,77.494094,78,pm25,78,61,7.1,2,,10.3,21,93.675,952.4025,0.8225,,19
2025-08-21T09:00:00+05:30,Chennai (India),13.1278,80.2642,81,pm25,81,71,3.3,0.2,4,,29.705,67.80499999999999,83278.3,2.235,10.2,23
2025-08-20T22:00:00-04:00,Boston,42.325184,-71.05608,21,pm25,21,6,13,0.5,5.6,17.6,13.8,86.6,1021.8,,,
2025-08-20T21:00:00-04:00,Georgia,33.68797,-84.29048,26,pm25,26,14,7,0.2,2.5,11.2,21.8,67,1012.5,1.2,5.5,
2025-08-20T20:00:00-07:00,Phoenix,33.403055555556,-112.07527777778,45,o3,35,20,4.7,,2.3,44.8,43,15,1007.4,2,8.7,11
2025-08-21T09:00:00+05:30,Hyderabad (India),17.417094,78.457437,153,pm25,153,73,5.3,7.3,4.2,9.9,25,81.78250000000001,1012,1.615,10.2,21
2025-08-21T12:00:00+09:00,Fukuoka,33.5903547,130.4017155,65,pm25,65,29,6.5,5.8,2.3,25.6,34,52,1009,3,,
2025-08-21T11:00:00+08:00,Shenzhen,22.543099,114.057868,50,pm25,50,23,8.3,4.1,8.2,14.7,33.3,79,1012.3,2.5,,
2025-08-21T11:00:00+08:00,Chongqing,29.56301,106.551557,36,pm10,34,36,5.1,3.1,4.6,23.2,34,52,1005,2.5,,
2025-08-21T11:00:00+07:00,Hanoi,21.0491,105.8831,51,pm25,51,50,4,10,9,19,27.5,94,1009.5,3.6,,26.5
2025-08-21T11:00:00+07:00,Bangkok,13.7563309,100.5017651,45,pm25,45,33,0.6,2.7,0.1,4.8,31.6,66.5,1009.3,1.5,,
2025-08-21T10:00:00+05:30,Delhi,28.6341,77.2005,139,pm25,139,60,8.8,1.6,5,9.7,29.299999999999997,73.75,985.975,1.2,9.2,26
2025-08-21T10:00:00+05:30,Mumbai,19.0863,72.8888,424,pm10,268,424,1.2,14.9,0.5,11.6,29,99.92,1006.3366666666667,43.22,10.5,25
2025-08-21T13:00:00+09:00,Seoul,37.566535,126.9779692,57,o3,53,26,10.1,4.8,3.8,56.8,34,56,1010.4,1.5,,
2025-08-21T12:00:00+08:00,Beijing,39.954592,116.468117,78,pm25,78,26,5.5,1.1,7.3,25.6,27,94,1005,0.5,,
2025-08-21T12:00:00+08:00,Shanghai,31.2047372,121.4489017,97,pm25,97,37,6.9,4.6,6.4,77.3,36,56,1008,1.5,,
2025-08-21T12:00:00+09:00,Shinjuku (Tokyo),35.713889,139.705556,55,pm25,55,18,8.4,2.9,3.4,36.8,36.8,48,1011,,1.2,
2025-08-21T13:00:00+09:00,Osaka,34.6937378,135.5021651,53,pm25,53,16,23.2,7.2,0.1,34.4,35,46,1011,3,,
2025-08-21T04:00:00+02:00,Paris,48.856614,2.3522219,21,o3,31,13,4.8,0.6,0.1,21.3,15.5,89,1012.5,4.6,,
2025-08-21T04:00:00+01:00,London,51.5073509,-0.1277583,55,pm25,55,19,4,0.5,0.8,20.5,13.8,78.3,1017.5,4.5,,
2025-08-21T06:00:00+02:00,Frankfurt,50.075464,8.576305,39,pm25,39,19,,0.5,0.1,25.3,17.5,65,1008,4.1,9.2,11
2025-08-21T06:00:00+02:00,Hamburg,53.564486,9.96834,17,pm25,17,13,6.4,1.6,0.1,12.6,7.5,96.5,1011.5,1.8,8.2,7
2025-08-21T06:00:00+03:00,Moscow,55.791842,37.578405,38,pm25,38,7,21.1,0.2,6.4,8.7,14.4,91,1006.3,6,8,
2025-08-21T12:00:00+08:00,Wuhan,30.593099,114.305393,42,pm25,42,16,9.2,2.6,3.7,,35,63,1007,3.6,,
2025-08-21T06:00:00+02:00,Warsaw (Poland),52.225171,21.014783,21,pm25,21,11,11.9,2,0.1,12,10,87,1010,1.5,12.3,8
2025-08-21T13:00:00+09:30,Winnellie (Australia),-12.424323299931126,130.89335024356842,27,pm25,27,10,1.3,1.1,2.2,12.2,31.1,27,1010.6,9.96,,10.4
2025-08-20T23:00:00-04:00,Boston,42.325184,-71.05608,19,pm25,19,6,10.2,0.5,4.5,17.6,13.8,88,1021.8,,,
2025-08-20T22:00:00-04:00,Georgia,33.68797,-84.29048,26,pm25,26,15,7.3,0.2,2.6,7.3,22.2,64,1012.4,0.8,2,
2025-08-20T21:00:00-07:00,Phoenix,33.403055555556,-112.07527777778,37,o3,31,24,4.7,,2.3,36.8,42,15,1008.4,1.5,8.7,11
2025-08-20T20:00:00-06:00,Denver,39.732146,-105.015317,20,o3,21,11,4.2,0.6,2.5,20.4,28.3333,38,1023.5,6,9,
2025-08-21T12:00:00+09:00,Daegu,35.8714354,128.601445,42,pm25,42,17,8.9,3.2,2.3,38.1,7.1,71,1016,3.9,,
2025-08-21T13:00:00+09:00,Gyeonggi,37.4112,127.2579,66,o3,34,22,8.9,3.2,4,66.3,33,55,1010.4,1.5,0.5,23
2025-08-21T12:00:00+09:00,Nagoya,35.1814464,136.906398,87,pm25,87,30,11.2,1.5,3.4,45.6,37.7,43,1009.9,3.1,,
2025-08-21T13:00:00+09:00,Fukuoka,33.5903547,130.4017155,65,pm25,65,30,5.6,1.5,2.3,26.4,34,56,1008,4.6,,
2025-08-21T13:00:00+09:00,Kawasaki,35.5309058,139.7030511,84,o3,1,30,13.9,10,2.3,84,34,56,1009,4.6,,
2025-08-21T12:00:00+08:00,Shenzhen,22.543099,114.057868,55,pm25,55,30,10.6,4.6,7.3,18.3,32.7,79,1012,3.6,,
2025-08-21T12:00:00+08:00,Zhongshan (Taiwan),25.062361,121.526528,47,o3,74,11,15.7,1,3.8,46.7,35.5,45,1011,1.5,7.2,22
2025-08-21T12:00:00+08:00,Chongqing,29.56301,106.551557,61,pm25,61,23,4.6,3.6,4.6,35.8,34,52,1004,2.5,,
2025-08-21T07:00:00+03:00,Istanbul (Turkey),41.015278,29.025,39,pm25,39,15,16.3,1.7,15,9.9,20,72,1012,1.2,15.4,15
2025-08-21T12:00:00+07:00,Hanoi,21.0491,105.8831,64,pm25,64,54,17,10,13,18,26,94,1009,5.1,,25
2025-08-21T12:00:00+07:00,Bangkok,13.7563309,100.5017651,78,pm25,78,36,0.6,0.6,0.1,4.8,34,7.5,1009.4,1,,
2025-08-21T11:00:00+05:30,Delhi,28.6341,77.2005,119,pm25,119,84,7.8,1.7,4.8,20.2,30.325,69.625,985.825,0.925,9.2,25
2025-08-21T14:00:00+09:00,Seoul,37.566535,126.9779692,61,o3,46,25,10.5,5,3.8,60.8,34,59,1010.1,2,,
2025-08-21T13:00:00+08:00,Beijing,39.954592,116.468117,65,pm25,65,22,5.1,1.1,6.4,24,27,94,1004,1.5,,
2025-08-21T13:00:00+09:00,Shinjuku (Tokyo),35.713889,139.705556,59,pm25,59,25,26,1.5,2.3,7.3,37.2,46,1010.1,,1,
2025-08-21T03:00:00+02:00,Paris,48.856614,2.3522219,29,pm25,29,13,4.4,0.6,0.1,21.3,15.5,89,1012.5,4.6,,
2025-08-21T07:00:00+02:00,Frankfurt,50.075464,8.576305,42,pm25,42,20,,0.5,0.1,24.7,17,67,1007,4.8,9.2,11
2025-08-21T07:00:00+02:00,Hamburg,53.564486,9.96834,17,pm25,17,13,13.8,1.6,0.1,5.3,7.5,100,1011.5,2,8.2,7.5
2025-08-21T07:00:00+02:00,Warsaw (Poland),52.225171,21.014783,22,pm25,22,12,15.9,2,0.1,12,13,76,1011,2,12.3,9
2025-08-21T10:00:00+05:30,Bangalore (India),13.0270199,77.494094,62,pm10,52,62,7.8,0.9,,10.2,23,93.46666666666665,952.4366666666666,0.94,,20
2025-08-21T10:00:00+05:30,Chennai (India),13.1278,80.2642,70,pm10,63,70,3,0.1,6.1,,29.706666666666667,65.64333333333333,83271.06666666667,2.1233333333333335,10.2,23
2025-08-20T23:00:00-04:00,Georgia,33.68797,-84.29048,29,pm25,29,18,8.6,0.2,3.4,2.4,22.2,65,1012.1,0.8,0.4,
2025-08-20T22:00:00-07:00,Phoenix,33.403055555556,-112.07527777778,61,pm10,44,61,4.7,,1.2,34.4,38.5,26,1009.4,6.6,11.8,16
2025-08-21T10:00:00+05:30,Hyderabad (India),17.417094,78.457437,121,pm25,121,68,5.9,7.7,5.6,9.5,27,69.90333333333332,1012,2.393333333333333,12.8,21
2025-08-20T22:00:00-06:00,Denver,39.732146,-105.015317,21,pm25,21,12,4.2,0.6,2.1,19.5,27.2222,37,1023.3,5,8,
2025-08-21T14:00:00+09:00,Daegu,35.8714354,128.601445,43,o3,42,11,7.1,2.9,2.2,43.2,7.1,71,1016,3.9,,
2025-08-21T14:00:00+09:00,Gyeonggi,37.4112,127.2579,74,o3,38,23,10.4,3.2,4.2,74.2,34,52,1010.1,2,0.5,23
2025-08-21T13:00:00+09:00,Nagoya,35.1814464,136.906398,76,pm25,76,29,11.2,2.9,2.3,45.6,38.3,42,1009.1,3,,
2025-08-21T14:00:00+09:00,Fukuoka,33.5903547,130.4017155,57,pm25,57,22,6.5,2.9,2.3,28.1,34.5,54.5,1008,5.1,,
2025-08-21T13:00:00+08:00,Zhongshan (Taiwan),25.062361,121.526528,64,o3,74,27,14.1,1.2,3.6,63.9,35.6,50,1010,1.7,7.2,23.6
2025-08-21T13:00:00+08:00,Chongqing,29.56301,106.551557,68,pm25,68,24,5.1,3.6,4.6,52.6,34,49,1004,2.5,,
2025-08-21T13:00:00+07:00,Hanoi,21.0491,105.8831,71,pm25,71,57,20,10,13,18,27,88,1008,4.6,,25
2025-08-21T13:00:00+07:00,Bangkok,13.7563309,100.5017651,75,pm25,75,41,0.6,0.6,0.1,4.8,34.4,7.6,1008.7,0.5,,
2025-08-21T12:00:00+05:30,Delhi,28.6341,77.2005,76,pm25,76,67,7,1,4.8,19.6,32.4,62.9,985.7,1.6,9.2,25
2025-08-21T11:00:00+05:30,Mumbai,19.0863,72.8888,424,pm10,268,424,1.4,14.9,1,11.5,27,99.92,1006.4766666666668,43.02,13.3,25
2025-08-21T15:00:00+09:00,Seoul,37.566535,126.9779692,65,o3,46,23,11.2,5.3,4,64.9,34,52,1010,2.5,,
2025-08-21T14:00:00+08:00,Beijing,39.954592,116.468117,65,pm25,65,21,4.6,1.1,6.4,32.1,29,83,1003,2.5,,
2025-08-21T14:00:00+08:00,Shanghai,31.2047372,121.4489017,101,o3,95,37,5.5,4.1,5.5,100.6,38,44,1007,2.5,,
2025-08-21T14:00:00+09:00,Shinjuku (Tokyo),35.713889,139.705556,74,pm25,74,25,26,1.5,3.4,7.3,37.6,45.2,1009.8,,1.5,
2025-08-21T15:00:00+09:00,Osaka,34.6937378,135.5021651,59,pm25,59,22,20.4,7.2,0.1,32.8,35,41,1009,4.6,,
2025-08-21T05:00:00+02:00,Paris,48.856614,2.3522219,29,pm25,29,17,11.9,0.6,0.1,18.5,15.5,88.3,1013.1,5.5,,
2025-08-21T06:00:00+01:00,London,51.5073509,-0.1277583,53,pm25,53,25,5.5,0.6,1,20.4,14.1,79.5,1017.7,3.5,,
2025-08-21T08:00:00+02:00,Frankfurt,50.075464,8.576305,53,pm25,53,32,,0.5,0.1,23.5,18,63,1008,4.1,9.2,11
2025-08-21T08:00:00+03:00,Moscow,55.791842,37.578405,50,pm25,50,7,22,0.5,13,7.9,13.3,85.5,1006.9,6.7,10.5,
2025-08-21T14:00:00+08:00,Wuhan,30.593099,114.305393,38,pm25,38,15,8.7,2.1,2.8,,35,59,1005,3.6,,
2025-08-21T08:00:00+02:00,Warsaw (Poland),52.225171,21.014783,30,pm25,30,23,17.6,2,0.1,12,14,76,1011,1.5,12.3,10
2025-08-21T16:00:00+09:30,Winnellie (Australia),-12.424323299931126,130.89335024356842,34,pm25,34,14,1.4,1,2.2,12,30.2,35.8,1008.5,8.1,,13
2025-08-21T12:00:00+05:30,Bangalore (India),13.0270199,77.494094,61,pm10,56,61,8.1,1.1,,10,24.5,74,952.2,0.86,,20
2025-08-21T12:00:00+05:30,Chennai (India),13.1278,80.2642,61,pm25,61,56,2.4,0.7,2.9,,29.7,64.09,83151.2,1.91,10.2,23
2025-08-21T00:00:00-04:00,Boston,42.325184,-71.05608,18,o3,16,5,12.1,0.5,3.4,18.4,14.4,82.5,1020.9,,,
2025-08-21T00:00:00-04:00,Georgia,33.68797,-84.29048,30,pm25,30,19,11.1,0.2,3.4,2.4,22.4,62.6,1011.1,1.4,5.4,
2025-08-20T23:00:00-07:00,Phoenix,33.403055555556,-112.07527777778,269,pm10,95,269,4.7,,1.2,37.6,38,25,1009.4,2,9.2,15
2025-08-21T12:00:00+05:30,Hyderabad (India),17.417094,78.457437,124,pm25,124,63,6.6,7.7,4.8,10.7,28,64.225,1012,2.1774999999999998,11.3,21
2025-08-21T15:00:00+09:00,Daegu,35.8714354,128.601445,53,pm25,53,11,8.2,3.2,2.3,41.8,7.1,71,1016,3.9,,
2025-08-21T15:00:00+09:00,Gyeonggi,37.4112,127.2579,87,o3,46,23,10.6,3.3,4.4,86.7,34,52,1009.8,2.5,0.5,23
2025-08-21T14:00:00+09:00,Nagoya,35.1814464,136.906398,76,pm25,76,30,13.9,1.5,2.3,48.1,38.3,44.2,1008.1,2.9,,
2025-08-21T15:00:00+09:00,Fukuoka,33.5903547,130.4017155,63,pm25,63,26,6.5,2.9,3.4,26.4,35,53,1007,5.1,,
2025-08-21T14:00:00+09:00,Kawasaki,35.5309058,139.7030511,83,o3,65,34,13,2.9,4.5,82.7,36,41,1008,6.1,,
2025-08-21T14:00:00+08:00,Shenzhen,22.543099,114.057868,57,pm25,57,25,7.8,4.1,7.3,28.1,32.6,80.2,1011,5,,
2025-08-21T14:00:00+08:00,Zhongshan (Taiwan),25.062361,121.526528,41,o3,74,25,10.7,2.2,2.8,41.2,34,64.5,1010,5.4,7.2,26.5
2025-08-21T14:00:00+08:00,Chongqing,29.56301,106.551557,55,pm25,55,21,3.7,4.1,4.6,53.9,36,47,1003,1.5,,
2025-08-21T09:00:00+03:00,Istanbul (Turkey),41.015278,29.025,38,pm25,38,15,27.4,1.7,14.7,10.9,25.1,74.3,1006.3,0.5,,20.2
2025-08-21T14:00:00+07:00,Hanoi,21.0491,105.8831,73,pm25,73,58,21,10,5,24,27,88,1008,6.1,,25
2025-08-21T14:00:00+07:00,Bangkok,13.7563309,100.5017651,81,pm25,81,49,0.6,0.6,0.1,4.8,34.9,62.4,1006.5,1,,
2025-08-21T16:00:00+09:00,Seoul,37.566535,126.9779692,50,o3,46,21,12,5.5,4,50.3,34,70,1010,5.1,,
2025-08-21T15:00:00+08:00,Beijing,39.954592,116.468117,70,pm25,70,22,3.7,1.1,6.4,40.3,30,79,1002,1.5,,
2025-08-21T15:00:00+09:00,Shinjuku (Tokyo),35.713889,139.705556,65,pm25,65,23,23.2,1.5,2.3,7.3,36.8,45.7,1009.8,,1,
2025-08-21T09:00:00+02:00,Frankfurt,50.075464,8.576305,53,pm25,53,24,,0.5,0.1,24.1,18.5,61,1008,3.3,9.2,11
2025-08-21T08:00:00+02:00,Hamburg,53.564486,9.96834,13,pm10,17,13,12.4,1.6,0.1,10.6,15.5,69.5,1011,0.5,8.2,10
2025-08-21T09:00:00+02:00,Warsaw (Poland),52.225171,21.014783,28,pm25,28,21,15.3,2,0.1,12,16,67,1010,1,12.3,10
2025-08-21T01:00:00-04:00,Georgia,33.68797,-84.29048,33,pm25,33,20,10.2,0.2,3.4,2.4,22.2,62.6,1010.6,2.2,7.2,
2025-08-21T00:00:00-07:00,Phoenix,33.403055555556,-112.07527777778,98,pm10,40,98,4.7,,1.2,33.6,37,28,1009.8,5.1,9.2,16
2025-08-20T23:00:00-06:00,Denver,39.732146,-105.015317,25,pm25,25,12,6.4,0.6,2.6,19.5,26.1111,38.6,1022.8,4,4.3,
2025-08-21T16:00:00+09:00,Gyeonggi,37.4112,127.2579,76,o3,46,24,15,3.5,4,75.7,34,52,1009.8,2.5,0.5,23
2025-08-21T15:00:00+09:00,Nagoya,35.1814464,136.906398,80,pm25,80,30,13.9,2.9,2.3,48.1,39,44.2,1002.4,2.5,,
2025-08-21T16:00:00+09:00,Fukuoka,33.5903547,130.4017155,61,pm25,61,40,7.5,5.8,2.3,23.3,30,66,1008,12.3,,
2025-08-21T15:00:00+09:00,Kawasaki,35.5309058,139.7030511,75,pm10,70,75,13,2.9,4.5,75,36,52,1008,6.6,,
2025-08-21T15:00:00+08:00,Zhongshan (Taiwan),25.062361,121.526528,36,o3,74,28,13.3,2.3,2.9,35.6,33,64.2,1010,3.9,7.2,25.5
2025-08-21T15:00:00+08:00,Chongqing,29.56301,106.551557,64,o3,50,22,4.6,4.1,4.6,63.6,35,46,1002,1.5,,
2025-08-21T10:00:00+03:00,Istanbul (Turkey),41.015278,29.025,39,pm25,39,15,31.9,1.7,14.6,12.5,26.6,62.7,1006.6,1,,18.9
2025-08-21T15:00:00+07:00,Hanoi,21.0491,105.8831,69,pm25,69,56,14,10,4,23,28,83,1007,5.6,,25
2025-08-21T15:00:00+07:00,Bangkok,13.7563309,100.5017651,81,pm25,81,40,0.6,0.6,0.1,4.8,34.4,7.6,1007.1,0.5,,
2025-08-21T14:00:00+05:30,Delhi,28.6341,77.2005,97,pm25,97,52,3.8,1.2,3.4,18.7,31.700000000000003,64.8,986,1.25,9.2,26
2025-08-21T14:00:00+05:30,Mumbai,19.0863,72.8888,15,so2,268,424,1.3,14.9,0.5,11.4,28.5,99.92,1005.6333333333333,43.01333333333333,10.8,25
2025-08-21T17:00:00+09:00,Seoul,37.566535,126.9779692,35,o3,30,16,12.3,5.3,3.7,34.7,33,49,1009.4,5.1,,
2025-08-21T16:00:00+08:00,Beijing,39.954592,116.468117,65,pm25,65,20,3.7,1.1,6.4,42.3,30,84,1002,0.5,,
2025-08-21T15:00:00+08:00,Shanghai,31.2047372,121.4489017,102,o3,99,48,6.4,4.1,6.4,102.1,36,56,1006,5.6,,
2025-08-21T16:00:00+09:00,Shinjuku (Tokyo),35.713889,139.705556,68,pm25,68,26,15.8,4.3,2.3,103.5,35.5,48.3,1010.1,,1,
2025-08-21T17:00:00+09:00,Osaka,34.6937378,135.5021651,30,pm25,30,15,15.8,5.8,0.1,17.6,32,59,1010,5.6,,
2025-08-21T08:00:00+02:00,Paris,48.856614,2.3522219,17,pm10,36,17,12.8,0.6,0.1,16.1,17,79.6,1013.8,6.2,,
2025-08-21T08:00:00+01:00,London,51.5073509,-0.1277583,42,pm25,42,26,12.5,0.6,0.9,18.5,15.2,77,1018.2,5.8,,
2025-08-21T10:00:00+02:00,Frankfurt,50.075464,8.576305,51,pm25,51,24,,0.5,0.1,25.5,20,56,1008,3.3,9.2,11
2025-08-21T10:00:00+02:00,Hamburg,53.564486,9.96834,18,o3,17,13,9.2,1.6,0.1,17.5,17,63,1011,3.3,8.2,10
2025-08-21T16:00:00+08:00,Wuhan,30.593099,114.305393,46,pm25,46,10,8.3,2.1,2.8,,36,53,1004,3.6,,
2025-08-21T10:00:00+02:00,Warsaw (Poland),52.225171,21.014783,31,pm25,31,25,19.6,2,0.1,12,18,52,1010,1.5,12.3,8
2025-08-21T17:00:00+09:30,Winnellie (Australia),-12.424323299931126,130.89335024356842,29,pm25,29,10,1.5,1,2.3,11.7,30.2,38,1008.4,8.19,,14.3
2025-08-21T14:00:00+05:30,Bangalore (India),13.0270199,77.494094,59,pm10,56,59,7.7,1.2,,10,26,66.33333333333333,951.8933333333334,0.8833333333333333,,21
2025-08-21T14:00:00+05:30,Chennai (India),13.1278,80.2642,56,pm10,39,56,2.1,1.1,3.2,,29.8575,64.95,83032.725,1.7025,10.2,24
2025-08-21T02:00:00-04:00,Boston,42.325184,-71.05608,22,o3,15,5,12.1,0.5,4.5,21.6,15,83,1019.8,,,
2025-08-21T02:00:00-04:00,Georgia,33.68797,-84.29048,36,pm25,36,29,10.6,0.2,3.4,2.4,22.2,62.8,1010.5,1.2,5.8,
2025-08-21T01:00:00-07:00,Phoenix,33.403055555556,-112.07527777778,63,pm10,22,63,4.7,,1.2,33.6,36,32,1010.4,4.6,9.2,17
2025-08-21T14:00:00+05:30,Hyderabad (India),17.417094,78.457437,106,pm25,106,61,7.3,7.1,3.1,12.5,29,60.23500000000001,1010.5,2.07,10.2,22
2025-08-21T17:00:00+09:00,Daegu,35.8714354,128.601445,50,o3,38,17,8,3.2,2.2,50.4,7.1,71,1016,3.9,,
2025-08-21T17:00:00+09:00,Gyeonggi,37.4112,127.2579,73,o3,53,28,12.6,3.8,3.8,73.4,33,49,1009.4,4.1,0.5,21
2025-08-21T16:00:00+09:00,Nagoya,35.1814464,136.906398,82,pm25,82,29,14.9,2.9,2.3,58.4,37.2,47,1008.1,4.6,,
2025-08-21T17:00:00+09:00,Fukuoka,33.5903547,130.4017155,50,pm25,50,14,6.5,1.5,2.3,20.8,27,88,1008,4.1,,
2025-08-21T16:00:00+09:00,Kawasaki,35.5309058,139.7030511,67,o3,65,33,26.9,2.9,3.4,67.4,33,55,1008,5.1,,
2025-08-21T16:00:00+08:00,Shenzhen,22.543099,114.057868,61,pm25,61,25,16.5,4.1,6.4,30.1,34.3,76.2,1009.3,5,,
2025-08-21T16:00:00+08:00,Zhongshan (Taiwan),25.062361,121.526528,23,o3,74,22,14.5,1.9,3,23.3,31.3,72.6,1010,3.2,7.2,26
2025-08-21T16:00:00+08:00,Chongqing,29.56301,106.551557,59,pm25,59,33,3.7,3.6,4.6,46.3,33,55,1002,4.6,,
2025-08-21T11:00:00+03:00,Istanbul (Turkey),41.015278,29.025,40,pm25,40,16,31.3,1.6,14.4,14.2,26.6,62.7,1006.6,1,,18.9
2025-08-21T16:00:00+07:00,Hanoi,21.0491,105.8831,63,pm25,63,52,11,10,5,21,27.5,85.5,1007,5.1,,25
2025-08-21T16:00:00+07:00,Bangkok,13.7563309,100.5017651,68,pm25,68,29,0.6,0.6,0.1,4.8,34,60.9,1004.8,2,,
2025-08-21T15:00:00+05:30,Delhi,28.6341,77.2005,87,pm25,87,68,7.3,1.4,4.6,28.6,30.775,66.95,985.825,1.125,9.2,26
2025-08-21T15:00:00+05:30,Mumbai,19.0863,72.8888,15,so2,268,424,1.3,14.8,0.6,11.3,28,99.92,1005.1433333333333,46.42666666666667,10.8,25
2025-08-21T18:00:00+09:00,Seoul,37.566535,126.9779692,25,o3,17,14,13.3,5,3,24.9,32,52,1009.4,3,,
2025-08-21T17:00:00+08:00,Beijing,39.954592,116.468117,57,pm25,57,16,3.7,1.1,6.4,36.6,27,94,1002,1.5,,
2025-08-21T16:00:00+08:00,Shanghai,31.2047372,121.4489017,106,o3,97,47,7.4,4.1,6.4,105.6,35,56,1006,5.6,,
2025-08-21T17:00:00+09:00,Shinjuku (Tokyo),35.713889,139.705556,63,pm25,63,20,9.3,1.5,2.3,7.3,35,51,1010.8,,1,
2025-08-21T18:00:00+09:00,Osaka,34.6937378,135.5021651,21,pm25,21,9,12.1,5.8,0.1,18.4,31,62,1010,4.6,,
2025-08-21T11:00:00+02:00,Frankfurt,50.075464,8.576305,49,pm25,49,24,,0.5,0.1,28.1,21.5,54.5,1008,3,9.2,12
2025-08-21T11:00:00+02:00,Hamburg,53.564486,9.96834,24,o3,17,14,9.2,1.6,0.1,24.4,18,59,1011,5.4,8.2,10
2025-08-21T17:00:00+08:00,Wuhan,30.593099,114.305393,53,pm25,53,16,10.6,2.1,3.7,,36,53,1004,2.5,,
2025-08-21T11:00:00+02:00,Warsaw (Poland),52.225171,21.014783,22,pm25,22,17,14.4,2,0.1,12,19,42,1010,2.5,12.3,6
2025-08-21T18:00:00+09:30,Winnellie (Australia),-12.424323299931126,130.89335024356842,23,pm25,23,9,1.6,1.2,2.6,11,28.7,43,1008.5,6.59,,13
2025-08-21T15:00:00+05:30,Bangalore (India),13.0270199,77.494094,62,pm25,62,56,7.6,2.1,,10.2,27,60.06666666666666,951.69,0.8825000000000001,,20
2025-08-21T15:00:00+05:30,Chennai (India),13.1278,80.2642,54,pm25,54,54,2.2,0.8,1.2,,29.997500000000002,63.38,82981.1,1.33,10.2,25
2025-08-21T03:00:00-04:00,Georgia,33.68797,-84.29048,35,pm25,35,25,9.5,0.2,3.4,2.4,21.6,64,1009.9,2.2,7.7,
2025-08-21T02:00:00-07:00,Phoenix,33.403055555556,-112.07527777778,39,pm25,39,30,4.7,,1.2,36.1,35,34,1010.1,5.1,9.2,17
2025-08-21T15:00:00+05:30,Hyderabad (India),17.417094,78.457437,110,pm25,110,61,8.2,8.5,3.5,11.2,29,59.8125,1010,2.0949999999999998,10.2,21
2025-08-21T17:00:00+09:00,Nagoya,35.1814464,136.906398,72,pm25,72,31,15.8,2.9,2.3,58.4,35.5,53,1008.6,3.9,,
2025-08-21T18:00:00+09:00,Fukuoka,33.5903547,130.4017155,38,pm25,38,18,11.2,1.5,3.4,18.4,28,78,1008,2.5,,
2025-08-21T17:00:00+09:00,Kawasaki,35.5309058,139.7030511,74,pm25,74,33,26.9,1.5,3.4,44.8,34,60,1008,5.1,,
2025-08-21T17:00:00+08:00,Shenzhen,22.543099,114.057868,59,pm25,59,24,14.2,4.6,7.3,32.1,32.7,76.8,1009.4,5.6,,
2025-08-21T17:00:00+08:00,Zhongshan (Taiwan),25.062361,121.526528,26,o3,74,19,15.6,1.6,3.8,26.4,31,74,1009,1.5,7.2,26
2025-08-21T17:00:00+08:00,Chongqing,29.56301,106.551557,61,pm25,61,31,3.2,3.1,4.6,34.6,34,52,1002,3.6,,
2025-08-21T12:00:00+03:00,Istanbul (Turkey),41.015278,29.025,41,pm25,41,17,28.9,1.5,14.3,14.2,26,52,1013,3.6,15.4,15.5
2025-08-21T17:00:00+07:00,Hanoi,21.0491,105.8831,58,pm25,58,49,11,10,9,28,27.5,85.5,1006.5,4.6,,25
2025-08-21T16:00:00+05:30,Delhi,28.6341,77.2005,80,pm25,80,65,7.9,0.8,5.7,25.3,29.4,70.10000000000001,985.625,1,9.2,26
2025-08-21T19:00:00+09:00,Seoul,37.566535,126.9779692,21,pm25,21,11,15.4,4.8,3.3,19,31,58,1009.1,0.5,,
2025-08-21T18:00:00+08:00,Beijing,39.954592,116.468117,55,pm25,55,16,4.6,1.1,7.3,36.2,28,88,1002,5.6,,
2025-08-21T17:00:00+08:00,Shanghai,31.2047372,121.4489017,103,o3,89,40,6.4,1.6,5.5,102.6,34,56,1006,4.6,,
2025-08-21T18:00:00+09:00,Shinjuku (Tokyo),35.713889,139.705556,57,pm25,57,14,11.2,1.5,2.3,7.3,32.4,52,1006.6,3.6,,21.3
2025-08-21T10:00:00+01:00,London,51.5073509,-0.1277583,21,pm25,21,14,12.8,0.6,0.8,18.8,17.2,67.2,1019.4,4.5,,
2025-08-21T12:00:00+02:00,Frankfurt,50.075464,8.576305,43,pm25,43,20,,0.5,0.1,32.8,23.5,48,1008,3,9.2,12
2025-08-21T12:00:00+02:00,Hamburg,53.564486,9.96834,24,o3,13,14,2.8,1.6,0.1,24.4,18.5,61,1011,4.6,8.2,11
2025-08-21T18:00:00+08:00,Wuhan,30.593099,114.305393,50,pm25,50,21,20.6,2.1,2.8,,35,56,1004,2.5,,
2025-08-21T12:00:00+02:00,Warsaw (Poland),52.225171,21.014783,22,pm25,22,17,16.1,2,0.1,12,20,34,1010,2,12.3,4
2025-08-21T05:00:00-04:00,Boston,42.325184,-71.05608,17,pm25,17,6,11.2,0.5,4.5,16.8,15,86.6,1019.7,,,
2025-08-21T04:00:00-04:00,Georgia,33.68797,-84.29048,34,pm25,34,22,10.7,0.2,2.7,2.4,21.4,64.6,1010.3,1.5,1.3,
2025-08-21T03:00:00-07:00,Phoenix,33.403055555556,-112.07527777778,38,o3,22,11,4.7,,1.2,37.6,35,34,1010.4,3.6,9.2,17
2025-08-21T03:00:00-06:00,Denver,39.732146,-105.015317,25,pm25,25,15,8.3,0.6,1.6,17.9,22.7778,46,1022,2,3,
2025-08-21T18:00:00+09:00,Daegu,35.8714354,128.601445,42,pm25,42,17,13.4,2.9,2.9,40.6,7.1,71,1016,3.9,,
2025-08-21T18:00:00+09:00,Gyeonggi,37.4112,127.2579,50,pm25,50,28,16.8,4,4,37.1,31,58,1009.1,0.5,0.5,22
2025-08-21T18:00:00+09:00,Nagoya,35.1814464,136.906398,78,pm25,78,30,15.8,5.8,2.3,46.5,35.2,56,1008.7,2.9,,
2025-08-21T19:00:00+09:00,Fukuoka,33.5903547,130.4017155,50,pm25,50,50,16.7,2.9,3.4,17.6,28,83,1008,2,,
2025-08-21T18:00:00+09:00,Kawasaki,35.5309058,139.7030511,70,pm25,70,30,19.5,1.5,3.4,42.4,33,71,1009,4.8,,
2025-08-21T18:00:00+08:00,Shenzhen,22.543099,114.057868,61,pm25,61,26,13.3,5.6,7.3,32.5,31.3,81.3,1009.4,5.6,,
2025-08-21T18:00:00+08:00,Zhongshan (Taiwan),25.062361,121.526528,29,o3,74,15,21.1,1.3,5.3,28.9,32.5,68,1009.5,1.5,7.2,26
2025-08-21T18:00:00+08:00,Chongqing,29.56301,106.551557,68,pm25,68,30,6.4,2.6,4.6,32.1,33,55,1002,2.5,,
2025-08-21T13:00:00+03:00,Istanbul (Turkey),41.015278,29.025,42,pm25,42,18,28.9,1.5,14.2,18.7,27,50,1013,4.1,15.4,16
2025-08-21T18:00:00+07:00,Hanoi,21.0491,105.8831,63,pm25,63,51,37,10,14,37,27,91,1006,3.6,,25.5
2025-08-21T17:00:00+07:00,Bangkok,13.7563309,100.5017651,55,pm25,55,29,0.6,0.6,0.1,4.8,31.8,60.9,1005.9,3.6,,
2025-08-21T16:00:00+05:30,Mumbai,19.0863,72.8888,15,so2,268,424,1.3,14.8,0.5,11.6,28,99.745,1004.69,43.24,11.3,25
2025-08-21T20:00:00+09:00,Seoul,37.566535,126.9779692,14,o3,13,11,15.7,4.5,3.2,13.8,28,88,1009.4,1.5,,
2025-08-21T19:00:00+08:00,Beijing,39.954592,116.468117,42,pm25,42,11,3.2,1.1,6.4,32.1,24,97,1003,6.1,,
2025-08-21T19:00:00+08:00,Shanghai,31.2047372,121.4489017,91,pm25,91,48,7.4,2.1,5.5,80.6,33,59,1007,3.6,,
2025-08-21T19:00:00+09:00,Shinjuku (Tokyo),35.713889,139.705556,59,pm25,59,19,10.2,1.5,2.3,7.3,30.7,64,1007.1,3,,23.1
2025-08-21T19:00:00+09:00,Osaka,34.6937378,135.5021651,33,pm10,21,33,13,4.3,4.5,15.2,31.1,67,1010,3.7,,
2025-08-21T09:00:00+02:00,Paris,48.856614,2.3522219,45,pm25,45,23,13.9,0.6,0.1,21.6,20,64.8,1014.7,7.1,,
2025-08-21T13:00:00+02:00,Frankfurt,50.075464,8.576305,41,o3,38,20,,0.5,0.1,40.9,25.5,42.5,1008,3.8,9.2,12
2025-08-21T13:00:00+02:00,Hamburg,53.564486,9.96834,27,o3,13,14,2.8,1.6,0.1,26.9,19.5,57.5,1011,5.1,8.2,11
2025-08-21T19:00:00+08:00,Wuhan,30.593099,114.305393,55,pm25,55,20,11.9,2.1,2.8,,33,66,1004,1.5,,
2025-08-21T13:00:00+02:00,Warsaw (Poland),52.225171,21.014783,23,pm25,23,18,15.9,2,0.1,12,21,32,1010,2,12.3,4
2025-08-21T19:00:00+09:30,Winnellie (Australia),-12.424323299931126,130.89335024356842,31,pm25,31,10,2,0.9,2.4,10.5,25.3,49,1009.3,3.125,,14.1
2025-08-21T16:00:00+05:30,Bangalore (India),13.0270199,77.494094,55,pm10,53,55,6.5,0.5,,10.2,28,59.63333333333333,951.5,0.8733333333333334,,21
2025-08-21T16:00:00+05:30,Chennai (India),13.1278,80.2642,66,pm25,66,56,3,0.6,2.5,,30.246666666666666,63.88333333333333,82902.56666666667,2.4966666666666666,10.2,26
2025-08-21T05:00:00-04:00,Georgia,33.68797,-84.29048,33,pm25,33,22,10.1,0.2,2.8,2.4,21.1,65,1010.6,1.5,0.5,
2025-08-21T04:00:00-07:00,Phoenix,33.403055555556,-112.07527777778,33,o3,17,10,4.7,,1.2,32.8,34,36,1010.4,3.6,9.2,17
2025-08-21T16:00:00+05:30,Hyderabad (India),17.417094,78.457437,143,pm25,143,66,7.8,7.8,3.5,12,29,60.3,1009,1.915,10.2,21.5
2025-08-21T04:00:00-06:00,Denver,39.732146,-105.015317,34,pm25,34,22,11.5,0.6,2.6,17.9,21.6667,53,1021.8,2,3.1,
2025-08-21T19:00:00+09:00,Daegu,35.8714354,128.601445,55,pm25,55,21,10.5,3,2.9,35.8,7.1,71,1016,3.9,,
2025-08-21T19:00:00+09:00,Gyeonggi,37.4112,127.2579,30,pm25,30,19,17.2,3.6,4,26,31,58,1009.1,0.5,0.5,22
2025-08-21T19:00:00+09:00,Nagoya,35.1814464,136.906398,72,pm25,72,25,16.7,5.8,3.4,37.6,33.5,46.9,1003.7,2.6,,
2025-08-21T20:00:00+09:00,Fukuoka,33.5903547,130.4017155,53,pm25,53,23,22.3,2.9,6.7,17.6,27,88,1009,2,,
2025-08-21T19:00:00+09:00,Kawasaki,35.5309058,139.7030511,72,pm25,72,65,26.9,2.9,2.3,37.6,32,76,1009.5,4.8,,
2025-08-21T19:00:00+08:00,Shenzhen,22.543099,114.057868,61,pm25,61,32,15.6,4.6,7.3,29.3,30,85.4,1010.2,5.6,,
2025-08-21T19:00:00+08:00,Zhongshan (Taiwan),25.062361,121.526528,28,pm10,74,28,33.9,2,6.9,12.6,29.5,79,1009,2.8,7.2,25.5
2025-08-21T19:00:00+08:00,Chongqing,29.56301,106.551557,59,pm25,59,32,6.9,2.6,4.6,28.5,32,55,1002,1.5,,
2025-08-21T19:00:00+07:00,Hanoi,21.0491,105.8831,67,pm25,67,54,17,10,6,37,27,91,1006,3,,25.5
2025-08-21T19:00:00+07:00,Bangkok,13.7563309,100.5017651,72,pm25,72,35,2.9,0.6,0.1,4.8,31.1,8.6,1005.8,1,,
2025-08-21T18:00:00+05:30,Delhi,28.6341,77.2005,72,pm25,72,44,8.5,1.2,5.5,23.2,28.4,75.5,985.9,0.4,9.2,25
2025-08-21T18:00:00+05:30,Mumbai,19.0863,72.8888,15,so2,268,424,1.3,14.9,0.7,11.6,27.5,99.92,1004.7925,43.3725,11.3,25
2025-08-21T21:00:00+09:00,Seoul,37.566535,126.9779692,13,pm25,13,9,16.1,4.9,3.6,11.8,29,70,1009.8,0.5,,
2025-08-21T20:00:00+08:00,Beijing,39.954592,116.468117,30,pm25,30,10,2.8,1.1,5.5,28.5,24,94,1003,4.6,,
2025-08-21T20:00:00+08:00,Shanghai,31.2047372,121.4489017,107,pm25,107,47,8.7,2.1,6.4,87.7,32,70,1008,3,,
2025-08-21T20:00:00+09:00,Shinjuku (Tokyo),35.713889,139.705556,61,pm25,61,33,26.9,1.5,3.4,36.1,29.7,72.8,1007.6,2,,24.3
2025-08-21T21:00:00+09:00,Osaka,34.6937378,135.5021651,30,pm25,30,19,14.9,7.2,0.1,12.1,29.9,70,1011,2.5,,
2025-08-21T11:00:00+02:00,Paris,48.856614,2.3522219,45,pm25,45,23,15.3,0.6,0.1,34.5,22.1,52.6,1015.2,6.3,,
2025-08-21T11:00:00+01:00,London,51.5073509,-0.1277583,21,pm25,21,14,13.3,1.1,1,19.1,18.5,62,1019.4,4.4,,
2025-08-21T14:00:00+02:00,Frankfurt,50.075464,8.576305,43,o3,35,19,,0.5,0.1,42.6,26,39,1008,4.3,9.2,11
2025-08-21T20:00:00+08:00,Wuhan,30.593099,114.305393,55,pm25,55,20,11,2.1,2.8,,32,70,1005,1.5,,
2025-08-21T14:00:00+02:00,Warsaw (Poland),52.225171,21.014783,24,pm25,24,20,12.8,2,0.1,12,21,32,1009,2,12.3,4
2025-08-21T21:00:00+09:30,Winnellie (Australia),-12.424323299931126,130.89335024356842,23,pm25,23,9,2.2,1.1,2.3,9,23.9,58.7,1010.1,1.995,,15.1
2025-08-21T18:00:00+05:30,Bangalore (India),13.0270199,77.494094,56,pm10,45,56,7.5,2.9,,10.2,26.5,66.6,951.63,0.94,,21
2025-08-21T18:00:00+05:30,Chennai (India),13.1278,80.2642,87,pm25,87,61,2.8,0.2,0.3,,30.23,63.07,82943.6,2.82,10.2,25
2025-08-21T07:00:00-04:00,Boston,42.325184,-71.05608,19,pm25,19,9,11.2,0.6,3.4,8,17.4,82.3,1020.1,,,
2025-08-21T06:00:00-04:00,Georgia,33.68797,-84.29048,33,pm25,33,22,8.6,0.2,3.6,2.4,21.4,65.1,1011.2,0.1,2.8,
2025-08-21T05:00:00-07:00,Phoenix,33.403055555556,-112.07527777778,29,o3,18,13,4.7,,1.2,28.9,34,36,1010.4,1.5,9.2,17
2025-08-21T18:00:00+05:30,Hyderabad (India),17.417094,78.457437,160,pm25,160,68,11.8,9.8,6.8,9.9,28,64.77,1009,1.61,10.2,22
2025-08-21T05:00:00-06:00,Denver,39.732146,-105.015317,38,pm25,38,25,13.3,0.6,5,16.7,20.5556,56,1021.6,1,0.6,
2025-08-21T20:00:00+09:00,Daegu,35.8714354,128.601445,57,pm25,57,16,9.5,3.2,2.9,33.8,7.1,71,1016,3.9,,
2025-08-21T21:00:00+09:00,Gyeonggi,37.4112,127.2579,16,o3,9,14,19.8,3.2,4.9,16.3,29,70,1009.8,0.5,0.5,23
2025-08-21T20:00:00+09:00,Nagoya,35.1814464,136.906398,65,pm25,65,21,10.2,4.3,3.4,27.2,34.4,53,1009.9,2.7,,
2025-08-21T21:00:00+09:00,Fukuoka,33.5903547,130.4017155,55,pm25,55,25,22.3,1.5,4.5,16,27,88,1009,0.5,,
2025-08-21T20:00:00+09:00,Kawasaki,35.5309058,139.7030511,87,pm25,87,47,35.2,2.9,4.5,24.8,31,78,1010,3.8,,
2025-08-21T20:00:00+08:00,Shenzhen,22.543099,114.057868,59,pm25,59,34,22.9,6.1,6.4,24,30,93.2,1010.9,4.6,,
2025-08-21T20:00:00+08:00,Zhongshan (Taiwan),25.062361,121.526528,21,pm10,74,21,27.7,1.8,5.8,13.1,28.5,81,1009.5,3.6,7.2,25
2025-08-21T20:00:00+08:00,Chongqing,29.56301,106.551557,55,pm25,55,28,6.9,2.1,4.6,24.8,32,59,1003,2.5,,
2025-08-21T15:00:00+03:00,Istanbul (Turkey),41.015278,29.025,46,pm25,46,19,15.9,1.6,14.1,24.3,26.7,71.9,1005.8,6.6,,21.2
2025-08-21T20:00:00+07:00,Hanoi,21.0491,105.8831,65,pm25,65,52,15,10,5,23,27,94,1007,2.8,,26
2025-08-21T20:00:00+07:00,Bangkok,13.7563309,100.5017651,61,pm25,61,25,1.2,0.6,0.1,4.8,27.6,8.5,1008.2,1,,
2025-08-21T19:00:00+05:30,Delhi,28.6341,77.2005,76,pm25,76,65,9.7,1.5,6.8,21.2,28,76.6,985.8000000000001,0.475,9.2,26
2025-08-21T19:00:00+05:30,Mumbai,19.0863,72.8888,15,so2,268,424,1.4,14.9,0.8,11.6,28,99.92,1005.29,43.21333333333333,11.3,25
2025-08-21T22:00:00+09:00,Seoul,37.566535,126.9779692,13,pm25,13,9,16.6,4.6,3.9,9.1,28,74,1010.1,1,,
2025-08-21T21:00:00+08:00,Beijing,39.954592,116.468117,30,pm25,30,10,3.2,1.1,5.5,23.6,24,94,1004,1.5,,
2025-08-21T21:00:00+08:00,Shanghai,31.2047372,121.4489017,107,pm25,107,50,8.3,2.1,6.4,87.7,32,70,1008,2.5,,
2025-08-21T21:00:00+09:00,Shinjuku (Tokyo),35.713889,139.705556,70,pm25,70,26,33.4,1.5,3.4,36.1,29.8,69.8,1008.2,2,,23.7
2025-08-21T22:00:00+09:00,Osaka,34.6937378,135.5021651,21,pm25,21,18,15.8,7.2,0.1,10.4,29.9,74,1011,1.5,,
2025-08-21T13:00:00+01:00,London,51.5073509,-0.1277583,30,pm25,30,25,12.8,0.7,0.6,28.5,19,58,1019.8,3.2,,
2025-08-21T15:00:00+02:00,Frankfurt,50.075464,8.576305,42,o3,32,17,,0.5,0.1,41.7,26,39,1008,4.1,9.2,11
2025-08-21T14:00:00+02:00,Hamburg,53.564486,9.96834,13,pm25,13,14,1,1.6,0.1,28.5,19.5,55.5,1012,5.9,8.2,10.5
2025-08-21T21:00:00+08:00,Wuhan,30.593099,114.305393,50,pm25,50,26,27.5,2.6,3.7,,32,70,1006,1.5,,
2025-08-21T15:00:00+02:00,Warsaw (Poland),52.225171,21.014783,23,pm25,23,16,21.2,2,0.1,12,22,33,1009,2,12.3,5
2025-08-21T22:00:00+09:30,Winnellie (Australia),-12.424323299931126,130.89335024356842,39,pm25,39,11,2,1.1,2.7,9.1,23.5,73,1010.6,6.99,,19
2025-08-21T19:00:00+05:30,Bangalore (India),13.0270199,77.494094,56,pm10,45,56,8.2,2.6,,10.3,24.5,69.275,951.6925000000001,0.9075,,21
2025-08-21T19:00:00+05:30,Chennai (India),13.1278,80.2642,82,pm25,82,60,2.6,0.2,0.2,,30.212500000000002,63.55,82970.25,2.7775000000000003,10.2,25
2025-08-21T08:00:00-04:00,Boston,42.325184,-71.05608,19,pm25,19,13,9.3,0.6,3.4,9.6,17.7,82.5,1019.6,,,
2025-08-21T07:00:00-04:00,Georgia,33.68797,-84.29048,32,pm25,32,20,8.9,0.2,4.5,2.4,22.6,63.8,1011.7,1.5,1.8,
2025-08-21T06:00:00-07:00,Phoenix,33.403055555556,-112.07527777778,26,pm25,26,18,4.7,,2.3,24.8,34,36,1010.4,1.5,9.2,17
2025-08-21T19:00:00+05:30,Hyderabad (India),17.417094,78.457437,151,pm25,151,65,11.2,9.5,7.3,8.6,27.5,66.00999999999999,1009.5,1.695,10.2,22
2025-08-21T06:00:00-06:00,Denver,39.732146,-105.015317,55,pm25,55,36,13.3,0.6,6.6,14.7,19.4444,54,1021.9,1,2.5,
2025-08-21T21:00:00+09:00,Daegu,35.8714354,128.601445,34,o3,61,18,9.5,3,2.8,33.8,7.1,71,1016,3.9,,
2025-08-21T21:00:00+09:00,Nagoya,35.1814464,136.906398,61,pm25,61,20,7.5,4.3,2.3,22.4,34,53.5,1009.9,2.9,,
2025-08-21T22:00:00+09:00,Fukuoka,33.5903547,130.4017155,55,pm25,55,30,9.3,1.5,5.6,14.5,27,83,1009,2.5,,
2025-08-21T21:00:00+09:00,Kawasaki,35.5309058,139.7030511,80,pm25,80,36,22.3,2.9,3.4,33.6,30,82,1010,4.8,,
2025-08-21T21:00:00+08:00,Shenzhen,22.543099,114.057868,55,pm25,55,32,20.6,5.1,8.2,19.5,29.8,87,1011.2,3.6,,
2025-08-21T21:00:00+08:00,Zhongshan (Taiwan),25.062361,121.526528,20,pm10,74,20,24.9,1.3,5.6,9.1,28,83,1010,2.5,7.2,25
2025-08-21T21:00:00+08:00,Chongqing,29.56301,106.551557,63,pm25,63,27,8.3,2.1,4.6,22.4,32,55,1004,1.5,,
2025-08-21T16:00:00+03:00,Istanbul (Turkey),41.015278,29.025,47,pm25,47,20,11.7,1.6,13.9,26.6,28.5,39.5,1012,3.8,15.4,13.5
2025-08-21T21:00:00+07:00,Hanoi,21.0491,105.8831,62,pm25,62,51,13,10,5,21,27,94,1009,3,,26
2025-08-21T21:00:00+07:00,Bangkok,13.7563309,100.5017651,63,pm25,63,30,1.8,0.6,0.1,4.8,27.6,8.5,1008.2,1,,
2025-08-21T20:00:00+05:30,Delhi,28.6341,77.2005,76,pm25,76,49,9.5,2,8.4,15.4,25.85,80.6,985.575,0.5333333333333333,9.2,26
2025-08-21T20:00:00+05:30,Mumbai,19.0863,72.8888,15,so2,268,424,1.4,14.9,0.8,11.3,27,99.92,1006.1999999999999,43.60333333333333,11.3,25
2025-08-21T23:00:00+09:00,Seoul,37.566535,126.9779692,17,pm25,17,10,16.3,4.5,3.9,8.6,28,74,1010.1,0.5,,
2025-08-21T22:00:00+08:00,Beijing,39.954592,116.468117,30,pm25,30,10,5.5,1.1,6.4,18.3,25,83,1004,1.5,,
2025-08-21T22:00:00+08:00,Shanghai,31.2047372,121.4489017,93,pm25,93,46,9.2,2.1,5.5,70.8,31,74,1008,2.5,,
2025-08-21T22:00:00+09:00,Shinjuku (Tokyo),35.713889,139.705556,63,pm25,63,31,22.3,1.5,3.4,36.1,29.2,73.2,1008.4,1.5,,23.9
2025-08-21T23:00:00+09:00,Osaka,34.6937378,135.5021651,21,pm25,21,14,13,7.2,0.1,11.2,29.6,74,1011,2,,
2025-08-21T12:00:00+02:00,Paris,48.856614,2.3522219,56,pm25,56,19,10.7,0.6,0.1,34.6,22.8,45.2,1015.3,6.2,,
2025-08-21T14:00:00+01:00,London,51.5073509,-0.1277583,38,pm25,38,29,11.5,0.7,0.8,29.2,19.7,53.1,1020,3.5,,
2025-08-21T16:00:00+02:00,Frankfurt,50.075464,8.576305,41,o3,29,16,,0.5,0.1,41.1,26.5,34,1008,4.6,9.2,9.5
2025-08-21T16:00:00+02:00,Hamburg,53.564486,9.96834,29,o3,13,14,1,1.6,0.1,29.3,19,55,1012,6.9,8.2,10
2025-08-21T22:00:00+08:00,Wuhan,30.593099,114.305393,50,pm25,50,24,15.1,2.1,2.8,,31,84,1007,0.5,,
2025-08-21T16:00:00+02:00,Warsaw (Poland),52.225171,21.014783,27,pm25,27,19,28,2,0.1,12,22,33,1008,1,12.3,5
2025-08-21T23:00:00+09:30,Winnellie (Australia),-12.424323299931126,130.89335024356842,26,pm25,26,8,1.7,1.1,2.9,9.7,23.5,78.6,1010.6,3.89,,19
2025-08-21T20:00:00+05:30,Bangalore (India),13.0270199,77.494094,62,pm25,62,61,7.3,3.2,,10.2,24,75.57499999999999,951.8425,0.885,,21
2025-08-21T20:00:00+05:30,Chennai (India),13.1278,80.2642,75,pm25,75,53,2.8,0.1,0.8,,30.0375,65.23750000000001,83023.575,3.1199999999999997,10.2,25.5
2025-08-21T09:00:00-04:00,Boston,42.325184,-71.05608,19,pm25,19,12,5.6,0.6,2.3,16,18.3,79.3,1019.2,,,
2025-08-21T08:00:00-04:00,Georgia,33.68797,-84.29048,29,pm25,29,16,9.2,0.2,3.4,4,25.3,58.7,1013,0.1,2.8,
2025-08-21T07:00:00-07:00,Phoenix,33.403055555556,-112.07527777778,24,o3,23,20,4.7,,2.3,24.1,34,38,1011.5,2.5,9.2,18
2025-08-21T20:00:00+05:30,Hyderabad (India),17.417094,78.457437,116,pm25,116,63,11.3,9.2,7.5,8.7,27,68.6325,1010.5,1.5899999999999999,10.2,22
2025-08-21T07:00:00-06:00,Denver,39.732146,-105.015317,50,pm25,50,33,15.6,0.6,7.8,9.4,21.1111,48.3,1022.3,1,3,
2025-08-21T23:00:00+09:00,Daegu,35.8714354,128.601445,57,pm25,57,18,10.2,3,2.8,26.4,7.1,71,1016,3.9,,
2025-08-21T23:00:00+09:00,Gyeonggi,37.4112,127.2579,25,pm25,25,18,15.8,3,4.3,10.1,28,74,1010.1,0.5,0.5,23
2025-08-21T22:00:00+09:00,Nagoya,35.1814464,136.906398,61,pm25,61,22,9.3,2.9,3.4,20.8,33.3,58,1010,2.5,,
2025-08-21T23:00:00+09:00,Fukuoka,33.5903547,130.4017155,50,pm25,50,27,9.3,1.5,4.5,12.8,27,83,1009,2,,
2025-08-21T22:00:00+09:00,Kawasaki,35.5309058,139.7030511,72,pm25,72,34,23.2,2.9,3.4,34.4,29,80,1010.5,4.3,,
2025-08-21T22:00:00+08:00,Shenzhen,22.543099,114.057868,50,pm25,50,32,19.2,4.6,8.2,15.1,29.4,94.8,1011.9,3.6,,
2025-08-21T22:00:00+08:00,Zhongshan (Taiwan),25.062361,121.526528,16,pm10,74,16,16.3,1.2,4,14.7,28,83,1011,2.5,7.2,25
2025-08-21T22:00:00+08:00,Chongqing,29.56301,106.551557,63,pm25,63,26,8.3,2.1,4.6,19.1,31,58,1005,0.5,,
2025-08-21T17:00:00+03:00,Istanbul (Turkey),41.015278,29.025,47,pm25,47,20,11.9,1.7,13.7,28.2,29.5,37,1011,2.8,15.4,13.5
2025-08-21T22:00:00+07:00,Hanoi,21.0491,105.8831,61,pm25,61,49,13,10,6,14,27,94,1009,3,,26
2025-08-21T22:00:00+07:00,Bangkok,13.7563309,100.5017651,52,pm25,52,28,0.6,0.6,0.1,4.8,27.9,92.1,1008.5,1.5,,
2025-08-21T21:00:00+05:30,Delhi,28.6341,77.2005,78,pm25,78,26,7.4,1.7,8.9,17.5,24.049999999999997,85.95,985.65,0.32499999999999996,9.2,25
2025-08-22T00:00:00+09:00,Seoul,37.566535,126.9779692,17,pm25,17,10,15.4,4.3,3.8,6.5,28,100,1010.1,0.5,,
2025-08-21T23:00:00+08:00,Shanghai,31.2047372,121.4489017,93,pm25,93,45,11,2.1,5.5,55.2,31,70,1008,2.5,,
2025-08-21T23:00:00+09:00,Shinjuku (Tokyo),35.713889,139.705556,68,pm25,68,30,22.3,1.5,4.5,36.1,28.5,78,1008.2,2,,24.3
2025-08-22T00:00:00+09:00,Osaka,34.6937378,135.5021651,31,pm10,30,31,11.2,5.8,0.1,11.2,29.6,76,1011,2,,
2025-08-21T13:00:00+02:00,Paris,48.856614,2.3522219,37,pm25,37,21,15.3,0.6,0.1,35.7,22.7,44.3,1015.7,8,,
2025-08-21T17:00:00+02:00,Frankfurt,50.075464,8.576305,40,o3,30,17,,0.5,0.1,40,26.5,33,1008,5.4,9.2,9
2025-08-21T17:00:00+02:00,Hamburg,53.564486,9.96834,29,o3,13,14,1,1.6,0.1,29.3,18,52,1012,5.9,8.2,8
2025-08-22T00:00:00+09:30,Winnellie (Australia),-12.424323299931126,130.89335024356842,34,pm25,34,10,1.6,1,2.8,10,22.9,82,1010.5,2.8,,19.5
2025-08-21T09:00:00-04:00,Georgia,33.68797,-84.29048,30,pm25,30,16,8.9,0.2,3.3,11.2,27,54.5,1013.6,0.1,1.8,
2025-08-21T08:00:00-07:00,Phoenix,33.403055555556,-112.07527777778,28,pm10,16,28,4.7,,2.3,25.6,36,34,1011.8,3.6,9.2,18
2025-08-21T08:00:00-06:00,Denver,39.732146,-105.015317,38,pm25,38,32,10.1,0.6,4.3,9,23.3333,40,1022.2,1,3,
2025-08-21T23:00:00+09:00,Nagoya,35.1814464,136.906398,61,pm25,61,23,10.2,2.9,3.4,20.8,33.3,58,1009.9,3.1,,
2025-08-22T00:00:00+09:00,Fukuoka,33.5903547,130.4017155,38,pm25,38,18,9.3,1.5,4.5,8,27.9,85.5,1009,1.9,,
2025-08-21T23:00:00+09:00,Kawasaki,35.5309058,139.7030511,61,pm25,61,41,27.8,2.9,3.4,33.6,30,85,1010,3,,
2025-08-21T23:00:00+08:00,Zhongshan (Taiwan),25.062361,121.526528,14,o3,74,13,9.9,0.9,2.8,13.7,28,80.5,1011,1.5,7.2,24.5
2025-08-21T23:00:00+08:00,Chongqing,29.56301,106.551557,57,pm25,57,26,10.1,2.1,4.6,15.9,31,58,1005,0.5,,
2025-08-21T18:00:00+03:00,Istanbul (Turkey),41.015278,29.025,47,pm25,47,20,16.7,1.7,13.4,27.5,31,23.5,1011,5.1,15.4,8
2025-08-21T23:00:00+07:00,Hanoi,21.0491,105.8831,59,pm25,59,49,10,10,5,13,27,94,1009.5,2.5,,26
2025-08-21T23:00:00+07:00,Bangkok,13.7563309,100.5017651,42,pm25,42,12,0.6,0.6,0.1,4.8,27.3,92.1,1010.4,0.5,,
2025-08-21T22:00:00+05:30,Delhi,28.6341,77.2005,78,pm25,78,47,7,1,8.2,12.5,23.25,88.85,985.875,0.3,9.2,26
2025-08-21T22:00:00+05:30,Mumbai,19.0863,72.8888,15,so2,268,424,1.5,14.8,1,11.6,28,99.92,1007.6700000000001,43.925,9.7,25
2025-08-22T01:00:00+09:00,Seoul,37.566535,126.9779692,21,pm25,21,10,14.8,4.3,3.7,6.6,27,100,1010.4,0.5,,
2025-08-22T00:00:00+08:00,Beijing,39.954592,116.468117,34,pm25,34,12,7.8,1.1,7.3,11.4,24,88,1005,1.5,,
2025-08-22T00:00:00+08:00,Shanghai,31.2047372,121.4489017,89,pm25,89,44,9.6,2.1,5.5,45.5,31,74,1008,2.5,,
2025-08-22T00:00:00+09:00,Shinjuku (Tokyo),35.713889,139.705556,68,pm25,68,26,22.3,1.5,5.6,36.1,31.1,71,1011.7,,0.2,
2025-08-21T16:00:00+02:00,Paris,48.856614,2.3522219,36,o3,56,22,10,0.6,0.1,35.6,23.3,40,1015.8,5.7,,
2025-08-21T16:00:00+01:00,London,51.5073509,-0.1277583,38,pm25,38,29,9.6,0.5,1,26.1,20.7,46.2,1020.1,4.7,,
2025-08-21T18:00:00+02:00,Frankfurt,50.075464,8.576305,39,o3,29,15,,0.5,0.1,39,27,32,1008,5.1,9.2,9
2025-08-21T18:00:00+02:00,Hamburg,53.564486,9.96834,29,o3,13,13,1,1.6,0.1,28.5,17,59,1012,6.1,8.2,9
2025-08-22T00:00:00+08:00,Wuhan,30.593099,114.305393,53,pm25,53,23,9.6,2.1,2.8,,31,79,1007,1.5,,
2025-08-21T18:00:00+02:00,Warsaw (Poland),52.225171,21.014783,22,pm25,22,14,24.7,2,0.1,12,22,33,1008,1.5,12.3,5
2025-08-22T02:00:00+09:30,Winnellie (Australia),-12.424323299931126,130.89335024356842,36,pm25,36,11,2,1,3.2,11,22.1,88,1010.1,4.2,,19.8
2025-08-21T22:00:00+05:30,Bangalore (India),13.0270199,77.494094,68,pm10,45,68,6.6,1,,10.2,22,83.7,952.1675,0.9324999999999999,,20
2025-08-21T22:00:00+05:30,Chennai (India),13.1278,80.2642,73,pm25,73,45,3.2,1.3,5,,29.947499999999998,65.39750000000001,83115.4,2.5525,10.2,26
2025-08-21T11:00:00-04:00,Boston,42.325184,-71.05608,20,o3,19,12,2.8,0.6,2.3,20,18.3,78,1019.2,,,
2025-08-21T10:00:00-04:00,Georgia,33.68797,-84.29048,32,pm25,32,13,7.6,0.2,10.3,19.2,30,47.7,1012.5,0.2,2.6,
2025-08-21T09:00:00-07:00,Phoenix,33.403055555556,-112.07527777778,31,o3,19,21,4.7,,2.3,31.2,38,29,1011.8,2.5,9.2,17
2025-08-21T22:00:00+05:30,Hyderabad (India),17.417094,78.457437,160,pm25,160,74,8.7,6.4,4.8,10.8,26,76.2075,1012,1.3499999999999999,10.2,22
2025-08-21T09:00:00-06:00,Denver,39.732146,-105.015317,43,pm10,42,43,10.6,0.6,3.5,10.6,26.1111,35.3,1022.2,1,4.6,
2025-08-22T00:00:00+09:00,Daegu,35.8714354,128.601445,50,pm25,50,16,9.1,2.9,2.7,21.2,7.1,71,1016,3.9,,
2025-08-22T00:00:00+09:00,Gyeonggi,37.4112,127.2579,34,pm25,34,22,15.4,2.6,4.3,4.5,27,83,1010.4,0.5,0.5,24
2025-08-22T00:00:00+09:00,Nagoya,35.1814464,136.906398,65,pm25,65,24,8.4,1.5,2.3,20.8,32.2,63.2,1009.7,3.4,,
2025-08-22T01:00:00+09:00,Fukuoka,33.5903547,130.4017155,46,pm25,46,18,8.4,1.5,3.4,6.4,26,88,1009,1.8,,
2025-08-22T00:00:00+09:00,Kawasaki,35.5309058,139.7030511,70,pm25,70,41,36.2,1.5,3.4,25.6,28,78,1010,2.5,,
2025-08-22T00:00:00+08:00,Shenzhen,22.543099,114.057868,76,pm25,76,36,17,4.1,6.4,7.8,29.4,83,1011,3.6,,
2025-08-22T00:00:00+08:00,Zhongshan (Taiwan),25.062361,121.526528,12,pm10,74,12,9.1,1,2.6,11.9,28,74,1011,2,7.2,23
2025-08-22T00:00:00+08:00,Chongqing,29.56301,106.551557,59,pm25,59,31,13.8,2.1,4.6,11.8,30,66,1005,1.5,,
2025-08-21T19:00:00+03:00,Istanbul (Turkey),41.015278,29.025,47,pm25,47,20,16.5,1.5,13.4,27.8,30,28,1011,5.9,15.4,10
2025-08-22T00:00:00+07:00,Hanoi,21.0491,105.8831,57,pm25,57,47,8,9,3,17,27,94,1009,2.5,,26
2025-08-21T23:00:00+05:30,Delhi,28.6341,77.2005,85,pm25,85,47,6.3,0.7,7.7,16.2,22.799999999999997,90.55000000000001,985.8,0.3,9.2,26
2025-08-21T23:00:00+05:30,Mumbai,19.0863,72.8888,15,so2,268,424,1.5,14.9,1,11.6,28,99.92,1007.9033333333333,43.916666666666664,9.7,25
2025-08-22T02:00:00+09:00,Seoul,37.566535,126.9779692,21,pm25,21,10,13.6,4.5,3.6,6.8,27.3,74.6,999.4,1.5,,
2025-08-22T01:00:00+08:00,Beijing,39.954592,116.468117,30,pm25,30,11,8.7,1.1,6.4,8.2,23,100,1004,0.5,,
2025-08-22T01:00:00+08:00,Shanghai,31.2047372,121.4489017,93,pm25,93,47,10.6,2.1,5.5,42.3,30,79,1007,2.5,,
2025-08-22T01:00:00+09:00,Shinjuku (Tokyo),35.713889,139.705556,26,pm10,1,26,20.4,1.5,4.5,36.1,30.6,71.5,1011.8,,0.2,
2025-08-22T02:00:00+09:00,Osaka,34.6937378,135.5021651,31,pm10,21,31,10.2,5.8,0.1,11.2,29,70,1010,2,,
2025-08-21T17:00:00+02:00,Paris,48.856614,2.3522219,36,o3,32,22,9.7,0.6,0.1,35.5,22.7,41,1016.1,6.5,,
2025-08-21T19:00:00+02:00,Frankfurt,50.075464,8.576305,38,o3,29,17,,0.5,0.1,38.1,26,32.5,1009,5.6,9.2,8.5
2025-08-21T19:00:00+02:00,Hamburg,53.564486,9.96834,27,o3,13,13,1,1.6,0.1,27.3,17,59,1012,5.4,8.2,9
2025-08-22T01:00:00+08:00,Wuhan,30.593099,114.305393,46,pm25,46,20,11.5,3.1,3.7,,31,79,1006,2.5,,
2025-08-21T19:00:00+02:00,Warsaw (Poland),52.225171,21.014783,25,pm25,25,20,28.7,2,0.1,12,21,35,1008,1,12.3,5
2025-08-21T23:00:00+05:30,Bangalore (India),13.0270199,77.494094,77,pm25,77,70,8.6,2.1,,10.1,22.5,91.125,952.3075000000001,0.9324999999999999,,20
2025-08-21T23:00:00+05:30,Chennai (India),13.1278,80.2642,72,pm25,72,51,3,0.8,5.3,,29.947499999999998,63.695,83179.525,2.7925,10.2,25
2025-08-21T12:00:00-04:00,Boston,42.325184,-71.05608,19,o3,19,10,2.8,0.6,2.3,19.2,18.7,77.6,1018.5,,,
2025-08-21T11:00:00-04:00,Georgia,33.68797,-84.29048,35,pm25,35,15,6.3,0.3,6.7,31.2,31.3,45.7,1011.7,0.3,2.7,
2025-08-21T10:00:00-07:00,Phoenix,33.403055555556,-112.07527777778,40,o3,32,20,4.7,,1.2,40,40,26,1011.5,4.1,9.2,17
2025-08-21T10:00:00-06:00,Denver,39.732146,-105.015317,55,pm10,46,55,16.5,0.6,4.8,10.6,28.3333,34,1022.3,3,8,
2025-08-22T02:00:00+09:00,Daegu,35.8714354,128.601445,57,pm25,57,22,7.5,2.9,2.6,21.3,7.1,71,1016,3.9,,
2025-08-22T02:00:00+09:00,Gyeonggi,37.4112,127.2579,38,pm25,38,23,16.3,2.8,4.3,2.5,26,88,1010.4,0.5,0.5,24
2025-08-22T01:00:00+09:00,Nagoya,35.1814464,136.906398,61,pm25,61,23,7.5,2.9,2.3,18.4,32.2,60,1009.7,2.8,,
2025-08-22T02:00:00+09:00,Fukuoka,33.5903547,130.4017155,34,pm25,34,16,9.3,1.5,2.3,5.6,26,83,1008,2.5,,
2025-08-22T01:00:00+09:00,Kawasaki,35.5309058,139.7030511,63,pm25,63,35,36.2,1.5,5.6,10.4,29,84,1010,2.3,,
2025-08-22T01:00:00+08:00,Shenzhen,22.543099,114.057868,80,pm25,80,39,17.9,4.1,9.1,8.2,29,83,1010.2,2,,
2025-08-22T01:00:00+08:00,Zhongshan (Taiwan),25.062361,121.526528,12,o3,74,11,9.1,0.9,2.6,11.5,27,78,1011,0.5,7.2,23
2025-08-22T01:00:00+08:00,Chongqing,29.56301,106.551557,65,pm25,65,30,11,2.1,4.6,13,30,66,1004,2.5,,
2025-08-21T20:00:00+03:00,Istanbul (Turkey),41.015278,29.025,46,pm25,46,21,10.9,1.5,13.5,27.9,24.2,80.8,1004.7,4.1,,20.7
2025-08-22T01:00:00+07:00,Hanoi,21.0491,105.8831,49,pm25,49,38,5,9,2,20,27.5,94,1009,3.6,,26.5
2025-08-22T01:00:00+07:00,Bangkok,13.7563309,100.5017651,60,pm25,60,13,0.6,0.6,0.1,4.8,25.9,94.2,1008.6,2,,
2025-08-22T00:00:00+05:30,Delhi,28.6341,77.2005,72,pm25,72,53,4.8,1,10.4,5.6,22.6,91.7,985.55,0.3,9.2,26
2025-08-22T00:00:00+05:30,Mumbai,19.0863,72.8888,15,so2,268,424,1.4,14.9,0.9,11.6,28,99.92,1007.9799999999999,43.470000000000006,8.7,25
2025-08-22T03:00:00+09:00,Seoul,37.566535,126.9779692,21,pm25,21,13,12.1,4.6,3.7,7.3,26.7,78.7,999.1,1,,
2025-08-22T02:00:00+08:00,Beijing,39.954592,116.468117,25,pm25,25,10,14.2,1.1,6.4,2.9,24,94,1004,1.5,,
2025-08-22T02:00:00+08:00,Shanghai,31.2047372,121.4489017,95,pm25,95,41,11,2.1,5.5,37,30,79,1007,1.5,,
2025-08-22T02:00:00+09:00,Shinjuku (Tokyo),35.713889,139.705556,68,pm25,68,34,19.5,1.5,4.5,36.1,30.2,73,1011.7,,0.2,
2025-08-22T03:00:00+09:00,Osaka,34.6937378,135.5021651,17,pm25,17,9,10.2,1.5,0.1,10.4,27,78,1010,2.5,,
2025-08-21T18:00:00+01:00,London,51.5073509,-0.1277583,24,o3,17,13,11.9,0.7,1.1,24,17.4,53.8,1021.1,2.6,,
2025-08-21T20:00:00+02:00,Frankfurt,50.075464,8.576305,35,o3,29,20,,0.5,0.1,35.4,24.5,38.5,1009,6.4,9.2,9.5
2025-08-21T20:00:00+02:00,Hamburg,53.564486,9.96834,27,o3,13,12,1,1.6,0.1,26.9,16.5,65,1012,4.6,8.2,10
2025-08-22T02:00:00+08:00,Wuhan,30.593099,114.305393,50,pm25,50,15,25.6,3.1,5.5,,29,88,1006,0.5,,
2025-08-21T20:00:00+02:00,Warsaw (Poland),52.225171,21.014783,25,pm25,25,16,33.7,2,0.1,12,18,45,1008,1,12.3,6
2025-08-22T03:00:00+09:30,Winnellie (Australia),-12.424323299931126,130.89335024356842,53,pm25,53,18,1.8,1,2.9,11,21.4,87.19999999999999,1009.2,4.295,,19.3
2025-08-22T00:00:00+05:30,Bangalore (India),13.0270199,77.494094,71,pm10,66,71,7.3,1.2,,10.1,22,93.67500000000001,952.2875,0.97,,20
2025-08-22T00:00:00+05:30,Chennai (India),13.1278,80.2642,61,pm25,61,43,2.5,0.5,2.6,,30.065,65.36,83159.55,2.535,10.2,26
2025-08-21T13:00:00-04:00,Boston,42.325184,-71.05608,20,pm25,20,10,3.8,0.5,2.3,19.2,18.8,76,1018.1,,,
2025-08-21T12:00:00-04:00,Georgia,33.68797,-84.29048,46,o3,38,17,4.7,0.5,3.5,45.6,32.2,44.8,1010.8,0.2,3.2,
2025-08-21T11:00:00-07:00,Phoenix,33.403055555556,-112.07527777778,48,o3,18,16,4.7,,1.2,48.1,41,23,1011.1,3,9.2,16
2025-08-22T00:00:00+05:30,Hyderabad (India),17.417094,78.457437,156,pm25,156,76,6.9,5.7,2.7,11.6,26,80.9675,1012,1.5574999999999999,10.2,22
2025-08-21T11:00:00-06:00,Denver,39.732146,-105.015317,46,pm10,38,46,13.8,1.1,3.7,15.9,29.4444,32,1022.4,6,11.5,
2025-08-22T03:00:00+09:00,Daegu,35.8714354,128.601445,57,pm25,57,26,7.9,2.9,2.8,21.3,7.1,71,1016,3.9,,
2025-08-22T03:00:00+09:00,Gyeonggi,37.4112,127.2579,46,pm25,46,20,16.5,2.8,4.4,2.5,25,94,1010.1,1.5,0.5,24
2025-08-22T02:00:00+09:00,Nagoya,35.1814464,136.906398,59,pm25,59,21,8.4,1.5,2.3,18.4,31.1,66,1009.3,2.3,,
2025-08-22T03:00:00+09:00,Fukuoka,33.5903547,130.4017155,30,pm25,30,13,8.4,1.5,3.4,6.4,25,88,1008,2.5,,
2025-08-22T02:00:00+09:00,Kawasaki,35.5309058,139.7030511,63,pm25,63,31,40.8,2.9,5.6,4.8,29,85.5,1010,2.3,,
2025-08-22T02:00:00+08:00,Shenzhen,22.543099,114.057868,76,pm25,76,48,18.8,4.6,9.1,7.4,28.7,95.9,1010,2.5,,
2025-08-22T02:00:00+08:00,Zhongshan (Taiwan),25.062361,121.526528,12,o3,74,10,6.4,0.8,2.3,12.1,27,78,1011,1.5,7.2,23
2025-08-22T02:00:00+08:00,Chongqing,29.56301,106.551557,70,pm25,70,29,6.9,2.6,4.6,16.3,28,74,1005,1.5,,
2025-08-21T21:00:00+03:00,Istanbul (Turkey),41.015278,29.025,47,pm25,47,21,10.9,1.5,13.5,26.9,23.9,77.9,1005.2,4.6,,19.8
2025-08-22T02:00:00+07:00,Hanoi,21.0491,105.8831,39,pm25,39,30,5,9,1,19,27,94,1008.5,3.6,,26
2025-08-22T02:00:00+07:00,Bangkok,13.7563309,100.5017651,45,pm25,45,18,0.6,0.6,0.1,4.8,25.9,96.4,1008.6,2,,
2025-08-22T04:00:00+09:00,Seoul,37.566535,126.9779692,13,pm25,13,13,12.6,4.8,3.7,6.1,26.7,78.7,999.1,1,,
2025-08-22T03:00:00+08:00,Beijing,39.954592,116.468117,25,pm25,25,10,12.8,1.1,6.4,2.9,24,94,1005,0.5,,
2025-08-22T03:00:00+09:00,Shinjuku (Tokyo),35.713889,139.705556,65,pm25,65,31,10.2,1.5,2.3,36.1,28.3,78,1007.7,2,,24.1
2025-08-22T04:00:00+09:00,Osaka,34.6937378,135.5021651,21,pm25,21,19,10.2,2.9,0.1,11.2,28.8,78,1010,2,,
2025-08-21T18:00:00+02:00,Paris,48.856614,2.3522219,36,o3,28,24,11,0.6,0.1,35.6,22.5,42.8,1016.7,4.5,,
2025-08-21T21:00:00+02:00,Frankfurt,50.075464,8.576305,34,o3,25,17,,0.5,0.1,33.9,24,39.5,1010.5,5.6,11.8,9.5
2025-08-21T21:00:00+02:00,Hamburg,53.564486,9.96834,25,o3,13,12,2.3,1.6,0.1,24.8,14.5,74,1013,3.3,8.2,10
2025-08-21T21:00:00+02:00,Warsaw (Poland),52.225171,21.014783,29,pm25,29,21,29.4,2,0.1,12,17,48,1008,2,12.3,6
2025-08-22T04:00:00+09:30,Winnellie (Australia),-12.424323299931126,130.89335024356842,45,pm25,45,13,2.1,1,3,9.9,21.4,88.6,1009.2,3,,19.3
2025-08-21T13:00:00-04:00,Georgia,33.68797,-84.29048,51,o3,38,17,2.8,0.3,3.6,50.7,32.2,45.5,1010.1,1,7,
2025-08-21T12:00:00-07:00,Phoenix,33.403055555556,-112.07527777778,57,o3,16,17,4.7,,1.2,57.1,42,20,1010.1,2.5,9.2,15
2025-08-21T12:00:00-06:00,Denver,39.732146,-105.015317,30,pm25,30,29,11,0.6,4.2,22.8,30.5556,27.5,1022,5,9,
2025-08-22T03:00:00+09:00,Nagoya,35.1814464,136.906398,61,pm25,61,25,13,2.9,2.3,15.2,28.9,70.1,1003.8,1.5,,
2025-08-22T04:00:00+09:00,Fukuoka,33.5903547,130.4017155,25,pm25,25,12,7.5,1.5,2.3,5.6,25,88,1008,2,,
2025-08-22T03:00:00+09:00,Kawasaki,35.5309058,139.7030511,65,pm25,65,31,35.2,4.3,4.5,2.4,29,88,1010,2.3,,
2025-08-22T03:00:00+08:00,Zhongshan (Taiwan),25.062361,121.526528,11,o3,74,10,6,0.6,2.2,11.4,27,78,1011,1.5,7.2,23
2025-08-22T03:00:00+07:00,Hanoi,21.0491,105.8831,34,pm25,34,25,4,9,1,19,27,94,1008,2.5,,26
2025-08-22T03:00:00+07:00,Bangkok,13.7563309,100.5017651,19,pm25,19,13,0.6,0.6,0.1,4.8,25,94,1009.2,3,,
2025-08-22T02:00:00+05:30,Delhi,28.6341,77.2005,107,pm25,107,57,5.5,1.6,12.5,14,22.275,93.07499999999999,985.975,0.3,9.2,26
2025-08-22T01:00:00+05:30,Mumbai,19.0863,72.8888,15,so2,268,424,1.4,14.9,0.8,11.7,27,99.92,1006.775,43.265,8.7,25
2025-08-22T05:00:00+09:00,Seoul,37.566535,126.9779692,21,pm25,21,11,12.8,4.8,3.5,6.4,26.3,80.6,999.2,0.5,,
2025-08-22T04:00:00+08:00,Beijing,39.954592,116.468117,30,pm25,30,11,11,1.6,6.4,2.9,24,94,1005,1.5,,
2025-08-22T04:00:00+08:00,Shanghai,31.2047372,121.4489017,80,pm25,80,41,10.6,2.1,6.4,24.4,30,84,1007,1.5,,
2025-08-22T04:00:00+09:00,Shinjuku (Tokyo),35.713889,139.705556,63,pm25,63,22,9.3,1.5,2.3,36.1,28.3,78,1007.7,2,,24.1
2025-08-22T05:00:00+09:00,Osaka,34.6937378,135.5021651,30,pm25,30,10,13,4.3,0.1,9.6,28.9,83,1011,2.5,,
2025-08-21T19:00:00+01:00,London,51.5073509,-0.1277583,24,o3,17,13,7.8,0.6,1,23.9,16,58.5,1021.6,2.5,,
2025-08-21T22:00:00+02:00,Frankfurt,50.075464,8.576305,33,o3,21,15,,0.5,0.1,32.8,22.5,41.5,1011.5,4.8,11.8,9
2025-08-21T22:00:00+02:00,Hamburg,53.564486,9.96834,24,o3,13,12,2.3,1.6,0.1,24.4,14,76,1013,3,8.2,10
2025-08-22T03:00:00+08:00,Wuhan,30.593099,114.305393,46,pm25,46,14,12.8,2.6,4.6,,31,74,1006,2.5,,
2025-08-22T01:00:00+05:30,Bangalore (India),13.0270199,77.494094,96,pm25,96,67,6.8,1.1,,10.1,22,93.7,952.0766666666667,0.98,,20
2025-08-22T01:00:00+05:30,Chennai (India),13.1278,80.2642,60,pm25,60,42,2.6,0.7,0.4,,29.95,65.14,83082.40000000001,1.7599999999999998,10.2,26
2025-08-21T15:00:00-04:00,Boston,42.325184,-71.05608,22,o3,18,9,1.9,0.6,2.3,21.6,19.4,70.5,1017.2,,,
2025-08-21T14:00:00-04:00,Georgia,33.68797,-84.29048,56,o3,38,15,2,0.2,2.3,55.8,32.8,43,1010.9,0.5,4,
2025-08-21T13:00:00-07:00,Phoenix,33.403055555556,-112.07527777778,62,o3,24,18,4.7,,1.2,62.2,43,20,1009.4,3.6,9.2,16
2025-08-22T01:00:00+05:30,Hyderabad (India),17.417094,78.457437,159,pm25,159,76,6,6.1,3.4,9,26,78.95666666666666,1012,2.0233333333333334,10.2,22
2025-08-22T05:00:00+09:00,Daegu,35.8714354,128.601445,59,pm25,59,19,12.5,3,2.8,18,7.1,71,1016,3.9,,
2025-08-22T05:00:00+09:00,Gyeonggi,37.4112,127.2579,53,pm25,53,17,14.3,2.6,4.7,0.4,25,94,1010.4,0.5,0.5,24
2025-08-22T04:00:00+09:00,Nagoya,35.1814464,136.906398,68,pm25,68,25,13,1.5,2.3,12.1,31.1,70.1,1009.7,1.5,,
2025-08-22T05:00:00+09:00,Fukuoka,33.5903547,130.4017155,25,pm25,25,14,7.5,1.5,2.3,4.8,25,88,1008,1.5,,
2025-08-22T04:00:00+09:00,Kawasaki,35.5309058,139.7030511,65,pm25,65,27,34.3,4.3,3.4,24.1,29,85.5,1010,2,,
2025-08-22T03:00:00+08:00,Shenzhen,22.543099,114.057868,57,pm25,57,50,18.3,5.6,8.2,6.1,28.3,88,1010,2.5,,
2025-08-22T04:00:00+08:00,Zhongshan (Taiwan),25.062361,121.526528,11,o3,74,10,5.3,0.6,1.9,11.1,26,83,1010,0.5,7.2,23
2025-08-22T04:00:00+08:00,Chongqing,29.56301,106.551557,76,pm25,76,30,5.5,3.6,4.6,15.5,27,78,1004,0.5,,
2025-08-21T22:00:00+03:00,Istanbul (Turkey),41.015278,29.025,46,pm25,46,21,15,1.5,13.6,26,22.5,84.2,1005.2,2.5,,19.7
2025-08-22T04:00:00+07:00,Hanoi,21.0491,105.8831,31,pm25,31,23,4,9,1,19,27,94,1008,2.5,,26
2025-08-22T04:00:00+07:00,Bangkok,13.7563309,100.5017651,25,pm25,25,15,0.6,0.6,0.1,4.8,25,100,1008,2,,
2025-08-22T02:00:00+05:30,Mumbai,19.0863,72.8888,15,so2,268,424,1.4,14.9,0.7,11.5,27,99.92,1006.2950000000001,43.385000000000005,9.7,25
2025-08-22T06:00:00+09:00,Seoul,37.566535,126.9779692,21,pm25,21,11,15.3,4.5,3.2,5.3,26.3,80.6,999.2,0.5,,
2025-08-22T05:00:00+08:00,Beijing,39.954592,116.468117,30,pm25,30,12,12.4,1.6,6.4,1.3,23,100,1005,0.5,,
2025-08-22T05:00:00+08:00,Shanghai,31.2047372,121.4489017,85,pm25,85,42,10.6,2.1,6.4,21.6,29,83,1007,2.5,,
2025-08-22T05:00:00+09:00,Shinjuku (Tokyo),35.713889,139.705556,61,pm25,61,30,10.2,1.5,2.3,36.1,27.8,82.3,1008.2,2.5,,24.5
2025-08-21T20:00:00+02:00,Paris,48.856614,2.3522219,47,pm25,47,26,13.9,0.6,0.1,33.5,18.3,64.6,1019.3,3,,
2025-08-21T23:00:00+02:00,Frankfurt,50.075464,8.576305,33,o3,20,14,,0.5,0.1,32.5,21.5,44.5,1012.5,5.6,11.8,9
2025-08-21T23:00:00+02:00,Hamburg,53.564486,9.96834,24,o3,13,12,2.3,1.6,0.1,24,13,82,1013,3.3,8.2,10
2025-08-22T05:00:00+08:00,Wuhan,30.593099,114.305393,38,pm25,38,15,7.4,2.6,4.6,,30,74,1006,3.6,,
2025-08-21T23:00:00+02:00,Warsaw (Poland),52.225171,21.014783,38,pm25,38,29,24.7,2,0.1,12,15,58,1007,0.5,12.3,7
2025-08-22T06:00:00+09:30,Winnellie (Australia),-12.424323299931126,130.89335024356842,43,pm25,43,14,7.1,1.1,2.9,5.8,19.6,75.4,1010,5,,15.7
2025-08-22T02:00:00+05:30,Bangalore (India),13.0270199,77.494094,62,pm10,45,62,7.6,1.8,,9.9,21,93.7,951.9666666666667,0.98,,19
2025-08-22T02:00:00+05:30,Chennai (India),13.1278,80.2642,58,pm25,58,43,2.5,0.8,0.5,,29.900000000000002,64.69999999999999,83068.7,0.8133333333333334,10.2,26
2025-08-21T15:00:00-04:00,Georgia,33.68797,-84.29048,56,o3,40,16,1.9,0.2,2.3,55.8,31.5,44.8,1010.8,0.4,3.8,
2025-08-21T14:00:00-07:00,Phoenix,33.403055555556,-112.07527777778,57,o3,30,19,4.7,,1.2,57.1,44,18,1008.1,3.6,9.2,15
2025-08-22T02:00:00+05:30,Hyderabad (India),17.417094,78.457437,157,pm25,157,73,4.3,5.6,2.5,8.1,26,78.57333333333334,1012,2.3666666666666667,10.2,22
2025-08-21T14:00:00-06:00,Denver,39.732146,-105.015317,30,pm10,25,30,7.4,0.6,2.7,26.4,33.8889,18,1020.9,5,10.3,
2025-08-22T05:00:00+09:00,Nagoya,35.1814464,136.906398,65,pm25,65,27,14.9,2.9,2.3,10.4,30,73,1010.2,1.7,,
2025-08-22T06:00:00+09:00,Fukuoka,33.5903547,130.4017155,34,pm25,34,15,8.4,1.5,2.3,4,25,88,1009,0.5,,
2025-08-22T05:00:00+09:00,Kawasaki,35.5309058,139.7030511,59,pm25,59,35,32.5,2.9,2.3,26.4,29,88,1010.5,2.4,,
2025-08-22T05:00:00+08:00,Shenzhen,22.543099,114.057868,59,pm25,59,48,17.4,4.6,8.2,7,28.3,98.2,1010,4.6,,
2025-08-22T05:00:00+08:00,Zhongshan (Taiwan),25.062361,121.526528,11,pm10,74,11,5,0.6,1.9,10.3,26,83,1010,0.5,7.2,23
2025-08-22T05:00:00+08:00,Chongqing,29.56301,106.551557,70,pm25,70,30,4.6,2.6,4.6,19.1,28,74,1004,1.5,,
2025-08-21T23:00:00+03:00,Istanbul (Turkey),41.015278,29.025,45,pm25,45,21,9.8,1.4,14,26.2,24,60,1011,2,15.4,16
2025-08-22T05:00:00+07:00,Hanoi,21.0491,105.8831,30,pm25,30,24,4,9,2,24,27,94,1007,3,,26
2025-08-22T05:00:00+07:00,Bangkok,13.7563309,100.5017651,26,pm25,26,10,0.6,0.6,0.1,4.8,25,100,1008,1,,
2025-08-22T03:00:00+05:30,Delhi,28.6341,77.2005,109,pm25,109,57,4.3,1.6,10.9,9.1,22,93.86666666666667,985.5,0.3,9.2,26
2025-08-22T04:00:00+05:30,Mumbai,19.0863,72.8888,15,so2,268,424,1.3,14.8,0.6,11.6,27,99.92,1005.8533333333334,43.379999999999995,9.7,24
2025-08-22T07:00:00+09:00,Seoul,37.566535,126.9779692,25,pm25,25,13,17.6,4.3,3.5,5.6,26.3,86.7,999.1,0.5,,
2025-08-22T06:00:00+08:00,Beijing,39.954592,116.468117,30,pm25,30,13,11.9,1.6,7.3,0.9,23,100,1006,1.5,,
2025-08-22T06:00:00+08:00,Shanghai,31.2047372,121.4489017,74,pm25,74,46,14.2,2.1,6.4,19.1,29,79,1008,1.5,,
2025-08-22T06:00:00+09:00,Shinjuku (Tokyo),35.713889,139.705556,61,pm25,61,22,12.1,1.5,2.3,36.1,28.8,77.2,1012.8,,0.2,
2025-08-22T06:00:00+09:00,Osaka,34.6937378,135.5021651,34,pm25,34,15,13.9,4.3,2.3,10.4,29,78,1011,1.8,,
2025-08-21T21:00:00+01:00,London,51.5073509,-0.1277583,30,pm25,30,18,7.8,0.5,1.1,18.4,14.2,65.3,1022.6,2.1,,
2025-08-22T00:00:00+02:00,Frankfurt,50.075464,8.576305,31,o3,17,12,,0.5,0.1,31,20.5,46,1013,4.6,11.8,8.5
2025-08-22T00:00:00+02:00,Hamburg,53.564486,9.96834,23,o3,13,12,2.8,1.6,0.1,23.2,13,79,1013,3,8.2,9.5
2025-08-22T01:00:00+03:00,Moscow,55.791842,37.578405,65,pm25,65,30,25.6,0.3,9.4,3.5,15,66,1013,3,4,
2025-08-22T06:00:00+08:00,Wuhan,30.593099,114.305393,30,pm25,30,19,7.4,2.6,1.9,,30,70,1006,4.6,,
2025-08-22T00:00:00+02:00,Warsaw (Poland),52.225171,21.014783,42,pm25,42,27,22.9,2,0.1,12,17,55,1007,2.5,12.3,8
2025-08-22T03:00:00+05:30,Bangalore (India),13.0270199,77.494094,58,pm10,45,58,8.1,0.9,,10.2,20,93.8,951.92,0.94,,19
2025-08-22T03:00:00+05:30,Chennai (India),13.1278,80.2642,65,pm25,65,48,2.6,0.5,1.9,,29.650000000000002,68.41,83041.3,0.9566666666666667,10.2,26
2025-08-21T16:00:00-04:00,Boston,42.325184,-71.05608,19,o3,18,10,1.9,0.6,2.3,19.2,18.5,76.6,1016.7,,,
2025-08-21T16:00:00-04:00,Georgia,33.68797,-84.29048,42,o3,35,16,1.9,0.2,2.7,41.6,25.8,57.1,1012,3.1,10.8,
2025-08-21T15:00:00-07:00,Phoenix,33.403055555556,-112.07527777778,56,o3,13,13,4.7,,1.2,55.8,44,18,1007.1,2.5,9.2,15
2025-08-22T03:00:00+05:30,Hyderabad (India),17.417094,78.457437,155,pm25,155,70,4.3,5.4,2.4,8.3,26,79.9,1012,2.4899999999999998,10.2,22
2025-08-21T15:00:00-06:00,Denver,39.732146,-105.015317,26,o3,21,22,6,0.6,2.1,26,34.4444,19,1020.7,6,11.3,
2025-08-22T06:00:00+09:00,Daegu,35.8714354,128.601445,63,pm25,63,22,18.4,2.9,3.3,8.4,7.1,71,1016,3.9,,
2025-08-22T06:00:00+09:00,Gyeonggi,37.4112,127.2579,42,pm25,42,19,11.8,2.8,4.6,0.8,26,94,1010.1,1,0.5,25
2025-08-22T06:00:00+09:00,Nagoya,35.1814464,136.906398,72,pm25,72,30,16.7,2.9,2.3,10.4,31.1,65,1010.8,2,,
2025-08-22T07:00:00+09:00,Fukuoka,33.5903547,130.4017155,30,pm25,30,15,9.3,1.5,3.4,4.8,26,88,1009,1.5,,
2025-08-22T06:00:00+09:00,Kawasaki,35.5309058,139.7030511,65,pm25,65,45,30.6,2.9,3.4,22.4,29,84,1011,1.7,,
2025-08-22T06:00:00+08:00,Shenzhen,22.543099,114.057868,53,pm25,53,43,16,4.1,7.3,7.4,28.3,90.6,1010.1,3.6,,
2025-08-22T06:00:00+08:00,Zhongshan (Taiwan),25.062361,121.526528,12,pm10,74,12,5.3,0.6,1.9,9.4,26,83,1010,1,7.2,23
2025-08-22T06:00:00+08:00,Chongqing,29.56301,106.551557,70,pm25,70,33,6,2.6,4.6,18.3,27,78,1004,1.5,,
2025-08-22T01:00:00+03:00,Istanbul (Turkey),41.015278,29.025,43,pm25,43,21,12,1.6,14.7,26,23,64,1011,2,15.4,16
